stateCode,facilityName,facilityId,unitId,associatedStacks,year,countOpTime,sumOpTime,grossLoad,steamLoad,so2Mass,so2Rate,co2Mass,co2Rate,noxMass,noxRate,heatInput,primaryFuelInfo,secondaryFuelInfo,unitType,so2ControlInfo,noxControlInfo,pmControlInfo,hgControlInfo,programCodeInfo
NY,Danskammer Generating Station,2480,1,NA,1995,NA,NA,NA,NA,1,NA,50077,NA,69,NA,1307483,Pipeline Natural Gas,Residual Oil,Tangentially-fired,NA,NA,Electrostatic Precipitator,NA,ARP
NY,Danskammer Generating Station,2480,1,NA,1996,NA,NA,NA,NA,0.1,NA,4673,NA,4,NA,78890,Pipeline Natural Gas,Residual Oil,Tangentially-fired,NA,NA,Electrostatic Precipitator,NA,ARP
NY,Danskammer Generating Station,2480,1,NA,1997,667,642.75,24788.75,NA,0.08,0.001,15523.875,0.0584,14.987,0.1107,262587.025,Pipeline Natural Gas,Residual Oil,Tangentially-fired,NA,NA,Electrostatic Precipitator,NA,ARP
NY,Danskammer Generating Station,2480,1,NA,1998,1821,1754,66175.5,NA,0.609,0.003,49947.8,0.064,54.586,0.135,806611.875,Pipeline Natural Gas,Residual Oil,Tangentially-fired,NA,NA,Electrostatic Precipitator,NA,ARP
NY,Danskammer Generating Station,2480,1,NA,1999,1767,1708.25,60866.25,NA,11.275,0.0347,48533.05,0.0604,51.102,0.1294,804584.025,Pipeline Natural Gas,Residual Oil,Tangentially-fired,NA,NA,Electrostatic Precipitator,NA,"ARP, OTC"
NY,Danskammer Generating Station,2480,1,NA,2000,2954,2848.75,83270,NA,150.895,0.2517,80893.05,0.0654,119.785,0.1637,1233157.6,Residual Oil,Pipeline Natural Gas,Tangentially-fired,NA,NA,NA,NA,"ARP, OTC"
NY,Danskammer Generating Station,2480,1,NA,2001,996,955,28685.25,NA,107.559,0.5424,31197.05,0.0764,48.339,0.2,408589.175,Residual Oil,Pipeline Natural Gas,Tangentially-fired,NA,NA,NA,NA,"ARP, OTC"
NY,Danskammer Generating Station,2480,1,NA,2002,434,420.5,13065.25,NA,43.532,0.326,15241.45,0.0703,21.34,0.1654,207203.275,Residual Oil,Pipeline Natural Gas,Tangentially-fired,NA,NA,NA,NA,"ARP, OTC"
NY,Danskammer Generating Station,2480,1,NA,2003,190,187.5,5578,NA,26.779,0.4321,7336.6,0.0712,11.027,0.1821,99083.8,Residual Oil,Pipeline Natural Gas,Tangentially-fired,NA,NA,NA,NA,"ARP, NBP"
NY,Danskammer Generating Station,2480,1,NA,2004,144,138.25,3057,NA,19.35,0.6467,3871.575,0.0762,5.674,0.1671,48570.35,Residual Oil,Pipeline Natural Gas,Tangentially-fired,NA,NA,NA,NA,"ARP, NBP"
NY,Danskammer Generating Station,2480,1,NA,2005,2886,2778.75,113863,NA,676.138,0.7943,131247.8,0.0807,189.242,0.21,1622866.75,Residual Oil,Pipeline Natural Gas,Tangentially-fired,NA,NA,NA,NA,"ARP, NBP"
NY,Danskammer Generating Station,2480,1,NA,2006,274,264.25,9169,NA,56.803,0.75,11891.4,0.0802,18.581,0.2129,147152.725,Residual Oil,Pipeline Natural Gas,Tangentially-fired,NA,NA,NA,NA,"ARP, NBP"
NY,Danskammer Generating Station,2480,1,NA,2007,668,642.62,30536.19,NA,156.363,0.6256,36525.272,0.0805,65.45,0.2605,452252.454,Residual Oil,Pipeline Natural Gas,Tangentially-fired,NA,NA,NA,NA,"ARP, NBP"
NY,Danskammer Generating Station,2480,1,NA,2008,156,140.19,6295.19,NA,20.97,0.5452,4498.431,0.0585,7.518,0.2267,57979.121,Residual Oil,Pipeline Natural Gas,Tangentially-fired,NA,NA,NA,NA,"ARP, CAIRNOX, CAIROS, NBP"
NY,Danskammer Generating Station,2480,1,NA,2009,266,243.32,13314.69,NA,84.402,0.648,17156.541,0.0678,27.088,0.2299,221334.41,Residual Oil,Pipeline Natural Gas,Tangentially-fired,NA,NA,NA,NA,"ARP, CAIRNOX, CAIROS, CAIRSO2, RGGI"
NY,Danskammer Generating Station,2480,1,NA,2010,131,118.14,3192.98,NA,15.261,0.6641,3946.135,0.0724,6.745,0.2004,54513.716,Residual Oil,Pipeline Natural Gas,Tangentially-fired,NA,NA,NA,NA,"ARP, CAIRNOX, CAIROS, CAIRSO2, RGGI"
NY,Danskammer Generating Station,2480,1,NA,2011,199,187.57,6826.72,NA,25.964,0.3607,7587.241,0.0675,12.205,0.1779,109372.833,Residual Oil,Pipeline Natural Gas,Tangentially-fired,NA,NA,NA,NA,"ARP, CAIRNOX, CAIROS, CAIRSO2, RGGI"
NY,Danskammer Generating Station,2480,1,NA,2012,177,165.71,4876.02,NA,0.027,7e-4,5472.055,0.0591,12.823,0.1389,92314.463,Residual Oil,Pipeline Natural Gas,Tangentially-fired,NA,NA,NA,NA,"ARP, CAIRNOX, CAIROS, CAIRSO2, RGGI"
NY,Danskammer Generating Station,2480,1,NA,2013,0,0,NA,NA,NA,NA,NA,NA,NA,NA,NA,Residual Oil,Pipeline Natural Gas,Tangentially-fired,NA,NA,NA,NA,"ARP, CAIRNOX, CAIROS, CAIRSO2"
NY,Danskammer Generating Station,2480,1,NA,2014,35,32.04,303.14,NA,0.016,0.001,3139.92,0.059,12.183,0.46,52968.528,"Residual Oil, Pipeline Natural Gas","Residual Oil, Pipeline Natural Gas",Tangentially-fired,NA,NA,NA,NA,"ARP, CAIRNOX, CAIROS, CAIRSO2, RGGI"
NY,Danskammer Generating Station,2480,1,NA,2015,71,66.57,1441.13,NA,0.91,0.0567,6221.338,0.0596,23.676,0.4394,104623.919,Pipeline Natural Gas,Residual Oil,Tangentially-fired,NA,NA,NA,NA,"ARP, CSNOX, CSNOXOS, CSSO2G1, RGGI"
NY,Danskammer Generating Station,2480,1,NA,2016,161,150.63,3043.83,NA,7.143,0.2638,2854.957,0.0626,2.541,0.0905,44920.111,Pipeline Natural Gas,Residual Oil,Tangentially-fired,NA,NA,NA,NA,"ARP, CSNOX, CSNOXOS, CSSO2G1, RGGI"
NY,Danskammer Generating Station,2480,1,NA,2017,47,38.47,994.96,NA,0.004,6e-4,811.819,0.0593,0.744,0.073,13690.742,Pipeline Natural Gas,Residual Oil,Tangentially-fired,NA,NA,NA,NA,"ARP, CSNOX, CSOSG2, CSSO2G1, RGGI"
NY,Danskammer Generating Station,2480,1,NA,2018,132,120.62,2844.85,NA,2.192,0.0439,3422.918,0.0599,2.105,0.0586,56267.869,Pipeline Natural Gas,Residual Oil,Tangentially-fired,NA,NA,NA,NA,"ARP, CSNOX, CSOSG2, CSSO2G1, RGGI"
NY,Danskammer Generating Station,2480,1,NA,2019,53,48.84,1320.96,NA,0.006,7e-4,1191.988,0.059,1.029,0.0743,20107.065,Pipeline Natural Gas,Residual Oil,Tangentially-fired,NA,NA,NA,NA,"ARP, CSNOX, CSOSG2, CSSO2G1, RGGI"
NY,Danskammer Generating Station,2480,1,NA,2020,46,42.26,1202.78,NA,0.005,9e-4,1031.047,0.0591,0.905,0.0708,17395.154,Pipeline Natural Gas,Residual Oil,Tangentially-fired,NA,NA,NA,NA,"ARP, CSNOX, CSOSG2, CSSO2G1, RGGI"
NY,Danskammer Generating Station,2480,1,NA,2021,54,50.39,1670.6,NA,0.014,0.2282,1343.962,0.0595,1.079,0.0683,22676.618,Pipeline Natural Gas,Residual Oil,Tangentially-fired,NA,NA,NA,NA,"ARP, CSNOX, CSOSG3, CSSO2G1, RGGI"
NY,Danskammer Generating Station,2480,1,NA,2022,44,40.7,1225.46,NA,0.005,9e-4,1041.872,0.0591,0.742,0.0644,17569.146,Pipeline Natural Gas,Residual Oil,Tangentially-fired,NA,NA,NA,NA,"ARP, CSNOX, CSOSG3, CSSO2G1, RGGI"
NY,Danskammer Generating Station,2480,1,NA,2023,72,67.14,1582.16,NA,0.007,8e-4,1375.56,0.0591,0.943,0.0563,23203.442,Pipeline Natural Gas,Residual Oil,Tangentially-fired,NA,NA,NA,NA,"ARP, CSNOX, CSOSG3, CSSO2G1, RGGI"
NY,Danskammer Generating Station,2480,1,NA,2024,96,90.48,2155.93,NA,0.009,7e-4,1732.677,0.0592,1.221,0.0619,29222.245,Pipeline Natural Gas,NA,Tangentially-fired,NA,NA,NA,NA,"ARP, CSNOX, CSOSG2E, CSSO2G1, RGGI"
NY,Danskammer Generating Station,2480,2,NA,1995,NA,NA,NA,NA,2,NA,127140,NA,49,NA,1638802,Pipeline Natural Gas,Residual Oil,Tangentially-fired,NA,NA,Electrostatic Precipitator,NA,ARP
NY,Danskammer Generating Station,2480,2,NA,1996,NA,NA,NA,NA,0.3,NA,14585,NA,14,NA,246128,Pipeline Natural Gas,Residual Oil,Tangentially-fired,NA,NA,Electrostatic Precipitator,NA,ARP
NY,Danskammer Generating Station,2480,2,NA,1997,1526,1469,57016,NA,1.152,0.0024,45037.3,0.0586,47.046,0.1281,765389.95,Pipeline Natural Gas,Residual Oil,Tangentially-fired,NA,NA,Electrostatic Precipitator,NA,ARP
NY,Danskammer Generating Station,2480,2,NA,1998,2340,2252.75,89821.25,NA,2.571,0.0066,66551.875,0.0585,100.993,0.1707,1123077.5,Pipeline Natural Gas,Residual Oil,Tangentially-fired,NA,NA,Electrostatic Precipitator,NA,ARP
NY,Danskammer Generating Station,2480,2,NA,1999,2153,2086.25,70690.25,NA,38.746,0.1005,54087.95,0.0603,72.626,0.167,896399.35,Pipeline Natural Gas,Residual Oil,Tangentially-fired,NA,NA,Electrostatic Precipitator,NA,"ARP, OTC"
NY,Danskammer Generating Station,2480,2,NA,2000,4038,3878.5,122140,NA,194.866,0.2695,105724.75,0.0651,171.179,0.1939,1619097.8,Residual Oil,Pipeline Natural Gas,Tangentially-fired,NA,NA,NA,NA,"ARP, OTC"
NY,Danskammer Generating Station,2480,2,NA,2001,1351,1299.5,38431.5,NA,190.793,0.8952,41506.45,0.0762,71.38,0.2246,542637.15,Residual Oil,Pipeline Natural Gas,Tangentially-fired,NA,NA,NA,NA,"ARP, OTC"
NY,Danskammer Generating Station,2480,2,NA,2002,814,799.25,27025.25,NA,102.254,0.4568,28413,0.072,44.919,0.2101,384265.275,Residual Oil,Pipeline Natural Gas,Tangentially-fired,NA,NA,NA,NA,"ARP, OTC"
NY,Danskammer Generating Station,2480,2,NA,2003,454,442.75,16413,NA,62.285,0.4886,15458.925,0.0724,22.984,0.1865,205743.475,Residual Oil,Pipeline Natural Gas,Tangentially-fired,NA,NA,NA,NA,"ARP, NBP"
NY,Danskammer Generating Station,2480,2,NA,2004,461,443,16282.75,NA,85.722,0.7975,16397.65,0.0806,26.586,0.218,202669.8,Residual Oil,Pipeline Natural Gas,Tangentially-fired,NA,NA,NA,NA,"ARP, NBP"
NY,Danskammer Generating Station,2480,2,NA,2005,2109,2031.25,79250.5,NA,320.537,0.8179,61165.475,0.0807,108.015,0.2561,756000.9,Residual Oil,Pipeline Natural Gas,Tangentially-fired,NA,NA,NA,NA,"ARP, NBP"
NY,Danskammer Generating Station,2480,2,NA,2006,364,350.5,12218.25,NA,54.041,0.6909,11278.475,0.0771,18.912,0.2205,144522.35,Residual Oil,Pipeline Natural Gas,Tangentially-fired,NA,NA,NA,NA,"ARP, NBP"
NY,Danskammer Generating Station,2480,2,NA,2007,829,794.47,32216.24,NA,129.06,0.6005,31899.781,0.0766,50.653,0.2248,408032.089,Residual Oil,Pipeline Natural Gas,Tangentially-fired,NA,NA,NA,NA,"ARP, NBP"
NY,Danskammer Generating Station,2480,2,NA,2008,178,168.36,7428.48,NA,32.339,0.6008,7661.264,0.076,11.189,0.1986,100496.118,Residual Oil,Pipeline Natural Gas,Tangentially-fired,NA,NA,NA,NA,"ARP, CAIRNOX, CAIROS, NBP"
NY,Danskammer Generating Station,2480,2,NA,2009,283,267.03,11437.61,NA,49.652,0.5967,10867.998,0.0738,15.627,0.1937,142576.011,Residual Oil,Pipeline Natural Gas,Tangentially-fired,NA,NA,NA,NA,"ARP, CAIRNOX, CAIROS, CAIRSO2, RGGI"
NY,Danskammer Generating Station,2480,2,NA,2010,161,152.46,4728.86,NA,24.381,0.7134,4850.133,0.074,6.821,0.1812,64366.396,Residual Oil,Pipeline Natural Gas,Tangentially-fired,NA,NA,NA,NA,"ARP, CAIRNOX, CAIROS, CAIRSO2, RGGI"
NY,Danskammer Generating Station,2480,2,NA,2011,264,245.52,7441.87,NA,35.416,0.597,8373.508,0.0687,10.738,0.1585,118028.668,Residual Oil,Pipeline Natural Gas,Tangentially-fired,NA,NA,NA,NA,"ARP, CAIRNOX, CAIROS, CAIRSO2, RGGI"
NY,Danskammer Generating Station,2480,2,NA,2012,164,156.5,4820.06,NA,0.02,8e-4,3921.393,0.057,5.209,0.1173,66155.821,Residual Oil,Pipeline Natural Gas,Tangentially-fired,NA,NA,NA,NA,"ARP, CAIRNOX, CAIROS, CAIRSO2, RGGI"
NY,Danskammer Generating Station,2480,2,NA,2013,0,0,NA,NA,NA,NA,NA,NA,NA,NA,NA,Residual Oil,Pipeline Natural Gas,Tangentially-fired,NA,NA,NA,NA,"ARP, CAIRNOX, CAIROS, CAIRSO2"
NY,Danskammer Generating Station,2480,2,NA,2014,35,32.98,562.44,NA,0.012,0.001,2321.792,0.059,9.004,0.46,39143.962,"Residual Oil, Pipeline Natural Gas","Residual Oil, Pipeline Natural Gas",Tangentially-fired,NA,NA,NA,NA,"ARP, CAIRNOX, CAIROS, CAIRSO2, RGGI"
NY,Danskammer Generating Station,2480,2,NA,2015,142,129.26,3579.05,NA,2.711,0.0442,9314.344,0.0598,35.469,0.4527,155449.134,Pipeline Natural Gas,Residual Oil,Tangentially-fired,NA,NA,NA,NA,"ARP, CSNOX, CSNOXOS, CSSO2G1, RGGI"
NY,Danskammer Generating Station,2480,2,NA,2016,137,128.85,2523.62,NA,5.033,0.2629,1986.013,0.0489,2.699,0.1121,31697.433,Pipeline Natural Gas,Residual Oil,Tangentially-fired,NA,NA,NA,NA,"ARP, CSNOX, CSNOXOS, CSSO2G1, RGGI"
NY,Danskammer Generating Station,2480,2,NA,2017,49,40.08,956.12,NA,0.005,8e-4,902.38,0.0591,0.68,0.0653,15221.657,Pipeline Natural Gas,Residual Oil,Tangentially-fired,NA,NA,NA,NA,"ARP, CSNOX, CSOSG2, CSSO2G1, RGGI"
NY,Danskammer Generating Station,2480,2,NA,2018,141,132.47,2826.34,NA,0.012,6e-4,2501.274,0.0579,2.665,0.0871,42191.006,Pipeline Natural Gas,Residual Oil,Tangentially-fired,NA,NA,NA,NA,"ARP, CSNOX, CSOSG2, CSSO2G1, RGGI"
NY,Danskammer Generating Station,2480,2,NA,2019,50,44.92,1316.2,NA,0.005,5e-4,1065.725,0.0544,1.003,0.0738,17982.235,Pipeline Natural Gas,Residual Oil,Tangentially-fired,NA,NA,NA,NA,"ARP, CSNOX, CSOSG2, CSSO2G1, RGGI"
NY,Danskammer Generating Station,2480,2,NA,2020,46,43.29,1248,NA,0.007,0.001,1241.308,0.0591,1.011,0.074,20936.764,Pipeline Natural Gas,Residual Oil,Tangentially-fired,NA,NA,NA,NA,"ARP, CSNOX, CSOSG2, CSSO2G1, RGGI"
NY,Danskammer Generating Station,2480,2,NA,2021,49,45.63,1360,NA,0.007,9e-4,1333.018,0.0591,1.237,0.083,22486.923,Pipeline Natural Gas,Residual Oil,Tangentially-fired,NA,NA,NA,NA,"ARP, CSNOX, CSOSG3, CSSO2G1, RGGI"
NY,Danskammer Generating Station,2480,2,NA,2022,50,45.96,1283.4,NA,0.005,7e-4,1004.662,0.0591,0.917,0.0783,16951.637,Pipeline Natural Gas,Residual Oil,Tangentially-fired,NA,NA,NA,NA,"ARP, CSNOX, CSOSG3, CSSO2G1, RGGI"
NY,Danskammer Generating Station,2480,2,NA,2023,53,47.05,1404.42,NA,0.006,8e-4,1089.178,0.0591,0.817,0.0698,18378.245,Pipeline Natural Gas,Residual Oil,Tangentially-fired,NA,NA,NA,NA,"ARP, CSNOX, CSOSG3, CSSO2G1, RGGI"
NY,Danskammer Generating Station,2480,2,NA,2024,100,95.27,2236.02,NA,0.009,9e-4,1815.96,0.0591,1.658,0.09,30636.859,Pipeline Natural Gas,NA,Tangentially-fired,NA,NA,NA,NA,"ARP, CSNOX, CSOSG2E, CSSO2G1, RGGI"
NY,Danskammer Generating Station,2480,3,NA,1995,NA,NA,NA,NA,3383,NA,819082,NA,1688,NA,8406288,Coal,Pipeline Natural Gas,Tangentially-fired,NA,Low NOx Burner Technology w/ Separated OFA|Overfire Air,Electrostatic Precipitator,NA,ARP
NY,Danskammer Generating Station,2480,3,NA,1996,NA,NA,NA,NA,4021,NA,897792,NA,1724,NA,8800289,Coal,Pipeline Natural Gas,Tangentially-fired,NA,Low NOx Burner Technology w/ Separated OFA|Overfire Air,Electrostatic Precipitator,NA,ARP
NY,Danskammer Generating Station,2480,3,NA,1997,8024,8018.25,940553.25,NA,3877.008,0.9263,847239.675,0.1019,1825.569,0.4349,8302825.125,Coal,Pipeline Natural Gas,Tangentially-fired,NA,Low NOx Burner Technology w/ Separated OFA|Overfire Air,Electrostatic Precipitator,NA,ARP
NY,Danskammer Generating Station,2480,3,NA,1998,8160,8145,999425.5,NA,4144.737,0.9478,873002.15,0.101,1863.779,0.4272,8630434.55,Coal,Pipeline Natural Gas,Tangentially-fired,NA,Low NOx Burner Technology w/ Separated OFA|Overfire Air,Electrostatic Precipitator,NA,ARP
NY,Danskammer Generating Station,2480,3,NA,1999,8210,8188.5,990685.25,NA,3677.156,0.86,824156.425,0.0972,1620.453,0.3817,8468597.375,Coal,Pipeline Natural Gas,Tangentially-fired,NA,Low NOx Burner Technology w/ Separated OFA|Overfire Air,Electrostatic Precipitator,NA,"ARP, OTC"
NY,Danskammer Generating Station,2480,3,NA,2000,7151,7130.25,919426.75,NA,3609.283,0.9107,784545.425,0.101,1679.277,0.4252,7709449.975,Coal,Pipeline Natural Gas,Tangentially-fired,NA,Low NOx Burner Technology w/ Separated OFA|Overfire Air,Electrostatic Precipitator,NA,"ARP, OTC"
NY,Danskammer Generating Station,2480,3,NA,2001,8163,8152.5,1118352.75,NA,4388.296,0.9499,925559.375,0.1011,1963.825,0.4245,9121290.375,Coal,Pipeline Natural Gas,Tangentially-fired,NA,Low NOx Burner Technology w/ Separated OFA|Overfire Air,Electrostatic Precipitator,NA,"ARP, OTC"
NY,Danskammer Generating Station,2480,3,NA,2002,7378,7366.5,969775,NA,3644.534,0.9329,778780.625,0.1003,1490.111,0.3811,7730124,Coal,Pipeline Natural Gas,Tangentially-fired,NA,Low NOx Burner Technology w/ Separated OFA|Overfire Air,Electrostatic Precipitator,NA,"ARP, OTC"
NY,Danskammer Generating Station,2480,3,NA,2003,8338,8329,1099218,NA,4218.36,0.9292,919601.375,0.1023,1163.436,0.2562,8986497.175,Coal,Pipeline Natural Gas,Tangentially-fired,NA,Low NOx Burner Technology w/ Separated OFA|Overfire Air,Electrostatic Precipitator,NA,"ARP, NBP"
NY,Danskammer Generating Station,2480,3,NA,2004,7835,7826,1011193,NA,3829.534,0.9493,819117.275,0.1024,992.594,0.247,7990259.425,Coal,Pipeline Natural Gas,Tangentially-fired,NA,Low NOx Burner Technology w/ Separated OFA|Overfire Air,Electrostatic Precipitator,NA,"ARP, NBP"
NY,Danskammer Generating Station,2480,3,NA,2005,7870,7852.5,1010248.75,NA,3800.525,0.8914,856235.85,0.1019,1097.721,0.2595,8360963.5,Coal,Pipeline Natural Gas,Tangentially-fired,NA,Low NOx Burner Technology w/ Separated OFA|Overfire Air,Electrostatic Precipitator,NA,"ARP, NBP"
NY,Danskammer Generating Station,2480,3,NA,2006,5725,5711.25,687677,NA,3075.774,0.8864,685966.65,0.1012,819.654,0.2396,6710242.375,Coal,Pipeline Natural Gas,Tangentially-fired,NA,"Low NOx Burner Technology w/ Separated OFA|Overfire Air (Retired Sep 30, 2006)",Electrostatic Precipitator,NA,"ARP, NBP"
NY,Danskammer Generating Station,2480,3,NA,2007,8161,8147.01,1046100.1,NA,4760.675,0.9198,1044631.776,0.1024,1184.663,0.2294,10190494.687,Coal,Pipeline Natural Gas,Tangentially-fired,NA,Low NOx Burner Technology w/ Separated OFA,Electrostatic Precipitator,NA,"ARP, NBP"
NY,Danskammer Generating Station,2480,3,NA,2008,8191,8184.19,1052503.22,NA,4752.992,0.9325,1036528.188,0.1026,1127.845,0.2209,10107479.487,Coal,Pipeline Natural Gas,Tangentially-fired,NA,Low NOx Burner Technology w/ Separated OFA,Electrostatic Precipitator,NA,"ARP, CAIRNOX, CAIROS, NBP"
NY,Danskammer Generating Station,2480,3,NA,2009,7137,7128.63,816459.54,NA,3778.586,0.9391,813472.907,0.1024,917.372,0.2271,7936341.7,Coal,Pipeline Natural Gas,Tangentially-fired,NA,Low NOx Burner Technology w/ Separated OFA,Electrostatic Precipitator,NA,"ARP, CAIRNOX, CAIROS, CAIRSO2, RGGI"
NY,Danskammer Generating Station,2480,3,NA,2010,6244,6215.69,712826.56,NA,3328.141,0.9163,708179.511,0.1006,862.008,0.2393,6938470.721,Coal,Pipeline Natural Gas,Tangentially-fired,NA,Low NOx Burner Technology w/ Separated OFA,Electrostatic Precipitator,NA,"ARP, CAIRNOX, CAIROS, CAIRSO2, RGGI"
NY,Danskammer Generating Station,2480,3,NA,2011,3666,3628,348819.53,NA,1657.683,0.8176,349809.179,0.096,424.251,0.21560000000000001,3432199.313,Coal,Pipeline Natural Gas,Tangentially-fired,NA,Low NOx Burner Technology w/ Separated OFA,Electrostatic Precipitator,NA,"ARP, CAIRNOX, CAIROS, CAIRSO2, RGGI"
NY,Danskammer Generating Station,2480,3,NA,2012,1456,1435.87,99347.16,NA,484.541,0.6733,110483.421,0.0908,138.321,0.197,1110497.8,Coal,Pipeline Natural Gas,Tangentially-fired,NA,Low NOx Burner Technology w/ Separated OFA,Electrostatic Precipitator,NA,"ARP, CAIRNOX, CAIROS, CAIRSO2, RGGI"
NY,Danskammer Generating Station,2480,3,NA,2013,0,0,NA,NA,NA,NA,NA,NA,NA,NA,NA,Coal,Pipeline Natural Gas,Tangentially-fired,NA,Low NOx Burner Technology w/ Separated OFA,Electrostatic Precipitator,NA,"ARP, CAIRNOX, CAIROS, CAIRSO2"
NY,Danskammer Generating Station,2480,3,NA,2014,46,42.4,1383.2,NA,11.065,0.366,3307.2,0.059,6.47,0.232,55785.68,"Coal, Pipeline Natural Gas",Pipeline Natural Gas,Tangentially-fired,NA,Low NOx Burner Technology w/ Separated OFA,Electrostatic Precipitator,NA,"ARP, CAIRNOX, CAIROS, CAIRSO2"
NY,Danskammer Generating Station,2480,3,NA,2015,290,280.76,18360.57,NA,0.068,9e-4,13205.098,0.059,12.878,0.0906,222765.796,Pipeline Natural Gas,NA,Tangentially-fired,NA,Low NOx Burner Technology w/ Separated OFA,Electrostatic Precipitator,NA,"ARP, CSNOX, CSNOXOS, CSSO2G1, RGGI"
NY,Danskammer Generating Station,2480,3,NA,2016,219,208.93,8407.62,NA,0.028,9e-4,5506.707,0.0591,2.621,0.0444,92904.508,Pipeline Natural Gas,NA,Tangentially-fired,NA,Low NOx Burner Technology w/ Separated OFA,Electrostatic Precipitator,NA,"ARP, CSNOX, CSNOXOS, CSSO2G1, RGGI"
NY,Danskammer Generating Station,2480,3,NA,2017,57,49.46,2205,NA,0.006,5e-4,1321.398,0.0551,0.948,0.0541,22294.721,Pipeline Natural Gas,NA,Tangentially-fired,NA,Low NOx Burner Technology w/ Separated OFA,Electrostatic Precipitator,NA,"ARP, CSNOX, CSOSG2, CSSO2G1, RGGI"
NY,Danskammer Generating Station,2480,3,NA,2018,298,291.77,15395.62,NA,0.072,9e-4,13968.698,0.059,22.117,0.1705,235658.32,Pipeline Natural Gas,NA,Tangentially-fired,NA,Low NOx Burner Technology w/ Separated OFA,Electrostatic Precipitator,NA,"ARP, CSNOX, CSOSG2, CSSO2G1, RGGI"
NY,Danskammer Generating Station,2480,3,NA,2019,52,48.36,2958.42,NA,0.01,9e-4,1910.195,0.0581,1.45,0.0631,32221.203,Pipeline Natural Gas,NA,Tangentially-fired,NA,Low NOx Burner Technology w/ Separated OFA,Electrostatic Precipitator,NA,"ARP, CSNOX, CSOSG2, CSSO2G1, RGGI"
NY,Danskammer Generating Station,2480,3,NA,2020,49,46.98,2727.68,NA,0.009,9e-4,1763.568,0.0591,1.116,0.0597,29748.256,Pipeline Natural Gas,NA,Tangentially-fired,NA,Low NOx Burner Technology w/ Separated OFA,Electrostatic Precipitator,NA,"ARP, CSNOX, CSOSG2, CSSO2G1, RGGI"
NY,Danskammer Generating Station,2480,3,NA,2021,51,48.72,2952.17,NA,0.009,0.001,1798.531,0.0592,1.236,0.0583,30333.165,Pipeline Natural Gas,NA,Tangentially-fired,NA,Low NOx Burner Technology w/ Separated OFA,Electrostatic Precipitator,NA,"ARP, CSNOX, CSOSG3, CSSO2G1, RGGI"
NY,Danskammer Generating Station,2480,3,NA,2022,129,120.99,5854.09,NA,0.019,8e-4,3724.852,0.0587,2.622,0.0618,62836.721,Pipeline Natural Gas,NA,Tangentially-fired,NA,Low NOx Burner Technology w/ Separated OFA,Electrostatic Precipitator,NA,"ARP, CSNOX, CSOSG3, CSSO2G1, RGGI"
NY,Danskammer Generating Station,2480,3,NA,2023,99,95.68,4826.24,NA,0.015,8e-4,2872.604,0.0591,1.977,0.0621,48459.489,Pipeline Natural Gas,NA,Tangentially-fired,NA,Low NOx Burner Technology w/ Separated OFA,Electrostatic Precipitator,NA,"ARP, CSNOX, CSOSG3, CSSO2G1, RGGI"
NY,Danskammer Generating Station,2480,3,NA,2024,100,96.78,4549.43,NA,0.014,7e-4,2720.154,0.059,1.34,0.0431,45890.555,Pipeline Natural Gas,NA,Tangentially-fired,NA,Low NOx Burner Technology w/ Separated OFA,Electrostatic Precipitator,NA,"ARP, CSNOX, CSOSG2E, CSSO2G1, RGGI"
NY,Danskammer Generating Station,2480,4,NA,1995,NA,NA,NA,NA,4824,NA,1223373,NA,2413,NA,11719395,Coal,Pipeline Natural Gas,Tangentially-fired,NA,Low NOx Burner Technology w/ Separated OFA|Overfire Air,Electrostatic Precipitator,NA,ARP
NY,Danskammer Generating Station,2480,4,NA,1996,NA,NA,NA,NA,6323.6,NA,1398891,NA,2659,NA,13843259,Coal,Pipeline Natural Gas,Tangentially-fired,NA,Low NOx Burner Technology w/ Separated OFA|Overfire Air,Electrostatic Precipitator,NA,ARP
NY,Danskammer Generating Station,2480,4,NA,1997,8023,8011.25,1501519,NA,7345.145,0.9113,1617109.425,0.1012,3674.804,0.4487,15911875.425,Coal,Pipeline Natural Gas,Tangentially-fired,NA,Low NOx Burner Technology w/ Separated OFA|Overfire Air,Electrostatic Precipitator,NA,ARP
NY,Danskammer Generating Station,2480,4,NA,1998,8640,8632.25,1729739.25,NA,9790.081,1.0149,1961154.5,0.1022,4418.233,0.4554,19226836.925,Coal,Pipeline Natural Gas,Tangentially-fired,NA,Low NOx Burner Technology w/ Separated OFA|Overfire Air,Electrostatic Precipitator,NA,ARP
NY,Danskammer Generating Station,2480,4,NA,1999,7485,7468.25,1415073.75,NA,7249.199,0.9631,1499636.8,0.1009,2965.247,0.397,14794089.825,Coal,Pipeline Natural Gas,Tangentially-fired,NA,Low NOx Burner Technology w/ Separated OFA|Overfire Air,Electrostatic Precipitator,NA,"ARP, OTC"
NY,Danskammer Generating Station,2480,4,NA,2000,8337,8321.5,1724476.25,NA,8469.603,0.9328,1811907.775,0.1012,3419.884,0.3774,17842703.75,Coal,Pipeline Natural Gas,Tangentially-fired,NA,Low NOx Burner Technology w/ Separated OFA|Overfire Air,Electrostatic Precipitator,NA,"ARP, OTC"
NY,Danskammer Generating Station,2480,4,NA,2001,7136,7126,1514993.25,NA,7693.82,0.9555,1577574.175,0.0997,2974.54,0.3707,15677414.3,Coal,Pipeline Natural Gas,Tangentially-fired,NA,Low NOx Burner Technology w/ Separated OFA|Overfire Air,Electrostatic Precipitator,NA,"ARP, OTC"
NY,Danskammer Generating Station,2480,4,NA,2002,7557,7542.75,1560802.25,NA,8329.6,0.9356,1741627.25,0.0992,3328.503,0.3721,17383626.9,Coal,Pipeline Natural Gas,Tangentially-fired,NA,Low NOx Burner Technology w/ Separated OFA|Overfire Air,Electrostatic Precipitator,NA,"ARP, OTC"
NY,Danskammer Generating Station,2480,4,NA,2003,6826,6820,1418736.5,NA,6949.428,0.9279,1498110.15,0.1018,2091.81,0.278,14618900.425,Coal,Pipeline Natural Gas,Tangentially-fired,NA,Low NOx Burner Technology w/ Separated OFA|Overfire Air,Electrostatic Precipitator,NA,"ARP, NBP"
NY,Danskammer Generating Station,2480,4,NA,2004,6334,6325,1301235.5,NA,6092.466,0.9277,1306936.575,0.1016,1593.515,0.2426,12762991.425,Coal,Pipeline Natural Gas,Tangentially-fired,NA,Low NOx Burner Technology w/ Separated OFA|Overfire Air,Electrostatic Precipitator,NA,"ARP, NBP"
NY,Danskammer Generating Station,2480,4,NA,2005,7259,7240,1462041.75,NA,6258.169,0.9109,1358294.6,0.1011,1903.629,0.2798,13315923.7,Coal,Pipeline Natural Gas,Tangentially-fired,NA,Low NOx Burner Technology w/ Separated OFA|Overfire Air,Electrostatic Precipitator,NA,"ARP, NBP"
NY,Danskammer Generating Station,2480,4,NA,2006,8108,8098.25,1655069.75,NA,7452.157,0.9075,1659542.325,0.1023,2444.308,0.2983,16191954.825,Coal,Pipeline Natural Gas,Tangentially-fired,NA,"Low NOx Burner Technology w/ Separated OFA|Overfire Air (Retired Sep 30, 2006)",Electrostatic Precipitator,NA,"ARP, NBP"
NY,Danskammer Generating Station,2480,4,NA,2007,7617,7611.38,1593970.38,NA,7125.567,0.8778,1633168.196,0.1025,2522.077,0.3121,15949677.27,Coal,Pipeline Natural Gas,Tangentially-fired,NA,Low NOx Burner Technology w/ Separated OFA,Electrostatic Precipitator,NA,"ARP, NBP"
NY,Danskammer Generating Station,2480,4,NA,2008,8021,7993.01,1748287.34,NA,7670.181,0.9232,1680299.892,0.1025,2404.183,0.2916,16401970.888,Coal,Pipeline Natural Gas,Tangentially-fired,NA,Low NOx Burner Technology w/ Separated OFA,Electrostatic Precipitator,NA,"ARP, CAIRNOX, CAIROS, NBP"
NY,Danskammer Generating Station,2480,4,NA,2009,7222,7195.28,1331455.28,NA,5935.602,0.9345,1288838.935,0.1025,1707.389,0.2635,12576757.181,Coal,Pipeline Natural Gas,Tangentially-fired,NA,Low NOx Burner Technology w/ Separated OFA,Electrostatic Precipitator,NA,"ARP, CAIRNOX, CAIROS, CAIRSO2, RGGI"
NY,Danskammer Generating Station,2480,4,NA,2010,6434,6388.71,1098389.81,NA,5003.939,0.9001,1058888.855,0.0995,1293.636,0.2338,10354382.363,Coal,Pipeline Natural Gas,Tangentially-fired,NA,Low NOx Burner Technology w/ Separated OFA,Electrostatic Precipitator,NA,"ARP, CAIRNOX, CAIROS, CAIRSO2, RGGI"
NY,Danskammer Generating Station,2480,4,NA,2011,4336,4291.17,610661.7,NA,2902.33,0.8132,603537.253,0.0948,781.071,0.2211,5912299.949,Coal,Pipeline Natural Gas,Tangentially-fired,NA,Low NOx Burner Technology w/ Separated OFA,Electrostatic Precipitator,NA,"ARP, CAIRNOX, CAIROS, CAIRSO2, RGGI"
NY,Danskammer Generating Station,2480,4,NA,2012,1915,1853.69,194226.12,NA,940.574,0.6524,212105.685,0.0912,273.253,0.1953,2096727.026,Coal,Pipeline Natural Gas,Tangentially-fired,NA,Low NOx Burner Technology w/ Separated OFA,Electrostatic Precipitator,NA,"ARP, CAIRNOX, CAIROS, CAIRSO2, RGGI"
NY,Danskammer Generating Station,2480,4,NA,2013,0,0,NA,NA,NA,NA,NA,NA,NA,NA,NA,Coal,Pipeline Natural Gas,Tangentially-fired,NA,Low NOx Burner Technology w/ Separated OFA,Electrostatic Precipitator,NA,"ARP, CAIRNOX, CAIROS, CAIRSO2"
NY,Danskammer Generating Station,2480,4,NA,2014,54,50.69,3301.14,NA,6.971,0.1551,8799.784,0.0631,16.368,0.23,142338.216,"Coal, Pipeline Natural Gas",Pipeline Natural Gas,Tangentially-fired,NA,Low NOx Burner Technology w/ Separated OFA,Electrostatic Precipitator,NA,"ARP, CAIRNOX, CAIROS, CAIRSO2"
NY,Danskammer Generating Station,2480,4,NA,2015,227,216.49,13768.93,NA,20.17,0.0669,41570.873,0.0605,76.139,0.1933,683757,Pipeline Natural Gas,NA,Tangentially-fired,NA,Low NOx Burner Technology w/ Separated OFA,Electrostatic Precipitator,NA,"ARP, CSNOX, CSNOXOS, CSSO2G1, RGGI"
NY,Danskammer Generating Station,2480,4,NA,2016,149,144.1,11146.37,NA,0.032,9e-4,6216.264,0.0591,3.685,0.0521,104857.281,Pipeline Natural Gas,NA,Tangentially-fired,NA,Low NOx Burner Technology w/ Separated OFA,Electrostatic Precipitator,NA,"ARP, CSNOX, CSNOXOS, CSSO2G1, RGGI"
NY,Danskammer Generating Station,2480,4,NA,2017,81,75.46,5383.61,NA,0.015,8e-4,2918.854,0.0586,1.989,0.0481,49229.381,Pipeline Natural Gas,NA,Tangentially-fired,NA,Low NOx Burner Technology w/ Separated OFA,Electrostatic Precipitator,NA,"ARP, CSNOX, CSOSG2, CSSO2G1, RGGI"
NY,Danskammer Generating Station,2480,4,NA,2018,136,130.65,11670.23,NA,0.032,9e-4,6285.537,0.0591,4.635,0.068,106037.797,Pipeline Natural Gas,NA,Tangentially-fired,NA,Low NOx Burner Technology w/ Separated OFA,Electrostatic Precipitator,NA,"ARP, CSNOX, CSOSG2, CSSO2G1, RGGI"
NY,Danskammer Generating Station,2480,4,NA,2019,53,49.23,3956.8,NA,0.012,9e-4,2265.794,0.058,1.955,0.0633,38219.042,Pipeline Natural Gas,NA,Tangentially-fired,NA,Low NOx Burner Technology w/ Separated OFA,Electrostatic Precipitator,NA,"ARP, CSNOX, CSOSG2, CSSO2G1, RGGI"
NY,Danskammer Generating Station,2480,4,NA,2020,98,95.38,7469.58,NA,0.023,9e-4,4450.872,0.0591,3.334,0.0681,75081.717,Pipeline Natural Gas,NA,Tangentially-fired,NA,Low NOx Burner Technology w/ Separated OFA,Electrostatic Precipitator,NA,"ARP, CSNOX, CSOSG2, CSSO2G1, RGGI"
NY,Danskammer Generating Station,2480,4,NA,2021,97,95.25,7346.24,NA,0.022,0.001,4297.567,0.0591,3.677,0.076,72488.749,Pipeline Natural Gas,NA,Tangentially-fired,NA,Low NOx Burner Technology w/ Separated OFA,Electrostatic Precipitator,NA,"ARP, CSNOX, CSOSG3, CSSO2G1, RGGI"
NY,Danskammer Generating Station,2480,4,NA,2022,155,145.1,7914.91,NA,0.026,9e-4,5071.824,0.058,3.125,0.0526,85556.345,Pipeline Natural Gas,NA,Tangentially-fired,NA,Low NOx Burner Technology w/ Separated OFA,Electrostatic Precipitator,NA,"ARP, CSNOX, CSOSG3, CSSO2G1, RGGI"
NY,Danskammer Generating Station,2480,4,NA,2023,201,195.17,12189.06,NA,0.039,9e-4,7522.67,0.0588,4.161,0.0544,126906.986,Pipeline Natural Gas,NA,Tangentially-fired,NA,Low NOx Burner Technology w/ Separated OFA,Electrostatic Precipitator,NA,"ARP, CSNOX, CSOSG3, CSSO2G1, RGGI"
NY,Danskammer Generating Station,2480,4,NA,2024,191,187.32,10774.58,NA,0.034,9e-4,6850.18,0.059,3.452,0.0479,115561.489,Pipeline Natural Gas,NA,Tangentially-fired,NA,Low NOx Burner Technology w/ Separated OFA,Electrostatic Precipitator,NA,"ARP, CSNOX, CSOSG2E, CSSO2G1, RGGI"
NY,Arthur Kill,2490,20,CS0002,1995,NA,NA,NA,NA,71,NA,1234783.9,NA,558,NA,5991047,Pipeline Natural Gas,NA,Dry bottom wall-fired boiler,NA,NA,NA,NA,ARP
NY,Arthur Kill,2490,20,CS0002,1996,NA,NA,NA,NA,1.6,NA,255633.4,NA,305,NA,4467160,Pipeline Natural Gas,NA,Dry bottom wall-fired boiler,NA,NA,NA,NA,ARP
NY,Arthur Kill,2490,20,CS0002,1997,3900,3895.25,NA,5675740,3.091,0.001,610942.343,0.059,670.245,0.1079,10306251.48,Pipeline Natural Gas,NA,Dry bottom wall-fired boiler,NA,NA,NA,NA,ARP
NY,Arthur Kill,2490,20,CS0002,1998,2932,2921,NA,3995397,2.579,0.001,509224.099,0.0591,456.561,0.1018,8590279.401,Pipeline Natural Gas,NA,Dry bottom wall-fired boiler,NA,NA,NA,NA,ARP
NY,Arthur Kill,2490,20,CS0002,1999,3706,3689.25,NA,5216271.25,2.747,0.001,542954.356,0.059,568.9,0.1201,9156104.88,Pipeline Natural Gas,Residual Oil,Dry bottom wall-fired boiler,NA,NA,NA,NA,"ARP, OTC"
NY,Arthur Kill,2490,20,CS0002,2000,4482,4463.5,NA,5187368,2.584,0.001,510297.408,0.059,553.901,0.1107,8608233.972,Pipeline Natural Gas,Residual Oil,Dry bottom wall-fired boiler,NA,NA,NA,NA,"ARP, OTC"
NY,Arthur Kill,2490,20,CS0002,2001,6233,6216.25,1398407.75,402041.5,4.212,0.001,860429.075,0.059,774.249,0.1029,14483248.909,Pipeline Natural Gas,NA,Dry bottom wall-fired boiler,NA,NA,NA,NA,"ARP, OTC"
NY,Arthur Kill,2490,20,CS0002,2002,5254,5242.75,807121.75,NA,2.025,0.001,401132.7,0.059,271.017,0.0733,6749795.587,Pipeline Natural Gas,NA,Dry bottom wall-fired boiler,NA,NA,NA,NA,"ARP, OTC"
NY,Arthur Kill,2490,20,CS0002,2003,5001,4989.5,594694.5,NA,1.808,0.001,358197.375,0.059,226.244,0.0717,6027331.429,Pipeline Natural Gas,NA,Dry bottom wall-fired boiler,NA,NA,NA,NA,"ARP, NBP"
NY,Arthur Kill,2490,20,CS0002,2004,4865,4851.75,489389.5,NA,1.583,0.001,313543.225,0.0587,170.125,0.0635,5277331.819,Pipeline Natural Gas,NA,Dry bottom wall-fired boiler,NA,NA,NA,NA,"ARP, NBP"
NY,Arthur Kill,2490,20,CS0002,2005,6546,6535,840387.75,NA,2.563,0.001,507708.2,0.059,366.614,0.083,8543660.236,Pipeline Natural Gas,NA,Dry bottom wall-fired boiler,NA,NA,NA,NA,"ARP, NBP"
NY,Arthur Kill,2490,20,CS0002,2006,5848,5833.75,674798,NA,2.08,0.001,412043.3,0.059,296.891,0.084,6933879.755,Pipeline Natural Gas,NA,Dry bottom wall-fired boiler,NA,NA,NA,NA,"ARP, NBP"
NY,Arthur Kill,2490,20,CS0002,2007,5322,5297,577325.75,NA,1.805,0.001,357626.675,0.059,263.555,0.0858,6017743.424,Pipeline Natural Gas,NA,Dry bottom wall-fired boiler,NA,NA,NA,NA,"ARP, NBP"
NY,Arthur Kill,2490,20,CS0002,2008,7187,7179.75,817137.25,NA,2.594,0.001,513838.5,0.059,313.873,0.0712,8646370.599,Pipeline Natural Gas,NA,Dry bottom wall-fired boiler,NA,NA,NA,NA,"ARP, CAIRNOX, CAIROS, NBP"
NY,Arthur Kill,2490,20,CS0002,2009,4639,4622.75,522001,NA,1.601,0.001,317310.6,0.059,205.412,0.0747,5337776.55,Pipeline Natural Gas,NA,Dry bottom wall-fired boiler,NA,NA,NA,NA,"ARP, CAIRNOX, CAIROS, CAIRSO2, RGGI"
NY,Arthur Kill,2490,20,CS0002,2010,4686,4670.5,588418.5,NA,1.813,0.001,359104.6,0.0591,259.037,0.0761,6042045.175,Pipeline Natural Gas,NA,Dry bottom wall-fired boiler,NA,NA,NA,NA,"ARP, CAIRNOX, CAIROS, CAIRSO2, RGGI"
NY,Arthur Kill,2490,20,CS0002,2011,7878,7869,1026523,NA,3.242,0.001,642301.375,0.059,497.794,0.0857,10806563.225,Pipeline Natural Gas,NA,Dry bottom wall-fired boiler,NA,NA,NA,NA,"ARP, CAIRNOX, CAIROS, CAIRSO2, RGGI"
NY,Arthur Kill,2490,20,CS0002,2012,7709,7701.75,1126598.75,NA,3.551,0.001,703488.075,0.059,496.483,0.0787,11836962.75,Pipeline Natural Gas,NA,Dry bottom wall-fired boiler,NA,NA,NA,NA,"ARP, CAIRNOX, CAIROS, CAIRSO2, RGGI"
NY,Arthur Kill,2490,20,CS0002,2013,5547,5536.75,740888.25,NA,2.243,0.001,444622.1,0.059,293.673,0.0757,7481569.675,Pipeline Natural Gas,NA,Dry bottom wall-fired boiler,NA,NA,NA,NA,"ARP, CAIRNOX, CAIROS, CAIRSO2, RGGI"
NY,Arthur Kill,2490,20,CS0002,2014,6344,6304.97,863684.27,NA,2.629,0.001,520750.825,0.059,345.339,0.0721,8762706.769,Pipeline Natural Gas,NA,Dry bottom wall-fired boiler,NA,NA,NA,NA,"ARP, CAIRNOX, CAIROS, CAIRSO2, RGGI"
NY,Arthur Kill,2490,20,CS0002,2015,5673,5651.08,785199.11,NA,2.381,0.001,471708.413,0.059,262.263,0.0585,7937412.393,Pipeline Natural Gas,NA,Dry bottom wall-fired boiler,NA,NA,NA,NA,"ARP, CSNOX, CSNOXOS, CSSO2G1, RGGI"
NY,Arthur Kill,2490,20,CS0002,2016,5219,5197.1,716102.23,NA,2.18,0.001,431918.667,0.059,242.097,0.0587,7267905.837,Pipeline Natural Gas,NA,Dry bottom wall-fired boiler,NA,NA,NA,NA,"ARP, CSNOX, CSNOXOS, CSSO2G1, RGGI"
NY,Arthur Kill,2490,20,CS0002,2017,5181,5138.58,613502.8,NA,1.923,0.001,380924.223,0.059,185.124,0.0526,6409792.177,Pipeline Natural Gas,NA,Dry bottom wall-fired boiler,NA,NA,NA,NA,"ARP, CSNOX, CSOSG2, CSSO2G1, RGGI"
NY,Arthur Kill,2490,20,CS0002,2018,4141,4079.62,512132.27,NA,1.617,0.001,320240.754,0.059,170.467,0.057,5388720.175,Pipeline Natural Gas,NA,Dry bottom wall-fired boiler,NA,NA,NA,NA,"ARP, CSNOX, CSOSG2, CSSO2G1, RGGI"
NY,Arthur Kill,2490,20,CS0002,2019,6524,6501.17,756429.21,NA,2.456,0.001,486492.818,0.059,231.26,0.0503,8186363.387,Pipeline Natural Gas,NA,Dry bottom wall-fired boiler,NA,NA,NA,NA,"ARP, CSNOX, CSOSG2, CSSO2G1, RGGI"
NY,Arthur Kill,2490,20,CS0002,2020,4315,4300.8,542989.99,NA,1.724,0.001,341469.422,0.059,174.52,0.0533,5745830.747,Pipeline Natural Gas,NA,Dry bottom wall-fired boiler,NA,NA,NA,NA,"ARP, CSNOX, CSOSG2, CSSO2G1, RGGI"
NY,Arthur Kill,2490,20,CS0002,2021,5594,5574.43,768070.99,NA,2.385,0.001,472345.065,0.059,276.173,0.0617,7948068.964,Pipeline Natural Gas,NA,Dry bottom wall-fired boiler,NA,NA,NA,NA,"ARP, CSNOX, CSOSG3, CSSO2G1, RGGI"
NY,Arthur Kill,2490,20,CS0002,2022,5571,5551.12,718428.43,NA,2.283,0.001,452211.585,0.059,286.801,0.0669,7609291.81,Pipeline Natural Gas,NA,Dry bottom wall-fired boiler,NA,NA,NA,NA,"ARP, CSNOX, CSOSG3, CSSO2G1, RGGI"
NY,Arthur Kill,2490,20,CS0002,2023,6438,6415.99,869132.14,NA,2.719,0.001,538586.836,0.059,300.994,0.061,9062772.443,Pipeline Natural Gas,NA,Dry bottom wall-fired boiler,NA,NA,NA,NA,"ARP, CSNOX, CSOSG3, CSSO2G1, RGGI"
NY,Arthur Kill,2490,20,CS0002,2024,6055,6042.7,874479.17,NA,2.72,0.001,538826.77,0.059,340.385,0.0673,9066884.708,Pipeline Natural Gas,NA,Dry bottom wall-fired boiler,NA,NA,NA,NA,"ARP, CSNOX, CSOSG2E, CSSO2G1, RGGI"
NY,Arthur Kill,2490,30,CS0002,1995,NA,NA,NA,NA,47,NA,818835.1,NA,370,NA,3972905,Pipeline Natural Gas,NA,Tangentially-fired,NA,NA,NA,NA,ARP
NY,Arthur Kill,2490,30,CS0002,1996,NA,NA,NA,NA,0.7,NA,116273.6,NA,127,NA,1975127,Pipeline Natural Gas,NA,Tangentially-fired,NA,NA,NA,NA,ARP
NY,Arthur Kill,2490,30,CS0002,1997,1562,1558.25,NA,3046889.5,1.474,0.001,291147.857,0.059,275.989,0.1112,4911409.42,Pipeline Natural Gas,NA,Tangentially-fired,NA,NA,NA,NA,ARP
NY,Arthur Kill,2490,30,CS0002,1998,2889,2877,NA,4980706.5,2.299,9e-4,454055.701,0.0591,417.12,0.1093,7659478.649,Pipeline Natural Gas,NA,Tangentially-fired,NA,NA,NA,NA,ARP
NY,Arthur Kill,2490,30,CS0002,1999,6267,6248.25,NA,10683382.5,5.21,0.001,1029801.844,0.059,995.237,0.1154,17366125.32,Pipeline Natural Gas,Residual Oil,Tangentially-fired,NA,NA,NA,NA,"ARP, OTC"
NY,Arthur Kill,2490,30,CS0002,2000,4591,4571.25,NA,6446582.75,3.919,0.001,774519.392,0.059,753.035,0.1149,13065426.928,Pipeline Natural Gas,Residual Oil,Tangentially-fired,NA,NA,NA,NA,"ARP, OTC"
NY,Arthur Kill,2490,30,CS0002,2001,4985,4968,1154275.25,NA,3.621,0.001,719410.375,0.059,638.745,0.1055,12105462.741,Pipeline Natural Gas,NA,Tangentially-fired,NA,NA,NA,NA,"ARP, OTC"
NY,Arthur Kill,2490,30,CS0002,2002,3292,3271.75,613649,NA,2.012,0.001,398640.675,0.059,318.538,0.0916,6707895.888,Pipeline Natural Gas,NA,Tangentially-fired,NA,NA,NA,NA,"ARP, OTC"
NY,Arthur Kill,2490,30,CS0002,2003,1221,1204.5,175511.75,NA,0.61,0.001,120775.775,0.0591,96.921,0.0855,2032290.696,Pipeline Natural Gas,NA,Tangentially-fired,NA,NA,NA,NA,"ARP, NBP"
NY,Arthur Kill,2490,30,CS0002,2004,3079,3060,484117.25,NA,1.509,0.001,298832.15,0.059,194.614,0.0731,5030375.906,Pipeline Natural Gas,NA,Tangentially-fired,NA,NA,NA,NA,"ARP, NBP"
NY,Arthur Kill,2490,30,CS0002,2005,3809,3795.25,653562,NA,2.168,0.001,429509.825,0.059,315.299,0.0852,7227281.589,Pipeline Natural Gas,NA,Tangentially-fired,NA,NA,NA,NA,"ARP, NBP"
NY,Arthur Kill,2490,30,CS0002,2006,2317,2299,382908.75,NA,1.264,0.001,250340.375,0.059,193.299,0.0842,4212513.32,Pipeline Natural Gas,NA,Tangentially-fired,NA,NA,NA,NA,"ARP, NBP"
NY,Arthur Kill,2490,30,CS0002,2007,5350,5332.75,956307.5,NA,3.121,0.001,618256.05,0.059,474.808,0.0887,10403297.451,Pipeline Natural Gas,NA,Tangentially-fired,NA,NA,NA,NA,"ARP, NBP"
NY,Arthur Kill,2490,30,CS0002,2008,3174,3145,507332.25,NA,1.614,0.001,319755.95,0.059,235.782,0.0825,5380502.051,Pipeline Natural Gas,NA,Tangentially-fired,NA,NA,NA,NA,"ARP, CAIRNOX, CAIROS, NBP"
NY,Arthur Kill,2490,30,CS0002,2009,3079,3062,478776.5,NA,1.591,0.001,315244,0.059,257.661,0.0936,5304210.6,Pipeline Natural Gas,NA,Tangentially-fired,NA,NA,NA,NA,"ARP, CAIRNOX, CAIROS, CAIRSO2, RGGI"
NY,Arthur Kill,2490,30,CS0002,2010,2492,2468.25,430916,NA,1.353,0.001,268077.95,0.059,213.685,0.0851,4510564.2,Pipeline Natural Gas,NA,Tangentially-fired,NA,NA,NA,NA,"ARP, CAIRNOX, CAIROS, CAIRSO2, RGGI"
NY,Arthur Kill,2490,30,CS0002,2011,3445,3422,667892.5,NA,2.097,0.001,415534.175,0.059,330.96,0.0909,6991820.125,Pipeline Natural Gas,NA,Tangentially-fired,NA,NA,NA,NA,"ARP, CAIRNOX, CAIROS, CAIRSO2, RGGI"
NY,Arthur Kill,2490,30,CS0002,2012,2866,2850,617906,NA,1.872,0.001,370791.3,0.059,276.692,0.0857,6239326.25,Pipeline Natural Gas,NA,Tangentially-fired,NA,NA,NA,NA,"ARP, CAIRNOX, CAIROS, CAIRSO2, RGGI"
NY,Arthur Kill,2490,30,CS0002,2013,3543,3527,748637.25,NA,2.164,0.001,428873,0.059,326.446,0.0878,7216610.45,Pipeline Natural Gas,NA,Tangentially-fired,NA,NA,NA,NA,"ARP, CAIRNOX, CAIROS, CAIRSO2, RGGI"
NY,Arthur Kill,2490,30,CS0002,2014,1831,1804.4,353106.19,NA,1.065,0.001,210943.052,0.059,157.288,0.0804,3549474.484,Pipeline Natural Gas,NA,Tangentially-fired,NA,NA,NA,NA,"ARP, CAIRNOX, CAIROS, CAIRSO2, RGGI"
NY,Arthur Kill,2490,30,CS0002,2015,2072,2042.87,375578.37,NA,1.149,0.001,227557.757,0.0591,147.747,0.0683,3829115.337,Pipeline Natural Gas,NA,Tangentially-fired,NA,NA,NA,NA,"ARP, CSNOX, CSNOXOS, CSSO2G1, RGGI"
NY,Arthur Kill,2490,30,CS0002,2016,2552,2531.38,486438.9,NA,1.526,0.001,302295.885,0.059,199.596,0.0699,5086696.043,Pipeline Natural Gas,NA,Tangentially-fired,NA,NA,NA,NA,"ARP, CSNOX, CSNOXOS, CSSO2G1, RGGI"
NY,Arthur Kill,2490,30,CS0002,2017,1740,1723.94,282992.75,NA,0.896,0.001,177387.165,0.0591,116.359,0.0704,2984874.579,Pipeline Natural Gas,NA,Tangentially-fired,NA,NA,NA,NA,"ARP, CSNOX, CSOSG2, CSSO2G1, RGGI"
NY,Arthur Kill,2490,30,CS0002,2018,3297,3264.75,568725.4,NA,1.854,0.001,367346.676,0.059,220.867,0.0664,6181273.294,Pipeline Natural Gas,NA,Tangentially-fired,NA,NA,NA,NA,"ARP, CSNOX, CSOSG2, CSSO2G1, RGGI"
NY,Arthur Kill,2490,30,CS0002,2019,1300,1274.04,201520.82,NA,0.665,0.001,131808.938,0.0591,75.675,0.0599,2217931.523,Pipeline Natural Gas,NA,Tangentially-fired,NA,NA,NA,NA,"ARP, CSNOX, CSOSG2, CSSO2G1, RGGI"
NY,Arthur Kill,2490,30,CS0002,2020,2466,2443.94,393890.22,NA,1.314,0.001,260376.588,0.059,149.282,0.0622,4381367.34,Pipeline Natural Gas,NA,Tangentially-fired,NA,NA,NA,NA,"ARP, CSNOX, CSOSG2, CSSO2G1, RGGI"
NY,Arthur Kill,2490,30,CS0002,2021,978,947.55,173386.43,NA,0.545,0.001,107918.198,0.0591,66.488,0.0667,1815954.783,Pipeline Natural Gas,NA,Tangentially-fired,NA,NA,NA,NA,"ARP, CSNOX, CSOSG3, CSSO2G1, RGGI"
NY,Arthur Kill,2490,30,CS0002,2022,1617,1600.71,315930.17,NA,0.986,0.001,195258.626,0.0591,140.393,0.0742,3285610.09,Pipeline Natural Gas,NA,Tangentially-fired,NA,NA,NA,NA,"ARP, CSNOX, CSOSG3, CSSO2G1, RGGI"
NY,Arthur Kill,2490,30,CS0002,2023,1385,1368.2,248256.59,NA,0.807,0.001,159931.1,0.0591,107.328,0.071,2691165.023,Pipeline Natural Gas,NA,Tangentially-fired,NA,NA,NA,NA,"ARP, CSNOX, CSOSG3, CSSO2G1, RGGI"
NY,Arthur Kill,2490,30,CS0002,2024,2229,2212.67,478506.69,NA,1.53,0.001,303067.913,0.059,221.523,0.0777,5099594.163,Pipeline Natural Gas,NA,Tangentially-fired,NA,NA,NA,NA,"ARP, CSNOX, CSOSG2E, CSSO2G1, RGGI"
NY,Arthur Kill,2490,CT0001,NA,1999,245,245,3430,NA,NA,NA,NA,NA,8.318,0.289,57575,Pipeline Natural Gas,NA,Combustion turbine,NA,NA,NA,NA,OTC
NY,Arthur Kill,2490,CT0001,NA,2000,44,44,588,NA,NA,NA,NA,NA,1.418,0.3024,9384,Pipeline Natural Gas,NA,Combustion turbine,NA,NA,NA,NA,OTC
NY,Arthur Kill,2490,CT0001,NA,2001,128,116.75,1634.5,NA,NA,NA,NA,NA,3.94,0.2871,27436.25,Pipeline Natural Gas,NA,Combustion turbine,NA,NA,NA,NA,OTC
NY,Arthur Kill,2490,CT0001,NA,2002,57,52.5,735,NA,0,0,0,0,1.79,0.2901,12352.7,Pipeline Natural Gas,NA,Combustion turbine,NA,NA,NA,NA,OTC
NY,Arthur Kill,2490,CT0001,NA,2003,92,71.75,1148,NA,0,0,0,0,2.422,0.2871,16862.4,Pipeline Natural Gas,NA,Combustion turbine,NA,NA,NA,NA,NBP
NY,Arthur Kill,2490,CT0001,NA,2004,28,24.75,396,NA,0,0,0,0,0.835,0.2871,5816.4,Pipeline Natural Gas,NA,Combustion turbine,NA,NA,NA,NA,NBP
NY,Arthur Kill,2490,CT0001,NA,2005,53,53,795,NA,0,0,0,0,2.131,0.342,12455,Pipeline Natural Gas,NA,Combustion turbine,NA,NA,NA,NA,NBP
NY,Arthur Kill,2490,CT0001,NA,2006,58,58,812,NA,0,0,0,0,2.332,0.342,13630,Pipeline Natural Gas,NA,Combustion turbine,NA,NA,NA,NA,NBP
NY,Arthur Kill,2490,CT0001,NA,2007,25,25,350,NA,0,0,0,0,1.005,0.342,5875,Pipeline Natural Gas,NA,Combustion turbine,NA,NA,NA,NA,NBP
NY,Arthur Kill,2490,CT0001,NA,2008,33,33,495,NA,0,0,0,0,1.327,0.342,7755,Pipeline Natural Gas,NA,Combustion turbine,NA,NA,NA,NA,"CAIROS, NBP"
NY,Arthur Kill,2490,CT0001,NA,2009,49,49,735,NA,NA,NA,NA,NA,1.97,0.342,11515,Pipeline Natural Gas,NA,Combustion turbine,NA,NA,NA,NA,CAIROS
NY,Arthur Kill,2490,CT0001,NA,2010,72,59,885,NA,NA,NA,NA,NA,2.372,0.342,13865.9,Pipeline Natural Gas,NA,Combustion turbine,NA,NA,NA,NA,CAIROS
NY,Arthur Kill,2490,CT0001,NA,2011,82,66.25,993.75,NA,NA,NA,NA,NA,3.38,0.4354,15569.6,Pipeline Natural Gas,NA,Combustion turbine,NA,NA,NA,NA,CAIROS
NY,Arthur Kill,2490,CT0001,NA,2012,70,52.5,787.5,NA,NA,NA,NA,NA,1.586,0.257,12338.6,Pipeline Natural Gas,NA,Combustion turbine,NA,NA,NA,NA,CAIROS
NY,Arthur Kill,2490,CT0001,NA,2013,63,50.75,761.25,NA,NA,NA,NA,NA,1.533,0.257,11927,Pipeline Natural Gas,NA,Combustion turbine,NA,NA,NA,NA,CAIROS
NY,Arthur Kill,2490,CT0001,NA,2014,17,10,142.5,NA,NA,NA,NA,NA,0.302,0.257,2350.4,Pipeline Natural Gas,NA,Combustion turbine,NA,NA,NA,NA,CAIROS
NY,Arthur Kill,2490,CT0001,NA,2015,34,31.75,476.25,NA,NA,NA,NA,NA,0.959,0.257,7461.5,Pipeline Natural Gas,NA,Combustion turbine,NA,NA,NA,NA,SIPNOX
NY,Arthur Kill,2490,CT0001,NA,2016,33,27.25,408.75,NA,NA,NA,NA,NA,1.016,0.3153,6404.2,Pipeline Natural Gas,NA,Combustion turbine,NA,NA,NA,NA,SIPNOX
NY,Arthur Kill,2490,CT0001,NA,2017,20,16.25,243.75,NA,NA,NA,NA,NA,0.617,0.323,3819,Pipeline Natural Gas,NA,Combustion turbine,NA,NA,NA,NA,SIPNOX
NY,Arthur Kill,2490,CT0001,NA,2018,58,50.75,761.25,NA,NA,NA,NA,NA,1.926,0.323,11926.7,Pipeline Natural Gas,NA,Combustion turbine,NA,NA,NA,NA,SIPNOX
NY,Arthur Kill,2490,CT0001,NA,2019,38,27.68,415.2,NA,NA,NA,NA,NA,1.051,0.323,6505.4,Pipeline Natural Gas,NA,Combustion turbine,NA,NA,NA,NA,SIPNOX
NY,Arthur Kill,2490,CT0001,NA,2020,12,9.58,143.7,NA,NA,NA,NA,NA,0.364,0.323,2251.5,Pipeline Natural Gas,NA,Combustion turbine,NA,NA,NA,NA,SIPNOX
NY,Arthur Kill,2490,CT0001,NA,2021,91,75.88,1108.55,NA,NA,NA,1054.7,0.0592,2.89,0.324,17832.8,Pipeline Natural Gas,NA,Combustion turbine,NA,NA,NA,NA,"RGGI, SIPNOX"
NY,Arthur Kill,2490,CT0001,NA,2022,177,131.47,1566.76,NA,NA,NA,1826.6,0.0591,5.022,0.3249,30898,Pipeline Natural Gas,NA,Combustion turbine,NA,NA,NA,NA,"RGGI, SIPNOX"
NY,Arthur Kill,2490,CT0001,NA,2023,83,59.39,619.34,NA,NA,NA,825.4,0.0592,2.269,0.325,13957.7,Pipeline Natural Gas,NA,Combustion turbine,NA,NA,NA,NA,"RGGI, SIPNOX"
NY,Arthur Kill,2490,CT0001,NA,2024,56,43.14,414.17,NA,NA,NA,599.6,0.0591,1.648,0.3249,10138.5,Pipeline Natural Gas,NA,Combustion turbine,NA,NA,NA,NA,"RGGI, SIPNOX"
NY,Charles Poletti,2491,001,"MS6N, MS6S",1995,NA,NA,NA,NA,0,NA,0,NA,0,NA,0,"Diesel Oil, Residual Oil",Pipeline Natural Gas,Dry bottom wall-fired boiler,NA,Low NOx Burner Technology w/ Overfire Air,NA,NA,ARP
NY,Charles Poletti,2491,001,"MS6N, MS6S",1996,NA,NA,NA,NA,1686.1,NA,1195860,NA,1770,NA,16178850,"Diesel Oil, Residual Oil",Pipeline Natural Gas,Dry bottom wall-fired boiler,NA,Low NOx Burner Technology w/ Overfire Air,NA,NA,ARP
NY,Charles Poletti,2491,001,"MS6N, MS6S",1997,8391,8379.5,2881068.25,NA,2309.78,0.1671,2133286.9,0.068,3398.356,0.212,30845336.85,"Diesel Oil, Residual Oil",Pipeline Natural Gas,Dry bottom wall-fired boiler,NA,Low NOx Burner Technology w/ Overfire Air,NA,NA,ARP
NY,Charles Poletti,2491,001,"MS6N, MS6S",1998,7866,7852.75,2756367,NA,3811.541,0.2588,2327104.95,0.0764,3447.767,0.2206,29937495.425,"Diesel Oil, Residual Oil",Pipeline Natural Gas,Dry bottom wall-fired boiler,NA,Low NOx Burner Technology w/ Overfire Air,NA,NA,ARP
NY,Charles Poletti,2491,001,"MS6N, MS6S",1999,6465,6458.25,1900265,NA,1311.005,0.0999,1454584.575,0.0668,2013.76,0.1704,21192126.625,"Diesel Oil, Residual Oil",Pipeline Natural Gas,Dry bottom wall-fired boiler,NA,Low NOx Burner Technology w/ Overfire Air,NA,NA,"ARP, OTC"
NY,Charles Poletti,2491,001,"MS6N, MS6S",2000,8780,8777.5,3456260.75,NA,2337.328,0.1003,2576553.7,0.0668,3384.402,0.166,37520693.35,"Diesel Oil, Residual Oil",Pipeline Natural Gas,Dry bottom wall-fired boiler,NA,Low NOx Burner Technology w/ Overfire Air,NA,NA,"ARP, OTC"
NY,Charles Poletti,2491,001,"MS6N, MS6S",2001,7764,7736.5,2668383.5,NA,2207.176,0.1268,2114021.45,0.0709,2585.577,0.1616,29538274.3,"Diesel Oil, Residual Oil",Pipeline Natural Gas,Dry bottom wall-fired boiler,NA,Low NOx Burner Technology w/ Overfire Air,NA,NA,"ARP, OTC"
NY,Charles Poletti,2491,001,"MS6N, MS6S",2002,7240,7233.5,2365908.75,NA,1008.735,0.06,1620808.125,0.0635,1951.987,0.1426,24919027.275,"Diesel Oil, Residual Oil",Pipeline Natural Gas,Dry bottom wall-fired boiler,NA,Low NOx Burner Technology w/ Overfire Air,NA,NA,"ARP, OTC"
NY,Charles Poletti,2491,001,NA,2003,8433,8431.25,2728829.25,NA,1610.439,0.0904,1942574.325,0.0654,2201.172,0.1437,28989246.325,Diesel Oil,Pipeline Natural Gas,Dry bottom wall-fired boiler,NA,Low NOx Burner Technology w/ Overfire Air,NA,NA,"ARP, NBP"
NY,Charles Poletti,2491,001,NA,2004,6654,6644.75,2163425.5,NA,1274.917,0.0995,1545116.85,0.066,1760.893,0.1392,23050195.6,Diesel Oil,Pipeline Natural Gas,Dry bottom wall-fired boiler,NA,Low NOx Burner Technology w/ Overfire Air,NA,NA,"ARP, NBP"
NY,Charles Poletti,2491,001,NA,2005,7939,7929.5,2492918.5,NA,1386.888,0.0846,1796602.975,0.0656,2375.555,0.1563,26673575.9,Diesel Oil,Pipeline Natural Gas,Dry bottom wall-fired boiler,NA,Low NOx Burner Technology w/ Overfire Air,NA,NA,"ARP, NBP"
NY,Charles Poletti,2491,001,NA,2006,7787,7778.25,1957941.25,NA,671.344,0.0619,1378836.675,0.0644,1388.101,0.1167,21286382.1,Diesel Oil,Pipeline Natural Gas,Dry bottom wall-fired boiler,NA,Low NOx Burner Technology w/ Overfire Air,NA,NA,"ARP, NBP"
NY,Charles Poletti,2491,001,NA,2007,6275,6249.75,1915842,NA,611.792,0.0477,1301206.725,0.0633,1476.917,0.1294,20082407.075,Diesel Oil,Pipeline Natural Gas,Dry bottom wall-fired boiler,NA,Low NOx Burner Technology w/ Overfire Air,NA,NA,"ARP, NBP"
NY,Charles Poletti,2491,001,NA,2008,7966,7942.59,2171105.72,NA,104.332,0.0082,1388358.82,0.0596,1630.641,0.1323,23112852.671,Diesel Oil,Pipeline Natural Gas,Dry bottom wall-fired boiler,NA,Low NOx Burner Technology w/ Overfire Air,NA,NA,"ARP, CAIRNOX, CAIROS, NBP"
NY,Charles Poletti,2491,001,NA,2009,6435,6415.51,1611331.47,NA,220.459,0.0309,1070700.222,0.0613,1121.576,0.1255,17470172.542,Diesel Oil,Pipeline Natural Gas,Dry bottom wall-fired boiler,NA,Low NOx Burner Technology w/ Overfire Air,NA,NA,"ARP, CAIRNOX, CAIROS, CAIRSO2, RGGI"
NY,Charles Poletti,2491,001,NA,2010,743,741.55,118882.4,NA,65.306,0.0854,96999.85,0.0656,119.157,0.1622,1467500.283,Diesel Oil,Pipeline Natural Gas,Dry bottom wall-fired boiler,NA,Low NOx Burner Technology w/ Overfire Air,NA,NA,"ARP, CAIRNOX, CAIRSO2, RGGI"
NY,East River,2493,1,NA,2005,5003,4972.25,748288.25,NA,3.676,0.0013,472917.575,0.0593,40.76,0.0118,8316453.1,Pipeline Natural Gas,NA,"Combined cycle (Started Mar 06, 2005)",NA,Ammonia Injection|Selective Catalytic Reduction,NA,NA,"ARP, NBP"
NY,East River,2493,1,NA,2006,7871,7859.75,1128308.75,NA,3.874,0.001,747239.75,0.059,41.636,0.0066,12571246.75,Pipeline Natural Gas,NA,Combined cycle,NA,Ammonia Injection|Selective Catalytic Reduction,NA,NA,"ARP, NBP"
NY,East River,2493,1,NA,2007,7228,7212,1118117.75,NA,3.661,0.001,725310.275,0.059,43.596,0.0072,12204939.825,Pipeline Natural Gas,NA,Combined cycle,NA,Ammonia Injection|Selective Catalytic Reduction,NA,NA,"ARP, NBP"
NY,East River,2493,1,NA,2008,7314,7291.75,1141441.75,NA,3.75,0.001,742769.2,0.059,46.589,0.0075,12498449.5,Pipeline Natural Gas,NA,Combined cycle,NA,Ammonia Injection|Selective Catalytic Reduction,NA,NA,"ARP, CAIRNOX, CAIROS, NBP"
NY,East River,2493,1,NA,2009,6368,6346,963044.5,NA,3.156,0.001,625106.1,0.059,38.557,0.0074,10518626.775,Pipeline Natural Gas,NA,Combined cycle,NA,Ammonia Injection|Selective Catalytic Reduction,NA,NA,"ARP, CAIRNOX, CAIROS, CAIRSO2, RGGI"
NY,East River,2493,1,NA,2010,7923,7910.25,1251228.5,NA,4.051,0.001,802558.95,0.059,51.138,0.0075,13504646.5,Pipeline Natural Gas,NA,Combined cycle,NA,Ammonia Injection|Selective Catalytic Reduction,NA,NA,"ARP, CAIRNOX, CAIROS, CAIRSO2, RGGI"
NY,East River,2493,1,NA,2011,6487,6472,1051574,NA,3.381,0.001,669846.2,0.059,47.319,0.0086,11271443.975,Pipeline Natural Gas,NA,Combined cycle,NA,Ammonia Injection|Selective Catalytic Reduction,NA,NA,"ARP, CAIRNOX, CAIROS, CAIRSO2, RGGI"
NY,East River,2493,1,NA,2012,7804,7792,1232211.5,NA,3.948,0.001,782019.25,0.059,52.096,0.0081,13158992.7,Pipeline Natural Gas,NA,Combined cycle,NA,Ammonia Injection|Selective Catalytic Reduction,NA,NA,"ARP, CAIRNOX, CAIROS, CAIRSO2, RGGI"
NY,East River,2493,1,NA,2013,7971,7961.75,1290643.25,NA,4.105,0.001,813634.3,0.059,52.839,0.0077,13690953.5,Pipeline Natural Gas,NA,Combined cycle,NA,Ammonia Injection|Selective Catalytic Reduction,NA,NA,"ARP, CAIRNOX, CAIROS, CAIRSO2, RGGI"
NY,East River,2493,1,NA,2014,7019,7005.5,1121396.25,NA,3.799,0.0011,704502.15,0.059,43.7,0.0079,11847367.5,Pipeline Natural Gas,NA,Combined cycle,NA,Ammonia Injection|Selective Catalytic Reduction,NA,NA,"ARP, CAIRNOX, CAIROS, CAIRSO2, RGGI"
NY,East River,2493,1,NA,2015,7820,7803.75,1231405,NA,3.918,0.001,776187.225,0.059,45.144,0.0071,13060740.425,Pipeline Natural Gas,NA,Combined cycle,NA,Ammonia Injection|Selective Catalytic Reduction,NA,NA,"ARP, CSNOX, CSNOXOS, CSSO2G1, RGGI"
NY,East River,2493,1,NA,2016,7318,7309.75,1182277,NA,3.724,0.001,737756.4,0.059,44.571,0.0073,12414217.7,Pipeline Natural Gas,NA,Combined cycle,NA,Ammonia Injection|Selective Catalytic Reduction,NA,NA,"ARP, CSNOX, CSNOXOS, CSSO2G1, RGGI"
NY,East River,2493,1,NA,2017,7786,7777.25,1268411.5,NA,3.972,0.001,786819.15,0.059,48.214,0.0073,13239882.925,Pipeline Natural Gas,NA,Combined cycle,NA,Ammonia Injection|Selective Catalytic Reduction,NA,NA,"ARP, CSNOX, CSOSG2, CSSO2G1, RGGI"
NY,East River,2493,1,NA,2018,7171,7161.5,1219265.25,NA,3.764,0.001,745675.175,0.059,46.16,0.0075,12548128.85,Pipeline Natural Gas,NA,Combined cycle,NA,Ammonia Injection|Selective Catalytic Reduction,NA,NA,"ARP, CSNOX, CSOSG2, CSSO2G1, RGGI"
NY,East River,2493,1,NA,2019,7913,7902.5,1293232,NA,4.35,0.0011,802360.95,0.059,51.002,0.0078,13494121.625,Pipeline Natural Gas,NA,Combined cycle,NA,Ammonia Injection|Selective Catalytic Reduction,NA,NA,"ARP, CSNOX, CSOSG2, CSSO2G1, RGGI"
NY,East River,2493,1,NA,2020,8103,8095.5,1304060.5,NA,4.114,0.001,814922.9,0.059,49.817,0.0073,13712686.175,Pipeline Natural Gas,NA,Combined cycle,NA,Ammonia Injection|Selective Catalytic Reduction,NA,NA,"ARP, CSNOX, CSOSG2, CSSO2G1, RGGI"
NY,East River,2493,1,NA,2021,7750,7744.5,1243742.75,NA,3.933,0.001,779084.825,0.059,46.453,0.0072,13109622.825,Pipeline Natural Gas,NA,Combined cycle,NA,Ammonia Injection|Selective Catalytic Reduction,NA,NA,"ARP, CSNOX, CSOSG3, CSSO2G1, RGGI"
NY,East River,2493,1,NA,2022,7092,7082.25,1126527,NA,3.569,0.001,707030.25,0.059,42.722,0.0073,11897235.05,Pipeline Natural Gas,NA,Combined cycle,NA,Ammonia Injection|Selective Catalytic Reduction,NA,NA,"ARP, CSNOX, CSOSG3, CSSO2G1, RGGI"
NY,East River,2493,1,NA,2023,7373,7356.25,1087150,NA,3.556,0.001,694026.85,0.059,40.265,0.0071,11676993,Pipeline Natural Gas,NA,Combined cycle,NA,Ammonia Injection|Selective Catalytic Reduction,NA,NA,"ARP, CSNOX, CSOSG3, CSSO2G1, RGGI"
NY,East River,2493,1,NA,2024,7626,7620.75,1120540.75,NA,3.638,0.001,720575.25,0.059,41.553,0.0068,12124977.175,Pipeline Natural Gas,NA,Combined cycle,NA,Ammonia Injection|Selective Catalytic Reduction,NA,NA,"ARP, CSNOX, CSOSG2E, CSSO2G1, RGGI"
NY,East River,2493,2,NA,2005,4790,4760.5,704824.25,NA,7.918,0.0025,459886.625,0.0597,44.997,0.0139,7914011.175,Pipeline Natural Gas,NA,"Combined cycle (Started Mar 12, 2005)",NA,Ammonia Injection|Selective Catalytic Reduction,NA,NA,"ARP, NBP"
NY,East River,2493,2,NA,2006,7379,7364.5,1060949.5,NA,3.634,0.001,704856.6,0.059,36.384,0.0062,11858681.275,Pipeline Natural Gas,NA,Combined cycle,NA,Ammonia Injection|Selective Catalytic Reduction,NA,NA,"ARP, NBP"
NY,East River,2493,2,NA,2007,7863,7851.25,1197426.5,NA,3.974,0.001,787210.2,0.059,42.817,0.0064,13246338.075,Pipeline Natural Gas,NA,Combined cycle,NA,Ammonia Injection|Selective Catalytic Reduction,NA,NA,"ARP, NBP"
NY,East River,2493,2,NA,2008,7471,7460.75,1133747.25,NA,3.833,0.001,743884.95,0.059,43.126,0.0068,12515202.9,Pipeline Natural Gas,NA,Combined cycle,NA,Ammonia Injection|Selective Catalytic Reduction,NA,NA,"ARP, CAIRNOX, CAIROS, NBP"
NY,East River,2493,2,NA,2009,6178,6161.5,946915.5,NA,3.098,0.001,613596.475,0.059,37.584,0.0073,10324988.125,Pipeline Natural Gas,NA,Combined cycle,NA,Ammonia Injection|Selective Catalytic Reduction,NA,NA,"ARP, CAIRNOX, CAIROS, CAIRSO2, RGGI"
NY,East River,2493,2,NA,2010,7874,7861.5,1245035.5,NA,4.033,0.001,798954.85,0.059,52.604,0.0078,13443972.525,Pipeline Natural Gas,NA,Combined cycle,NA,Ammonia Injection|Selective Catalytic Reduction,NA,NA,"ARP, CAIRNOX, CAIROS, CAIRSO2, RGGI"
NY,East River,2493,2,NA,2011,6945,6933.25,1117098.75,NA,3.623,0.001,717717.85,0.059,50.703,0.0086,12077003.55,Pipeline Natural Gas,NA,Combined cycle,NA,Ammonia Injection|Selective Catalytic Reduction,NA,NA,"ARP, CAIRNOX, CAIROS, CAIRSO2, RGGI"
NY,East River,2493,2,NA,2012,7903,7890,1270951.5,NA,4.068,0.001,805929.875,0.059,51.552,0.0076,13561360.125,Pipeline Natural Gas,NA,Combined cycle,NA,Ammonia Injection|Selective Catalytic Reduction,NA,NA,"ARP, CAIRNOX, CAIROS, CAIRSO2, RGGI"
NY,East River,2493,2,NA,2013,8151,8139,1311742,NA,4.178,0.001,828111,0.059,51.366,0.0075,13934600,Pipeline Natural Gas,NA,Combined cycle,NA,Ammonia Injection|Selective Catalytic Reduction,NA,NA,"ARP, CAIRNOX, CAIROS, CAIRSO2, RGGI"
NY,East River,2493,2,NA,2014,7769,7756.75,1221483.25,NA,3.882,0.001,768656.125,0.059,46.507,0.0073,12935713.85,Pipeline Natural Gas,NA,Combined cycle,NA,Ammonia Injection|Selective Catalytic Reduction,NA,NA,"ARP, CAIRNOX, CAIROS, CAIRSO2, RGGI"
NY,East River,2493,2,NA,2015,7034,7017.75,1118538,NA,3.567,0.001,706366.575,0.059,43.314,0.0076,11885494.175,Pipeline Natural Gas,NA,Combined cycle,NA,Ammonia Injection|Selective Catalytic Reduction,NA,NA,"ARP, CSNOX, CSNOXOS, CSSO2G1, RGGI"
NY,East River,2493,2,NA,2016,7755,7740.25,1255988.25,NA,4.018,0.0011,781628,0.0591,48.928,0.0082,13150665.65,Pipeline Natural Gas,NA,Combined cycle,NA,Ammonia Injection|Selective Catalytic Reduction,NA,NA,"ARP, CSNOX, CSNOXOS, CSSO2G1, RGGI"
NY,East River,2493,2,NA,2017,8118,8109.5,1312287.25,NA,4.107,0.001,807268.15,0.059,50.338,0.0077,13583175.025,Pipeline Natural Gas,NA,Combined cycle,NA,Ammonia Injection|Selective Catalytic Reduction,NA,NA,"ARP, CSNOX, CSOSG2, CSSO2G1, RGGI"
NY,East River,2493,2,NA,2018,6922,6914.5,1156121.25,NA,3.552,0.001,703717.65,0.059,44.256,0.0075,11841466.35,Pipeline Natural Gas,NA,Combined cycle,NA,Ammonia Injection|Selective Catalytic Reduction,NA,NA,"ARP, CSNOX, CSOSG2, CSSO2G1, RGGI"
NY,East River,2493,2,NA,2019,6653,6633.5,1054034.25,NA,3.793,0.0011,656021.1,0.0591,44.439,0.0096,11027007.475,Pipeline Natural Gas,NA,Combined cycle,NA,Ammonia Injection|Selective Catalytic Reduction,NA,NA,"ARP, CSNOX, CSOSG2, CSSO2G1, RGGI"
NY,East River,2493,2,NA,2020,7922,7913.5,1288479,NA,4.006,0.001,793481.15,0.059,48.544,0.0073,13351399.925,Pipeline Natural Gas,NA,Combined cycle,NA,Ammonia Injection|Selective Catalytic Reduction,NA,NA,"ARP, CSNOX, CSOSG2, CSSO2G1, RGGI"
NY,East River,2493,2,NA,2021,7991,7982.25,1294152,NA,4.018,0.001,796009.5,0.059,49.532,0.0075,13394356.65,Pipeline Natural Gas,NA,Combined cycle,NA,Ammonia Injection|Selective Catalytic Reduction,NA,NA,"ARP, CSNOX, CSOSG3, CSSO2G1, RGGI"
NY,East River,2493,2,NA,2022,7528,7523.5,1173517,NA,3.688,0.001,730447.25,0.059,45.737,0.0075,12291197.725,Pipeline Natural Gas,NA,Combined cycle,NA,Ammonia Injection|Selective Catalytic Reduction,NA,NA,"ARP, CSNOX, CSOSG3, CSSO2G1, RGGI"
NY,East River,2493,2,NA,2023,7033,7023.25,1045461,NA,3.349,0.001,655700.45,0.059,40.041,0.0079,11032476.325,Pipeline Natural Gas,NA,Combined cycle,NA,Ammonia Injection|Selective Catalytic Reduction,NA,NA,"ARP, CSNOX, CSOSG3, CSSO2G1, RGGI"
NY,East River,2493,2,NA,2024,7665,7660,1138004.25,NA,3.612,0.001,715452.2,0.059,43.183,0.0072,12038754.35,Pipeline Natural Gas,NA,Combined cycle,NA,Ammonia Injection|Selective Catalytic Reduction,NA,NA,"ARP, CSNOX, CSOSG2E, CSSO2G1, RGGI"
NY,East River,2493,50,NA,1995,NA,NA,NA,NA,1768.4,NA,587519.3,NA,13912,NA,4441902,NA,NA,Dry bottom wall-fired boiler,NA,NA,NA,NA,ARP
NY,East River,2493,50,NA,1996,NA,NA,NA,NA,70.3,NA,67283,NA,350,NA,3234668,NA,NA,Dry bottom wall-fired boiler,NA,NA,NA,NA,ARP
NY,East River,2493,50,NA,1997,NA,NA,NA,NA,NA,NA,NA,NA,NA,NA,NA,NA,NA,Dry bottom wall-fired boiler,NA,NA,NA,NA,ARP
NY,East River,2493,60,NA,1995,NA,NA,NA,NA,4153.6,NA,1379979.7,NA,32677,NA,10433247,NA,NA,Dry bottom wall-fired boiler,NA,NA,NA,NA,ARP
NY,East River,2493,60,NA,1996,NA,NA,NA,NA,949.3,NA,908340,NA,1248,NA,10770288,NA,NA,Dry bottom wall-fired boiler,NA,NA,NA,NA,ARP
NY,East River,2493,60,NA,1997,7232,7213.75,NA,3659219.75,627.202,0.1696,518586.25,0.0721,948.315,0.247,7205921.425,NA,NA,Dry bottom wall-fired boiler,NA,NA,NA,NA,ARP
NY,East River,2493,60,NA,1998,6834,6820.5,NA,3555224,508.964,0.1458,371052.175,0.0714,666.463,0.2559,5116156.35,NA,NA,Dry bottom wall-fired boiler,NA,NA,NA,NA,ARP
NY,East River,2493,60,NA,1999,7459,7442.25,NA,4015603.5,635.77,0.1191,712195.775,0.0692,1187.51,0.2193,10233989.25,Residual Oil,Pipeline Natural Gas,Dry bottom wall-fired boiler,NA,NA,NA,NA,"ARP, OTC"
NY,East River,2493,60,NA,2000,5962,5951.75,NA,2629559.75,258.862,0.1,332963.85,0.0678,492.765,0.1891,4877713.65,Residual Oil,Pipeline Natural Gas,Dry bottom wall-fired boiler,NA,NA,NA,NA,"ARP, OTC"
NY,East River,2493,60,NA,2001,7545,7525.25,NA,3757841.25,474.823,0.1195,541167.7,0.0697,986.568,0.2415,7755217.7,Residual Oil,Pipeline Natural Gas,Dry bottom wall-fired boiler,NA,NA,NA,NA,"ARP, OTC"
NY,East River,2493,60,NA,2002,6737,6727.75,NA,3855059.5,349.513,0.0866,538945.775,0.0669,875.799,0.2075,8085104.175,Residual Oil,Pipeline Natural Gas,Dry bottom wall-fired boiler,NA,NA,NA,NA,"ARP, OTC"
NY,East River,2493,60,NA,2003,7457,7443.25,NA,4039201.5,426.733,0.1257,447751.3,0.0684,744.379,0.2032,6510070.55,Residual Oil,Pipeline Natural Gas,Dry bottom wall-fired boiler,NA,NA,NA,NA,"ARP, NBP"
NY,East River,2493,60,NA,2004,6491,6484.25,NA,4789796.75,402.622,0.1132,471754.225,0.0681,790.476,0.2178,6892152.775,Residual Oil,Pipeline Natural Gas,Dry bottom wall-fired boiler,NA,NA,NA,NA,"ARP, NBP"
NY,East River,2493,60,NA,2005,7505,7492.25,NA,5316616,226.212,0.051,502698.25,0.0631,603.526,0.1459,7880536.55,Residual Oil,Pipeline Natural Gas,Dry bottom wall-fired boiler,NA,NA,NA,NA,"ARP, NBP"
NY,East River,2493,60,NA,2006,5386,5370.75,NA,4008856.25,130.315,0.0434,354920.1,0.0625,406.645,0.14,5641281.925,Residual Oil,Pipeline Natural Gas,Dry bottom wall-fired boiler,NA,NA,NA,NA,"ARP, NBP"
NY,East River,2493,60,NA,2007,5115,5098.75,NA,3551811,92.73,0.0349,305024.775,0.0618,337.759,0.1331,4897928.875,Residual Oil,Pipeline Natural Gas,Dry bottom wall-fired boiler,NA,NA,NA,NA,"ARP, NBP"
NY,East River,2493,60,NA,2008,7078,7053.25,NA,4620591.75,33.133,0.0092,403773.225,0.0597,446.372,0.1272,6716054.175,Residual Oil,Pipeline Natural Gas,Dry bottom wall-fired boiler,NA,NA,NA,NA,"ARP, CAIRNOX, CAIROS, NBP"
NY,East River,2493,60,NA,2009,5599,5576,NA,3652514.5,42.555,0.0157,316311.225,0.0604,345.419,0.1272,5202421.6,Residual Oil,Pipeline Natural Gas,Dry bottom wall-fired boiler,NA,NA,NA,NA,"ARP, CAIRNOX, CAIROS, CAIRSO2, RGGI"
NY,East River,2493,60,NA,2010,6571,6548.75,NA,4582804,25.992,0.0082,380801.425,0.0596,424.258,0.1299,6349651.475,Residual Oil,Pipeline Natural Gas,Dry bottom wall-fired boiler,NA,NA,NA,NA,"ARP, CAIRNOX, CAIROS, CAIRSO2, RGGI"
NY,East River,2493,60,NA,2011,7626,7609,NA,5832615.5,18.937,0.0047,466590.675,0.0593,514.66,0.1275,7811531.95,Residual Oil,Pipeline Natural Gas,Dry bottom wall-fired boiler,NA,NA,NA,NA,"ARP, CAIRNOX, CAIROS, CAIRSO2, RGGI"
NY,East River,2493,60,NA,2012,6685,6679.5,NA,5390628.75,15.366,0.004,433647.475,0.0593,455.578,0.1208,7265420.675,Residual Oil,Pipeline Natural Gas,Dry bottom wall-fired boiler,NA,NA,NA,NA,"ARP, CAIRNOX, CAIROS, CAIRSO2, RGGI"
NY,East River,2493,60,NA,2013,7138,7125.25,NA,5737956.25,34.357,0.0083,459129.425,0.0596,569.227,0.1402,7649027.6,Residual Oil,Pipeline Natural Gas,Dry bottom wall-fired boiler,NA,NA,NA,NA,"ARP, CAIRNOX, CAIROS, CAIRSO2, RGGI"
NY,East River,2493,60,NA,2014,6236,6223.75,NA,5336140.5,68.718,0.0188,392991.825,0.0604,451.023,0.1329,6446764.5,Residual Oil,Pipeline Natural Gas,Dry bottom wall-fired boiler,NA,NA,NA,NA,"ARP, CAIRNOX, CAIROS, CAIRSO2, RGGI"
NY,East River,2493,60,NA,2015,7784,7774.75,NA,6241614.25,77.835,0.0156,516634.125,0.0601,549.99,0.1245,8511951.575,Residual Oil,Pipeline Natural Gas,Dry bottom wall-fired boiler,NA,NA,NA,NA,"ARP, CSNOX, CSNOXOS, CSSO2G1, MATS, RGGI"
NY,East River,2493,60,NA,2016,5941,5931.75,NA,4374965.5,38.081,0.0116,360835.925,0.0598,386.531,0.124,5984256.65,"Residual Oil, Pipeline Natural Gas","Residual Oil, Pipeline Natural Gas",Dry bottom wall-fired boiler,NA,NA,NA,NA,"ARP, CSNOX, CSNOXOS, CSSO2G1, MATS, RGGI"
NY,East River,2493,60,NA,2017,6739,6730,NA,5327259.25,46.861,0.0103,427239.7,0.0597,422.028,0.1149,7081366.425,Pipeline Natural Gas,Residual Oil,Dry bottom wall-fired boiler,NA,NA,NA,NA,"ARP, CSNOX, CSOSG2, CSSO2G1, MATS, RGGI"
NY,East River,2493,60,NA,2018,7159,7136,NA,6226673.5,51.033,0.0109,458886.15,0.0598,472.075,0.1181,7602081.475,Pipeline Natural Gas,Residual Oil,Dry bottom wall-fired boiler,NA,NA,NA,NA,"ARP, CSNOX, CSOSG2, CSSO2G1, MATS, RGGI"
NY,East River,2493,60,NA,2019,6272,6258.75,NA,5156454.25,17.757,0.0049,397614.975,0.0593,437.44,0.125,6652228,Pipeline Natural Gas,Residual Oil,Dry bottom wall-fired boiler,NA,NA,NA,NA,"ARP, CSNOX, CSOSG2, CSSO2G1, MATS, RGGI"
NY,East River,2493,60,NA,2020,7922,7906,NA,5315455.75,5.534,0.0017,485116.025,0.0591,542.672,0.1291,8155466.05,Pipeline Natural Gas,Residual Oil,Dry bottom wall-fired boiler,NA,NA,NA,NA,"ARP, CSNOX, CSOSG2, CSSO2G1, MATS, RGGI"
NY,East River,2493,60,NA,2021,7106,7091.75,NA,5429966,5.957,0.0019,434319.825,0.0591,508.761,0.1354,7299111,Pipeline Natural Gas,Residual Oil,Dry bottom wall-fired boiler,NA,NA,NA,NA,"ARP, CSNOX, CSOSG3, CSSO2G1, MATS, RGGI"
NY,East River,2493,60,NA,2022,6175,6167,NA,4920974.75,17.908,0.005,391817.25,0.0593,451.882,0.1308,6555222.875,Pipeline Natural Gas,Residual Oil,Dry bottom wall-fired boiler,NA,NA,NA,NA,"ARP, CSNOX, CSOSG3, CSSO2G1, MATS, RGGI"
NY,East River,2493,60,NA,2023,5587,5577.5,NA,4675727.75,10.291,0.0034,399722.725,0.0592,446.543,0.1266,6706140.25,Pipeline Natural Gas,Residual Oil,Dry bottom wall-fired boiler,NA,NA,NA,NA,"ARP, CSNOX, CSOSG3, CSSO2G1, MATS, RGGI"
NY,East River,2493,60,NA,2024,6851,6839.25,NA,5007464.75,2.046,0.001,403750.775,0.0591,431.16,0.1245,6789992.15,Pipeline Natural Gas,Residual Oil,Dry bottom wall-fired boiler,NA,NA,NA,NA,"ARP, CSNOX, CSOSG2E, CSSO2G1, MATS, RGGI"
NY,East River,2493,70,NA,1995,NA,NA,NA,NA,1,NA,767754,NA,77,NA,957154,Pipeline Natural Gas,Residual Oil,Dry bottom wall-fired boiler,NA,NA,NA,NA,ARP
NY,East River,2493,70,NA,1996,NA,NA,NA,NA,9.5,NA,25806,NA,40,NA,413251,Pipeline Natural Gas,Residual Oil,Dry bottom wall-fired boiler,NA,NA,NA,NA,ARP
NY,East River,2493,70,NA,1997,5195,5170.25,588153.75,2488464.25,198.425,0.0668,382385.9,0.065,670.641,0.2209,5889664.85,Pipeline Natural Gas,Residual Oil,Dry bottom wall-fired boiler,NA,NA,NA,NA,ARP
NY,East River,2493,70,NA,1998,5378,5339.5,NA,2654922,277.853,0.1248,304877.45,0.0693,544.534,0.239,4386738.55,Pipeline Natural Gas,Residual Oil,Dry bottom wall-fired boiler,NA,NA,NA,NA,ARP
NY,East River,2493,70,NA,1999,5413,5380,NA,2800983.25,292.733,0.1438,280975.375,0.0685,561.308,0.2671,4107931.875,Pipeline Natural Gas,Residual Oil,Dry bottom wall-fired boiler,NA,NA,NA,NA,"ARP, OTC"
NY,East River,2493,70,NA,2000,6446,6427.25,NA,3721840.25,275.915,0.085,428192.225,0.0646,809.716,0.2433,6637563,Pipeline Natural Gas,Residual Oil,Dry bottom wall-fired boiler,NA,NA,NA,NA,"ARP, OTC"
NY,East River,2493,70,NA,2001,5805,5780,NA,3385857.25,203.145,0.0786,369334.075,0.0647,704.991,0.2335,5768740.85,Pipeline Natural Gas,Residual Oil,Dry bottom wall-fired boiler,NA,NA,NA,NA,"ARP, OTC"
NY,East River,2493,70,NA,2002,6335,6311,NA,3917076.5,147.913,0.0561,389651.1,0.0629,632.63,0.1996,6245110.5,Pipeline Natural Gas,Residual Oil,Dry bottom wall-fired boiler,NA,NA,NA,NA,"ARP, OTC"
NY,East River,2493,70,NA,2003,4812,4796,NA,2789961.5,201.941,0.0866,296737.35,0.0659,478.074,0.1971,4478109.85,Pipeline Natural Gas,Residual Oil,Dry bottom wall-fired boiler,NA,NA,NA,NA,"ARP, NBP"
NY,East River,2493,70,NA,2004,7678,7669.75,NA,4792217.75,167.195,0.0499,429837.825,0.0629,486.213,0.1433,6807231.575,Pipeline Natural Gas,Residual Oil,Dry bottom wall-fired boiler,NA,NA,NA,NA,"ARP, NBP"
NY,East River,2493,70,NA,2005,4779,4768.25,NA,2853598.5,181.424,0.0702,291995.875,0.0646,339.497,0.151,4452187.875,Pipeline Natural Gas,Residual Oil,Dry bottom wall-fired boiler,NA,NA,NA,NA,"ARP, NBP"
NY,East River,2493,70,NA,2006,6090,6064.25,NA,3287575.25,65.793,0.024,299471.1,0.061,313.363,0.1259,4870268.025,Pipeline Natural Gas,Residual Oil,Dry bottom wall-fired boiler,NA,NA,NA,NA,"ARP, NBP"
NY,East River,2493,70,NA,2007,5888,5867.5,NA,3687803.25,129.212,0.0424,347858.075,0.0623,356.645,0.122,5530691.85,Pipeline Natural Gas,Residual Oil,Dry bottom wall-fired boiler,NA,NA,NA,NA,"ARP, NBP"
NY,East River,2493,70,NA,2008,4512,4501,NA,2678856.5,44.793,0.0194,241709.65,0.0604,265.002,0.1274,3965407.925,Pipeline Natural Gas,Residual Oil,Dry bottom wall-fired boiler,NA,NA,NA,NA,"ARP, CAIRNOX, CAIROS, NBP"
NY,East River,2493,70,NA,2009,4987,4967,NA,2632876.5,41.075,0.0183,241051.95,0.0607,301.688,0.1457,3935222.7,Pipeline Natural Gas,Residual Oil,Dry bottom wall-fired boiler,NA,NA,NA,NA,"ARP, CAIRNOX, CAIROS, CAIRSO2, RGGI"
NY,East River,2493,70,NA,2010,7856,7844.5,NA,4937778.5,54.399,0.014,438078.425,0.0601,545.227,0.1472,7234176.05,Pipeline Natural Gas,Residual Oil,Dry bottom wall-fired boiler,NA,NA,NA,NA,"ARP, CAIRNOX, CAIROS, CAIRSO2, RGGI"
NY,East River,2493,70,NA,2011,4662,4646.75,NA,2641482.25,20.718,0.0094,244501.95,0.0597,334.858,0.1546,4067408.525,Pipeline Natural Gas,Residual Oil,Dry bottom wall-fired boiler,NA,NA,NA,NA,"ARP, CAIRNOX, CAIROS, CAIRSO2, RGGI"
NY,East River,2493,70,NA,2012,4713,4703.75,NA,3337033.25,15.326,0.0058,285285.5,0.0594,295.734,0.1261,4767223.05,Pipeline Natural Gas,Residual Oil,Dry bottom wall-fired boiler,NA,NA,NA,NA,"ARP, CAIRNOX, CAIROS, CAIRSO2, RGGI"
NY,East River,2493,70,NA,2013,4993,4976,NA,3362653.75,26.11,0.0088,301688.8,0.0596,340.616,0.1329,5017615,Pipeline Natural Gas,Residual Oil,Dry bottom wall-fired boiler,NA,NA,NA,NA,"ARP, CAIRNOX, CAIROS, CAIRSO2, RGGI"
NY,East River,2493,70,NA,2014,4218,4202,NA,2528300.25,62.566,0.0281,226350.7,0.0611,234.652,0.1202,3655934.3,Pipeline Natural Gas,Residual Oil,Dry bottom wall-fired boiler,NA,NA,NA,NA,"ARP, CAIRNOX, CAIROS, CAIRSO2, RGGI"
NY,East River,2493,70,NA,2015,3923,3901.75,NA,2578382,33.36,0.0181,215868.55,0.0603,214.786,0.1164,3554522.7,Pipeline Natural Gas,Residual Oil,Dry bottom wall-fired boiler,NA,NA,NA,NA,"ARP, CSNOX, CSNOXOS, CSSO2G1, MATS, RGGI"
NY,East River,2493,70,NA,2016,5439,5417,NA,3896362,22.627,0.0076,335934.575,0.0595,297.539,0.1015,5600565.775,Pipeline Natural Gas,Residual Oil,Dry bottom wall-fired boiler,NA,NA,NA,NA,"ARP, CSNOX, CSNOXOS, CSSO2G1, MATS, RGGI"
NY,East River,2493,70,NA,2017,3610,3589,NA,2140126,20.096,0.0106,189446.475,0.0598,164.463,0.1002,3140053.55,Pipeline Natural Gas,Residual Oil,Dry bottom wall-fired boiler,NA,NA,NA,NA,"ARP, CSNOX, CSOSG2, CSSO2G1, MATS, RGGI"
NY,East River,2493,70,NA,2018,4067,4049.75,NA,2532375.5,28.858,0.0132,224724.4,0.06,198.97,0.1027,3713386.2,Pipeline Natural Gas,Residual Oil,Dry bottom wall-fired boiler,NA,NA,NA,NA,"ARP, CSNOX, CSOSG2, CSSO2G1, MATS, RGGI"
NY,East River,2493,70,NA,2019,4180,4163,NA,2657727.25,16.944,0.0076,234534.9,0.0595,207.138,0.103,3908059.875,Pipeline Natural Gas,Residual Oil,Dry bottom wall-fired boiler,NA,NA,NA,NA,"ARP, CSNOX, CSOSG2, CSSO2G1, MATS, RGGI"
NY,East River,2493,70,NA,2020,1572,1560.5,NA,916401.75,3.193,0.0043,80348.1,0.0593,69.684,0.0997,1345190.175,Pipeline Natural Gas,Residual Oil,Dry bottom wall-fired boiler,NA,NA,NA,NA,"ARP, CSNOX, CSOSG2, CSSO2G1, MATS, RGGI"
NY,East River,2493,70,NA,2021,3664,3654.5,NA,2384708.5,1.102,0.001,208567.1,0.059,192.881,0.1069,3509402.475,Pipeline Natural Gas,Residual Oil,Dry bottom wall-fired boiler,NA,NA,NA,NA,"ARP, CSNOX, CSOSG3, CSSO2G1, MATS, RGGI"
NY,East River,2493,70,NA,2022,5395,5388.5,NA,3500041.5,34.368,0.013,313506.725,0.0599,301.607,0.1128,5197399.4,Pipeline Natural Gas,Residual Oil,Dry bottom wall-fired boiler,NA,NA,NA,NA,"ARP, CSNOX, CSOSG3, CSSO2G1, MATS, RGGI"
NY,East River,2493,70,NA,2023,5609,5604.25,NA,4745934,11.538,0.0039,412754.275,0.0592,399.177,0.1129,6922906.325,Pipeline Natural Gas,Residual Oil,Dry bottom wall-fired boiler,NA,NA,NA,NA,"ARP, CSNOX, CSOSG3, CSSO2G1, MATS, RGGI"
NY,East River,2493,70,NA,2024,4477,4464,NA,2662083,7.307,0.0036,236178.275,0.0592,219.435,0.1075,3959851.25,Pipeline Natural Gas,Residual Oil,Dry bottom wall-fired boiler,NA,NA,NA,NA,"ARP, CSNOX, CSOSG2E, CSSO2G1, MATS, RGGI"
NY,Gowanus Generating Station,2494,CT01-1,NA,1999,319,319,6699,NA,NA,NA,NA,NA,29.189,0.611,95553,Diesel Oil,NA,Combustion turbine,NA,NA,NA,NA,OTC
NY,Gowanus Generating Station,2494,CT01-1,NA,2000,199,199,3214,NA,NA,NA,NA,NA,18.209,0.612,59501,Diesel Oil,NA,Combustion turbine,NA,NA,NA,NA,OTC
NY,Gowanus Generating Station,2494,CT01-1,NA,2001,278,278,4448,NA,NA,NA,NA,NA,25.437,0.612,83122,Diesel Oil,NA,Combustion turbine,NA,NA,NA,NA,OTC
NY,Gowanus Generating Station,2494,CT01-1,NA,2002,264,264,4224,NA,0,0,0,0,25.661,0.65,78936,"Diesel Oil, Other Oil",NA,Combustion turbine,NA,NA,NA,NA,OTC
NY,Gowanus Generating Station,2494,CT01-1,NA,2003,157,138.75,2220,NA,0,0,0,0,13.487,0.65,41487.3,Other Oil,NA,Combustion turbine,NA,NA,NA,NA,NBP
NY,Gowanus Generating Station,2494,CT01-1,NA,2004,104,95.5,1528,NA,0,0,0,0,9.794,0.686,28555,Other Oil,NA,Combustion turbine,NA,NA,NA,NA,NBP
NY,Gowanus Generating Station,2494,CT01-1,CP0001,2005,492,492,7872,NA,0,0,0,0,38.582,0.686,112497.2,Other Oil,NA,Combustion turbine,NA,NA,NA,NA,NBP
NY,Gowanus Generating Station,2494,CT01-1,CP0001,2006,99,99,1584,NA,0,0,0,0,7.859,0.686,22906.8,Other Oil,NA,Combustion turbine,NA,NA,NA,NA,NBP
NY,Gowanus Generating Station,2494,CT01-1,CP0001,2007,46,46,736,NA,0,0,0,0,3.552,0.686,10355,Other Oil,NA,Combustion turbine,NA,NA,NA,NA,NBP
NY,Gowanus Generating Station,2494,CT01-1,CP0001,2008,16,16,256,NA,0,0,0,0,1.292,0.686,3766.9,Other Oil,NA,Combustion turbine,NA,NA,NA,NA,"CAIROS, NBP"
NY,Gowanus Generating Station,2494,CT01-1,CP0001,2009,7,7,112,NA,NA,NA,NA,NA,0.386,0.686,1125.7,Other Oil,NA,Combustion turbine,NA,NA,NA,NA,CAIROS
NY,Gowanus Generating Station,2494,CT01-1,CP0001,2010,20,20,320,NA,NA,NA,NA,NA,1.725,0.824,4184.8,Other Oil,NA,Combustion turbine,NA,NA,NA,NA,CAIROS
NY,Gowanus Generating Station,2494,CT01-1,CP0001,2011,22,22,352,NA,NA,NA,NA,NA,1.856,0.824,4503.4,Other Oil,NA,Combustion turbine,NA,NA,NA,NA,CAIROS
NY,Gowanus Generating Station,2494,CT01-1,CP0001,2012,24,24,384,NA,NA,NA,NA,NA,3.253,1.2,5421.6,"Diesel Oil, Other Oil",NA,Combustion turbine,NA,NA,NA,NA,CAIROS
NY,Gowanus Generating Station,2494,CT01-1,CP0001,2013,67,67,1072,NA,NA,NA,NA,NA,6.318,0.74,17071.6,Diesel Oil,NA,Combustion turbine,NA,NA,NA,NA,CAIROS
NY,Gowanus Generating Station,2494,CT01-1,CP0001,2014,3,1.7,27.2,NA,NA,NA,NA,NA,0.119,0.7397,322,Diesel Oil,NA,Combustion turbine,NA,NA,NA,NA,CAIROS
NY,Gowanus Generating Station,2494,CT01-1,CP0001,2015,5,2.9,46.4,NA,NA,NA,NA,NA,0.265,0.7402,715.7,Diesel Oil,NA,Combustion turbine,NA,NA,NA,NA,SIPNOX
NY,Gowanus Generating Station,2494,CT01-1,CP0001,2016,8,5.5,88,NA,NA,NA,NA,NA,0.459,0.7404,1239.8,Diesel Oil,NA,Combustion turbine,NA,NA,NA,NA,SIPNOX
NY,Gowanus Generating Station,2494,CT01-1,CP0001,2017,3,1.8,28.8,NA,NA,NA,NA,NA,0.163,0.7403,441.1,Diesel Oil,NA,Combustion turbine,NA,NA,NA,NA,SIPNOX
NY,Gowanus Generating Station,2494,CT01-1,CP0001,2018,6,3.6,57.6,NA,NA,NA,NA,NA,0.265,0.5718,925.9,Diesel Oil,NA,Combustion turbine,NA,NA,NA,NA,SIPNOX
NY,Gowanus Generating Station,2494,CT01-1,CP0001,2019,5,3.7,59.2,NA,NA,NA,NA,NA,0.265,0.572,925.3,Diesel Oil,NA,Combustion turbine,NA,NA,NA,NA,SIPNOX
NY,Gowanus Generating Station,2494,CT01-1,CP0001,2020,9,5.8,92.8,NA,NA,NA,NA,NA,0.439,0.5722,1535.2,Diesel Oil,NA,Combustion turbine,NA,NA,NA,NA,SIPNOX
NY,Gowanus Generating Station,2494,CT01-1,CP0001,2021,14,8.6,177.2,NA,NA,NA,222.1,0.0811,0.785,0.5717,2743.5,Diesel Oil,NA,Combustion turbine,NA,NA,NA,NA,"RGGI, SIPNOX"
NY,Gowanus Generating Station,2494,CT01-1,CP0001,2022,7,4.4,92.8,NA,NA,NA,104.7,0.0811,0.37,0.5721,1293.1,Diesel Oil,NA,Combustion turbine,NA,NA,NA,NA,"RGGI, SIPNOX"
NY,Gowanus Generating Station,2494,CT01-1,CP0001,2023,0,0,NA,NA,NA,NA,NA,NA,NA,NA,NA,Diesel Oil,NA,Combustion turbine,NA,NA,NA,NA,"RGGI, SIPNOX"
NY,Gowanus Generating Station,2494,CT01-1,CP0001,2024,0,0,NA,NA,NA,NA,NA,NA,NA,NA,NA,Diesel Oil,NA,Combustion turbine,NA,NA,NA,NA,"RGGI, SIPNOX"
NY,Gowanus Generating Station,2494,CT01-2,NA,1999,348,348,7308,NA,NA,NA,NA,NA,31.842,0.606,105213,Diesel Oil,NA,Combustion turbine,NA,NA,NA,NA,OTC
NY,Gowanus Generating Station,2494,CT01-2,NA,2000,184,184,2944,NA,NA,NA,NA,NA,16.836,0.612,55016,Diesel Oil,NA,Combustion turbine,NA,NA,NA,NA,OTC
NY,Gowanus Generating Station,2494,CT01-2,NA,2001,285,285,4560,NA,NA,NA,NA,NA,26.078,0.612,85215,Diesel Oil,NA,Combustion turbine,NA,NA,NA,NA,OTC
NY,Gowanus Generating Station,2494,CT01-2,NA,2002,267,267,4272,NA,0,0,0,0,25.952,0.65,79833,"Diesel Oil, Other Oil",NA,Combustion turbine,NA,NA,NA,NA,OTC
NY,Gowanus Generating Station,2494,CT01-2,NA,2003,163,147.75,2364,NA,0,0,0,0,14.361,0.65,44178.2,Other Oil,NA,Combustion turbine,NA,NA,NA,NA,NBP
NY,Gowanus Generating Station,2494,CT01-2,NA,2004,89,81,1296,NA,0,0,0,0,8.307,0.686,24219.5,Other Oil,NA,Combustion turbine,NA,NA,NA,NA,NBP
NY,Gowanus Generating Station,2494,CT01-2,CP0001,2005,493,493,7888,NA,0,0,0,0,38.661,0.686,112727.4,Other Oil,NA,Combustion turbine,NA,NA,NA,NA,NBP
NY,Gowanus Generating Station,2494,CT01-2,CP0001,2006,98,98,1568,NA,0,0,0,0,7.804,0.686,22746.8,Other Oil,NA,Combustion turbine,NA,NA,NA,NA,NBP
NY,Gowanus Generating Station,2494,CT01-2,CP0001,2007,38,38,608,NA,0,0,0,0,2.932,0.686,8547.4,Other Oil,NA,Combustion turbine,NA,NA,NA,NA,NBP
NY,Gowanus Generating Station,2494,CT01-2,CP0001,2008,17,17,272,NA,0,0,0,0,1.373,0.686,4003.4,Other Oil,NA,Combustion turbine,NA,NA,NA,NA,"CAIROS, NBP"
NY,Gowanus Generating Station,2494,CT01-2,CP0001,2009,8,8,128,NA,NA,NA,NA,NA,0.233,0.686,678.9,Other Oil,NA,Combustion turbine,NA,NA,NA,NA,CAIROS
NY,Gowanus Generating Station,2494,CT01-2,CP0001,2010,27,27,432,NA,NA,NA,NA,NA,2.331,0.824,5656.5,Other Oil,NA,Combustion turbine,NA,NA,NA,NA,CAIROS
NY,Gowanus Generating Station,2494,CT01-2,CP0001,2011,26,26,416,NA,NA,NA,NA,NA,2.215,0.824,5374.7,Other Oil,NA,Combustion turbine,NA,NA,NA,NA,CAIROS
NY,Gowanus Generating Station,2494,CT01-2,CP0001,2012,27,27,432,NA,NA,NA,NA,NA,3.632,1.2,6052.8,"Diesel Oil, Other Oil",NA,Combustion turbine,NA,NA,NA,NA,CAIROS
NY,Gowanus Generating Station,2494,CT01-2,CP0001,2013,60,60,960,NA,NA,NA,NA,NA,5.658,0.74,15288,Diesel Oil,NA,Combustion turbine,NA,NA,NA,NA,CAIROS
NY,Gowanus Generating Station,2494,CT01-2,CP0001,2014,3,1.7,27.2,NA,NA,NA,NA,NA,0.119,0.7397,322,Diesel Oil,NA,Combustion turbine,NA,NA,NA,NA,CAIROS
NY,Gowanus Generating Station,2494,CT01-2,CP0001,2015,9,5.4,86.4,NA,NA,NA,NA,NA,0.485,0.7403,1311.2,Diesel Oil,NA,Combustion turbine,NA,NA,NA,NA,SIPNOX
NY,Gowanus Generating Station,2494,CT01-2,CP0001,2016,14,9.4,150.4,NA,NA,NA,NA,NA,0.839,0.7401,2266.4,Diesel Oil,NA,Combustion turbine,NA,NA,NA,NA,SIPNOX
NY,Gowanus Generating Station,2494,CT01-2,CP0001,2017,3,1.7,27.2,NA,NA,NA,NA,NA,0.154,0.7403,416.6,Diesel Oil,NA,Combustion turbine,NA,NA,NA,NA,SIPNOX
NY,Gowanus Generating Station,2494,CT01-2,CP0001,2018,11,5.8,92.8,NA,NA,NA,NA,NA,0.427,0.5714,1492.3,Diesel Oil,NA,Combustion turbine,NA,NA,NA,NA,SIPNOX
NY,Gowanus Generating Station,2494,CT01-2,CP0001,2019,3,1.8,28.8,NA,NA,NA,NA,NA,0.129,0.572,450.1,Diesel Oil,NA,Combustion turbine,NA,NA,NA,NA,SIPNOX
NY,Gowanus Generating Station,2494,CT01-2,CP0001,2020,3,2,32,NA,NA,NA,NA,NA,0.151,0.5723,529.4,Diesel Oil,NA,Combustion turbine,NA,NA,NA,NA,SIPNOX
NY,Gowanus Generating Station,2494,CT01-2,CP0001,2021,14,8,164.9,NA,NA,NA,207.3,0.0811,0.731,0.5718,2556.7,Diesel Oil,NA,Combustion turbine,NA,NA,NA,NA,"RGGI, SIPNOX"
NY,Gowanus Generating Station,2494,CT01-2,CP0001,2022,5,2.4,48,NA,NA,NA,60.3,0.0812,0.213,0.5724,744,Diesel Oil,NA,Combustion turbine,NA,NA,NA,NA,"RGGI, SIPNOX"
NY,Gowanus Generating Station,2494,CT01-2,CP0001,2023,0,0,NA,NA,NA,NA,NA,NA,NA,NA,NA,Diesel Oil,NA,Combustion turbine,NA,NA,NA,NA,"RGGI, SIPNOX"
NY,Gowanus Generating Station,2494,CT01-2,CP0001,2024,0,0,NA,NA,NA,NA,NA,NA,NA,NA,NA,Diesel Oil,NA,Combustion turbine,NA,NA,NA,NA,"RGGI, SIPNOX"
NY,Gowanus Generating Station,2494,CT01-3,NA,1999,322,322,6762,NA,NA,NA,NA,NA,29.463,0.6065,97267,Diesel Oil,NA,Combustion turbine,NA,NA,NA,NA,OTC
NY,Gowanus Generating Station,2494,CT01-3,NA,2000,205,205,3280,NA,NA,NA,NA,NA,18.758,0.612,61295,Diesel Oil,NA,Combustion turbine,NA,NA,NA,NA,OTC
NY,Gowanus Generating Station,2494,CT01-3,NA,2001,290,290,4640,NA,NA,NA,NA,NA,26.535,0.612,86710,Diesel Oil,NA,Combustion turbine,NA,NA,NA,NA,OTC
NY,Gowanus Generating Station,2494,CT01-3,NA,2002,265,265,4240,NA,0,0,0,0,25.758,0.65,79235,"Diesel Oil, Other Oil",NA,Combustion turbine,NA,NA,NA,NA,OTC
NY,Gowanus Generating Station,2494,CT01-3,NA,2003,171,156.5,2504,NA,0,0,0,0,15.212,0.65,46794.5,Other Oil,NA,Combustion turbine,NA,NA,NA,NA,NBP
NY,Gowanus Generating Station,2494,CT01-3,NA,2004,102,94.75,1516,NA,0,0,0,0,9.717,0.686,28330.7,Other Oil,NA,Combustion turbine,NA,NA,NA,NA,NBP
NY,Gowanus Generating Station,2494,CT01-3,CP0001,2005,492,492,7872,NA,0,0,0,0,38.605,0.686,112566.4,Other Oil,NA,Combustion turbine,NA,NA,NA,NA,NBP
NY,Gowanus Generating Station,2494,CT01-3,CP0001,2006,97,97,1552,NA,0,0,0,0,7.734,0.686,22541.5,Other Oil,NA,Combustion turbine,NA,NA,NA,NA,NBP
NY,Gowanus Generating Station,2494,CT01-3,CP0001,2007,36,36,576,NA,0,0,0,0,2.772,0.686,8082.6,Other Oil,NA,Combustion turbine,NA,NA,NA,NA,NBP
NY,Gowanus Generating Station,2494,CT01-3,CP0001,2008,11,11,176,NA,0,0,0,0,0.888,0.686,2589.8,Other Oil,NA,Combustion turbine,NA,NA,NA,NA,"CAIROS, NBP"
NY,Gowanus Generating Station,2494,CT01-3,CP0001,2009,6,6,96,NA,NA,NA,NA,NA,0.233,0.686,678.9,Other Oil,NA,Combustion turbine,NA,NA,NA,NA,CAIROS
NY,Gowanus Generating Station,2494,CT01-3,CP0001,2010,20,20,320,NA,NA,NA,NA,NA,1.727,0.824,4190.2,Other Oil,NA,Combustion turbine,NA,NA,NA,NA,CAIROS
NY,Gowanus Generating Station,2494,CT01-3,CP0001,2011,24,24,354,NA,NA,NA,NA,NA,1.886,0.8238,4577.5,Other Oil,NA,Combustion turbine,NA,NA,NA,NA,CAIROS
NY,Gowanus Generating Station,2494,CT01-3,CP0001,2012,27,27,432,NA,NA,NA,NA,NA,3.632,1.2,6052.8,"Diesel Oil, Other Oil",NA,Combustion turbine,NA,NA,NA,NA,CAIROS
NY,Gowanus Generating Station,2494,CT01-3,CP0001,2013,56,56,896,NA,NA,NA,NA,NA,5.281,0.74,14268.8,Diesel Oil,NA,Combustion turbine,NA,NA,NA,NA,CAIROS
NY,Gowanus Generating Station,2494,CT01-3,CP0001,2014,3,1.7,27.2,NA,NA,NA,NA,NA,0.119,0.7403,322,Diesel Oil,NA,Combustion turbine,NA,NA,NA,NA,CAIROS
NY,Gowanus Generating Station,2494,CT01-3,CP0001,2015,5,2.9,46.4,NA,NA,NA,NA,NA,0.264,0.74,714.7,Diesel Oil,NA,Combustion turbine,NA,NA,NA,NA,SIPNOX
NY,Gowanus Generating Station,2494,CT01-3,CP0001,2016,10,6.7,107.2,NA,NA,NA,NA,NA,0.589,0.7399,1592.9,Diesel Oil,NA,Combustion turbine,NA,NA,NA,NA,SIPNOX
NY,Gowanus Generating Station,2494,CT01-3,CP0001,2017,4,2.5,40,NA,NA,NA,NA,NA,0.227,0.7403,612.7,Diesel Oil,NA,Combustion turbine,NA,NA,NA,NA,SIPNOX
NY,Gowanus Generating Station,2494,CT01-3,CP0001,2018,3,2,32,NA,NA,NA,NA,NA,0.142,0.572,494.7,Diesel Oil,NA,Combustion turbine,NA,NA,NA,NA,SIPNOX
NY,Gowanus Generating Station,2494,CT01-3,CP0001,2019,3,2,32,NA,NA,NA,NA,NA,0.143,0.572,500.2,Diesel Oil,NA,Combustion turbine,NA,NA,NA,NA,SIPNOX
NY,Gowanus Generating Station,2494,CT01-3,CP0001,2020,9,4.9,78.4,NA,NA,NA,NA,NA,0.371,0.5727,1297,Diesel Oil,NA,Combustion turbine,NA,NA,NA,NA,SIPNOX
NY,Gowanus Generating Station,2494,CT01-3,CP0001,2021,11,7.2,116.1,NA,NA,NA,144.8,0.081,0.511,0.5719,1787.7,Diesel Oil,NA,Combustion turbine,NA,NA,NA,NA,"RGGI, SIPNOX"
NY,Gowanus Generating Station,2494,CT01-3,CP0001,2022,13,9.2,159.1,NA,NA,NA,167.7,0.0809,0.592,0.5718,2070.8,Diesel Oil,NA,Combustion turbine,NA,NA,NA,NA,"RGGI, SIPNOX"
NY,Gowanus Generating Station,2494,CT01-3,CP0001,2023,0,0,NA,NA,NA,NA,NA,NA,NA,NA,NA,Diesel Oil,NA,Combustion turbine,NA,NA,NA,NA,"RGGI, SIPNOX"
NY,Gowanus Generating Station,2494,CT01-3,CP0001,2024,0,0,NA,NA,NA,NA,NA,NA,NA,NA,NA,Diesel Oil,NA,Combustion turbine,NA,NA,NA,NA,"RGGI, SIPNOX"
NY,Gowanus Generating Station,2494,CT01-4,NA,1999,NA,NA,NA,NA,NA,NA,NA,NA,NA,NA,NA,Diesel Oil,NA,Combustion turbine,NA,NA,NA,NA,OTC
NY,Gowanus Generating Station,2494,CT01-4,NA,2000,206,206,3296,NA,NA,NA,NA,NA,18.849,0.612,61594,Diesel Oil,NA,Combustion turbine,NA,NA,NA,NA,OTC
NY,Gowanus Generating Station,2494,CT01-4,NA,2001,311,311,4976,NA,NA,NA,NA,NA,28.457,0.612,92989,Diesel Oil,NA,Combustion turbine,NA,NA,NA,NA,OTC
NY,Gowanus Generating Station,2494,CT01-4,NA,2002,272,272,4352,NA,0,0,0,0,26.438,0.65,81328,"Diesel Oil, Other Oil",NA,Combustion turbine,NA,NA,NA,NA,OTC
NY,Gowanus Generating Station,2494,CT01-4,NA,2003,189,170.25,2724,NA,0,0,0,0,16.548,0.65,50906.1,Other Oil,NA,Combustion turbine,NA,NA,NA,NA,NBP
NY,Gowanus Generating Station,2494,CT01-4,NA,2004,101,93.75,1500,NA,0,0,0,0,9.614,0.686,28031.7,Other Oil,NA,Combustion turbine,NA,NA,NA,NA,NBP
NY,Gowanus Generating Station,2494,CT01-4,CP0001,2005,530,530,8480,NA,0,0,0,0,41.558,0.686,121175.6,Other Oil,NA,Combustion turbine,NA,NA,NA,NA,NBP
NY,Gowanus Generating Station,2494,CT01-4,CP0001,2006,94,94,1504,NA,0,0,0,0,7.491,0.686,21835,Other Oil,NA,Combustion turbine,NA,NA,NA,NA,NBP
NY,Gowanus Generating Station,2494,CT01-4,CP0001,2007,41,41,656,NA,0,0,0,0,3.145,0.686,9167.2,Other Oil,NA,Combustion turbine,NA,NA,NA,NA,NBP
NY,Gowanus Generating Station,2494,CT01-4,CP0001,2008,13,13,208,NA,0,0,0,0,1.05,0.686,3061,Other Oil,NA,Combustion turbine,NA,NA,NA,NA,"CAIROS, NBP"
NY,Gowanus Generating Station,2494,CT01-4,CP0001,2009,6,6,96,NA,NA,NA,NA,NA,0.233,0.686,678.9,Other Oil,NA,Combustion turbine,NA,NA,NA,NA,CAIROS
NY,Gowanus Generating Station,2494,CT01-4,CP0001,2010,30,30,480,NA,NA,NA,NA,NA,2.591,0.824,6288,Other Oil,NA,Combustion turbine,NA,NA,NA,NA,CAIROS
NY,Gowanus Generating Station,2494,CT01-4,CP0001,2011,26,26,416,NA,NA,NA,NA,NA,2.215,0.824,5374.7,Other Oil,NA,Combustion turbine,NA,NA,NA,NA,CAIROS
NY,Gowanus Generating Station,2494,CT01-4,CP0001,2012,24,24,384,NA,NA,NA,NA,NA,3.119,1.2,5198.4,"Diesel Oil, Other Oil",NA,Combustion turbine,NA,NA,NA,NA,CAIROS
NY,Gowanus Generating Station,2494,CT01-4,CP0001,2013,39,39,624,NA,NA,NA,NA,NA,3.678,0.74,9937.2,Diesel Oil,NA,Combustion turbine,NA,NA,NA,NA,CAIROS
NY,Gowanus Generating Station,2494,CT01-4,CP0001,2014,3,1.8,28.8,NA,NA,NA,NA,NA,0.126,0.7403,341,Diesel Oil,NA,Combustion turbine,NA,NA,NA,NA,CAIROS
NY,Gowanus Generating Station,2494,CT01-4,CP0001,2015,5,2.6,41.6,NA,NA,NA,NA,NA,0.237,0.74,639.3,Diesel Oil,NA,Combustion turbine,NA,NA,NA,NA,SIPNOX
NY,Gowanus Generating Station,2494,CT01-4,CP0001,2016,7,3.9,62.4,NA,NA,NA,NA,NA,0.325,0.7403,879.1,Diesel Oil,NA,Combustion turbine,NA,NA,NA,NA,SIPNOX
NY,Gowanus Generating Station,2494,CT01-4,CP0001,2017,3,2.3,36.8,NA,NA,NA,NA,NA,0.209,0.74,563.7,Diesel Oil,NA,Combustion turbine,NA,NA,NA,NA,SIPNOX
NY,Gowanus Generating Station,2494,CT01-4,CP0001,2018,3,2.1,33.6,NA,NA,NA,NA,NA,0.149,0.572,519.4,Diesel Oil,NA,Combustion turbine,NA,NA,NA,NA,SIPNOX
NY,Gowanus Generating Station,2494,CT01-4,CP0001,2019,9,5.2,83.2,NA,NA,NA,NA,NA,0.372,0.572,1300.3,Diesel Oil,NA,Combustion turbine,NA,NA,NA,NA,SIPNOX
NY,Gowanus Generating Station,2494,CT01-4,CP0001,2020,3,2,32,NA,NA,NA,NA,NA,0.151,0.572,529.4,Diesel Oil,NA,Combustion turbine,NA,NA,NA,NA,SIPNOX
NY,Gowanus Generating Station,2494,CT01-4,CP0001,2021,11,7.6,132.6,NA,NA,NA,169.3,0.0809,0.598,0.5719,2090.9,Diesel Oil,NA,Combustion turbine,NA,NA,NA,NA,"RGGI, SIPNOX"
NY,Gowanus Generating Station,2494,CT01-4,CP0001,2022,13,10,172.3,NA,NA,NA,183.7,0.0808,0.649,0.5721,2268.5,Diesel Oil,NA,Combustion turbine,NA,NA,NA,NA,"RGGI, SIPNOX"
NY,Gowanus Generating Station,2494,CT01-4,CP0001,2023,0,0,NA,NA,NA,NA,NA,NA,NA,NA,NA,Diesel Oil,NA,Combustion turbine,NA,NA,NA,NA,"RGGI, SIPNOX"
NY,Gowanus Generating Station,2494,CT01-4,CP0001,2024,0,0,NA,NA,NA,NA,NA,NA,NA,NA,NA,Diesel Oil,NA,Combustion turbine,NA,NA,NA,NA,"RGGI, SIPNOX"
NY,Gowanus Generating Station,2494,CT01-5,NA,1999,322,322,6762,NA,NA,NA,NA,NA,29.463,0.612,96278,Diesel Oil,NA,Combustion turbine,NA,NA,NA,NA,OTC
NY,Gowanus Generating Station,2494,CT01-5,NA,2000,182,182,2912,NA,NA,NA,NA,NA,15.921,0.612,54418,Diesel Oil,NA,Combustion turbine,NA,NA,NA,NA,OTC
NY,Gowanus Generating Station,2494,CT01-5,NA,2001,317,317,5072,NA,NA,NA,NA,NA,29.006,0.612,94783,Diesel Oil,NA,Combustion turbine,NA,NA,NA,NA,OTC
NY,Gowanus Generating Station,2494,CT01-5,NA,2002,276,276,4416,NA,0,0,0,0,26.827,0.65,82524,"Diesel Oil, Other Oil",NA,Combustion turbine,NA,NA,NA,NA,OTC
NY,Gowanus Generating Station,2494,CT01-5,NA,2003,165,148.75,2380,NA,0,0,0,0,14.459,0.65,44477.3,Other Oil,NA,Combustion turbine,NA,NA,NA,NA,NBP
NY,Gowanus Generating Station,2494,CT01-5,NA,2004,88,81.5,1304,NA,0,0,0,0,8.358,0.686,24368.9,Other Oil,NA,Combustion turbine,NA,NA,NA,NA,NBP
NY,Gowanus Generating Station,2494,CT01-5,CP0001,2005,511,511,8176,NA,0,0,0,0,40.1,0.686,116922.9,Other Oil,NA,Combustion turbine,NA,NA,NA,NA,NBP
NY,Gowanus Generating Station,2494,CT01-5,CP0001,2006,98,98,1568,NA,0,0,0,0,7.814,0.686,22777,Other Oil,NA,Combustion turbine,NA,NA,NA,NA,NBP
NY,Gowanus Generating Station,2494,CT01-5,CP0001,2007,39,39,624,NA,0,0,0,0,2.998,0.686,8741.1,Other Oil,NA,Combustion turbine,NA,NA,NA,NA,NBP
NY,Gowanus Generating Station,2494,CT01-5,CP0001,2008,9,9,144,NA,0,0,0,0,0.727,0.686,2119.5,Other Oil,NA,Combustion turbine,NA,NA,NA,NA,"CAIROS, NBP"
NY,Gowanus Generating Station,2494,CT01-5,CP0001,2009,6,6,96,NA,NA,NA,NA,NA,0.233,0.686,678.9,Other Oil,NA,Combustion turbine,NA,NA,NA,NA,CAIROS
NY,Gowanus Generating Station,2494,CT01-5,CP0001,2010,27,27,432,NA,NA,NA,NA,NA,2.329,0.824,5651.1,Other Oil,NA,Combustion turbine,NA,NA,NA,NA,CAIROS
NY,Gowanus Generating Station,2494,CT01-5,CP0001,2011,34,34,544,NA,NA,NA,NA,NA,2.926,0.824,7100.8,Other Oil,NA,Combustion turbine,NA,NA,NA,NA,CAIROS
NY,Gowanus Generating Station,2494,CT01-5,CP0001,2012,25,25,400,NA,NA,NA,NA,NA,3.379,1.2,5632,"Diesel Oil, Other Oil",NA,Combustion turbine,NA,NA,NA,NA,CAIROS
NY,Gowanus Generating Station,2494,CT01-5,CP0001,2013,27,27,432,NA,NA,NA,NA,NA,2.546,0.74,6879.6,Diesel Oil,NA,Combustion turbine,NA,NA,NA,NA,CAIROS
NY,Gowanus Generating Station,2494,CT01-5,CP0001,2014,3,2,32,NA,NA,NA,NA,NA,0.14,0.74,378.8,Diesel Oil,NA,Combustion turbine,NA,NA,NA,NA,CAIROS
NY,Gowanus Generating Station,2494,CT01-5,CP0001,2015,7,4.1,65.6,NA,NA,NA,NA,NA,0.373,0.7401,1007,Diesel Oil,NA,Combustion turbine,NA,NA,NA,NA,SIPNOX
NY,Gowanus Generating Station,2494,CT01-5,CP0001,2016,8,6,96,NA,NA,NA,NA,NA,0.5,0.7399,1352.5,Diesel Oil,NA,Combustion turbine,NA,NA,NA,NA,SIPNOX
NY,Gowanus Generating Station,2494,CT01-5,CP0001,2017,5,4.2,67.2,NA,NA,NA,NA,NA,0.381,0.74,1029.4,Diesel Oil,NA,Combustion turbine,NA,NA,NA,NA,SIPNOX
NY,Gowanus Generating Station,2494,CT01-5,CP0001,2018,3,1.9,30.4,NA,NA,NA,NA,NA,0.134,0.572,469.9,Diesel Oil,NA,Combustion turbine,NA,NA,NA,NA,SIPNOX
NY,Gowanus Generating Station,2494,CT01-5,CP0001,2019,3,1.9,30.4,NA,NA,NA,NA,NA,0.136,0.572,475.1,Diesel Oil,NA,Combustion turbine,NA,NA,NA,NA,SIPNOX
NY,Gowanus Generating Station,2494,CT01-5,CP0001,2020,3,1.9,30.4,NA,NA,NA,NA,NA,0.144,0.572,502.9,Diesel Oil,NA,Combustion turbine,NA,NA,NA,NA,SIPNOX
NY,Gowanus Generating Station,2494,CT01-5,CP0001,2021,21,13.5,175.3,NA,NA,NA,234.1,0.0813,0.826,0.5732,2888.6,Diesel Oil,NA,Combustion turbine,NA,NA,NA,NA,"RGGI, SIPNOX"
NY,Gowanus Generating Station,2494,CT01-5,CP0001,2022,6,4,79.5,NA,NA,NA,90.7,0.0812,0.32,0.5717,1120.2,Diesel Oil,NA,Combustion turbine,NA,NA,NA,NA,"RGGI, SIPNOX"
NY,Gowanus Generating Station,2494,CT01-5,CP0001,2023,0,0,NA,NA,NA,NA,NA,NA,NA,NA,NA,Diesel Oil,NA,Combustion turbine,NA,NA,NA,NA,"RGGI, SIPNOX"
NY,Gowanus Generating Station,2494,CT01-5,CP0001,2024,0,0,NA,NA,NA,NA,NA,NA,NA,NA,NA,Diesel Oil,NA,Combustion turbine,NA,NA,NA,NA,"RGGI, SIPNOX"
NY,Gowanus Generating Station,2494,CT01-6,NA,1999,365,365,7665,NA,NA,NA,NA,NA,33.398,0.612,109135,Diesel Oil,NA,Combustion turbine,NA,NA,NA,NA,OTC
NY,Gowanus Generating Station,2494,CT01-6,NA,2000,185,185,2960,NA,NA,NA,NA,NA,14.091,0.612,55315,Diesel Oil,NA,Combustion turbine,NA,NA,NA,NA,OTC
NY,Gowanus Generating Station,2494,CT01-6,NA,2001,321,321,5136,NA,NA,NA,NA,NA,29.372,0.612,95979,Diesel Oil,NA,Combustion turbine,NA,NA,NA,NA,OTC
NY,Gowanus Generating Station,2494,CT01-6,NA,2002,152,152,2432,NA,0,0,0,0,14.774,0.65,45448,"Diesel Oil, Other Oil",NA,Combustion turbine,NA,NA,NA,NA,OTC
NY,Gowanus Generating Station,2494,CT01-6,NA,2003,161,141.75,2268,NA,0,0,0,0,13.778,0.65,42384.5,Other Oil,NA,Combustion turbine,NA,NA,NA,NA,NBP
NY,Gowanus Generating Station,2494,CT01-6,NA,2004,85,77,1232,NA,0,0,0,0,7.897,0.686,23023.5,Other Oil,NA,Combustion turbine,NA,NA,NA,NA,NBP
NY,Gowanus Generating Station,2494,CT01-6,CP0001,2005,502,502,8032,NA,0,0,0,0,39.383,0.686,114833.8,Other Oil,NA,Combustion turbine,NA,NA,NA,NA,NBP
NY,Gowanus Generating Station,2494,CT01-6,CP0001,2006,83,83,1328,NA,0,0,0,0,6.613,0.686,19274.7,Other Oil,NA,Combustion turbine,NA,NA,NA,NA,NBP
NY,Gowanus Generating Station,2494,CT01-6,CP0001,2007,40,40,640,NA,0,0,0,0,3.091,0.686,9012.2,Other Oil,NA,Combustion turbine,NA,NA,NA,NA,NBP
NY,Gowanus Generating Station,2494,CT01-6,CP0001,2008,11,11,176,NA,0,0,0,0,0.889,0.686,2590.7,Other Oil,NA,Combustion turbine,NA,NA,NA,NA,"CAIROS, NBP"
NY,Gowanus Generating Station,2494,CT01-6,CP0001,2009,7,7,112,NA,NA,NA,NA,NA,0.31,0.686,905.2,Other Oil,NA,Combustion turbine,NA,NA,NA,NA,CAIROS
NY,Gowanus Generating Station,2494,CT01-6,CP0001,2010,34,34,544,NA,NA,NA,NA,NA,2.934,0.824,7119.2,Other Oil,NA,Combustion turbine,NA,NA,NA,NA,CAIROS
NY,Gowanus Generating Station,2494,CT01-6,CP0001,2011,22,22,352,NA,NA,NA,NA,NA,1.91,0.824,4635.4,Other Oil,NA,Combustion turbine,NA,NA,NA,NA,CAIROS
NY,Gowanus Generating Station,2494,CT01-6,CP0001,2012,21,21,336,NA,NA,NA,NA,NA,2.859,1.2,4765.6,"Diesel Oil, Other Oil",NA,Combustion turbine,NA,NA,NA,NA,CAIROS
NY,Gowanus Generating Station,2494,CT01-6,CP0001,2013,39,39,624,NA,NA,NA,NA,NA,3.678,0.74,9937.2,Diesel Oil,NA,Combustion turbine,NA,NA,NA,NA,CAIROS
NY,Gowanus Generating Station,2494,CT01-6,CP0001,2014,3,1.8,28.8,NA,NA,NA,NA,NA,0.126,0.7397,341,Diesel Oil,NA,Combustion turbine,NA,NA,NA,NA,CAIROS
NY,Gowanus Generating Station,2494,CT01-6,CP0001,2015,4,2.2,35.2,NA,NA,NA,NA,NA,0.199,0.7403,536.9,Diesel Oil,NA,Combustion turbine,NA,NA,NA,NA,SIPNOX
NY,Gowanus Generating Station,2494,CT01-6,CP0001,2016,13,8.7,139.2,NA,NA,NA,NA,NA,0.801,0.74,2166.3,Diesel Oil,NA,Combustion turbine,NA,NA,NA,NA,SIPNOX
NY,Gowanus Generating Station,2494,CT01-6,CP0001,2017,3,2,32,NA,NA,NA,NA,NA,0.181,0.7403,490.2,Diesel Oil,NA,Combustion turbine,NA,NA,NA,NA,SIPNOX
NY,Gowanus Generating Station,2494,CT01-6,CP0001,2018,3,1.9,30.4,NA,NA,NA,NA,NA,0.134,0.572,469.9,Diesel Oil,NA,Combustion turbine,NA,NA,NA,NA,SIPNOX
NY,Gowanus Generating Station,2494,CT01-6,CP0001,2019,3,1.9,30.4,NA,NA,NA,NA,NA,0.136,0.572,475.1,Diesel Oil,NA,Combustion turbine,NA,NA,NA,NA,SIPNOX
NY,Gowanus Generating Station,2494,CT01-6,CP0001,2020,3,1.9,30.4,NA,NA,NA,NA,NA,0.144,0.5723,502.9,Diesel Oil,NA,Combustion turbine,NA,NA,NA,NA,SIPNOX
NY,Gowanus Generating Station,2494,CT01-6,CP0001,2021,12,7.7,135.9,NA,NA,NA,172.6,0.0811,0.609,0.5719,2129.5,Diesel Oil,NA,Combustion turbine,NA,NA,NA,NA,"RGGI, SIPNOX"
NY,Gowanus Generating Station,2494,CT01-6,CP0001,2022,14,10.9,196,NA,NA,NA,211.9,0.0809,0.749,0.5719,2618.3,Diesel Oil,NA,Combustion turbine,NA,NA,NA,NA,"RGGI, SIPNOX"
NY,Gowanus Generating Station,2494,CT01-6,CP0001,2023,0,0,NA,NA,NA,NA,NA,NA,NA,NA,NA,Diesel Oil,NA,Combustion turbine,NA,NA,NA,NA,"RGGI, SIPNOX"
NY,Gowanus Generating Station,2494,CT01-6,CP0001,2024,0,0,NA,NA,NA,NA,NA,NA,NA,NA,NA,Diesel Oil,NA,Combustion turbine,NA,NA,NA,NA,"RGGI, SIPNOX"
NY,Gowanus Generating Station,2494,CT01-7,NA,1999,7,7,147,NA,NA,NA,NA,NA,0.641,0.612,2093,Diesel Oil,NA,Combustion turbine,NA,NA,NA,NA,OTC
NY,Gowanus Generating Station,2494,CT01-7,NA,2000,NA,NA,NA,NA,NA,NA,NA,NA,NA,NA,NA,Diesel Oil,NA,Combustion turbine,NA,NA,NA,NA,OTC
NY,Gowanus Generating Station,2494,CT01-7,NA,2001,294,294,4704,NA,NA,NA,NA,NA,26.901,0.612,87906,Diesel Oil,NA,Combustion turbine,NA,NA,NA,NA,OTC
NY,Gowanus Generating Station,2494,CT01-7,NA,2002,257,257,4112,NA,0,0,0,0,24.98,0.65,76843,"Diesel Oil, Other Oil",NA,Combustion turbine,NA,NA,NA,NA,OTC
NY,Gowanus Generating Station,2494,CT01-7,NA,2003,133,116.5,1864,NA,0,0,0,0,11.324,0.65,34834.6,Other Oil,NA,Combustion turbine,NA,NA,NA,NA,NBP
NY,Gowanus Generating Station,2494,CT01-7,NA,2004,105,96.5,1544,NA,0,0,0,0,9.896,0.686,28854.1,Other Oil,NA,Combustion turbine,NA,NA,NA,NA,NBP
NY,Gowanus Generating Station,2494,CT01-7,CP0001,2005,509,509,8144,NA,0,0,0,0,39.924,0.686,116410.6,Other Oil,NA,Combustion turbine,NA,NA,NA,NA,NBP
NY,Gowanus Generating Station,2494,CT01-7,CP0001,2006,94,94,1504,NA,0,0,0,0,7.502,0.686,21865.2,Other Oil,NA,Combustion turbine,NA,NA,NA,NA,NBP
NY,Gowanus Generating Station,2494,CT01-7,CP0001,2007,44,44,704,NA,0,0,0,0,3.392,0.686,9890.2,Other Oil,NA,Combustion turbine,NA,NA,NA,NA,NBP
NY,Gowanus Generating Station,2494,CT01-7,CP0001,2008,11,11,176,NA,0,0,0,0,0.888,0.686,2590.4,Other Oil,NA,Combustion turbine,NA,NA,NA,NA,"CAIROS, NBP"
NY,Gowanus Generating Station,2494,CT01-7,CP0001,2009,7,7,112,NA,NA,NA,NA,NA,0.31,0.686,905.2,Other Oil,NA,Combustion turbine,NA,NA,NA,NA,CAIROS
NY,Gowanus Generating Station,2494,CT01-7,CP0001,2010,31,31,496,NA,NA,NA,NA,NA,2.677,0.824,6496.7,Other Oil,NA,Combustion turbine,NA,NA,NA,NA,CAIROS
NY,Gowanus Generating Station,2494,CT01-7,CP0001,2011,23,23,368,NA,NA,NA,NA,NA,1.95,0.824,4733.6,Other Oil,NA,Combustion turbine,NA,NA,NA,NA,CAIROS
NY,Gowanus Generating Station,2494,CT01-7,CP0001,2012,23,23,368,NA,NA,NA,NA,NA,3.112,1.2,5186.4,"Diesel Oil, Other Oil",NA,Combustion turbine,NA,NA,NA,NA,CAIROS
NY,Gowanus Generating Station,2494,CT01-7,CP0001,2013,39,39,624,NA,NA,NA,NA,NA,3.678,0.74,9937.2,Diesel Oil,NA,Combustion turbine,NA,NA,NA,NA,CAIROS
NY,Gowanus Generating Station,2494,CT01-7,CP0001,2014,10,6.4,102.4,NA,NA,NA,NA,NA,0.449,0.74,1212.4,Diesel Oil,NA,Combustion turbine,NA,NA,NA,NA,CAIROS
NY,Gowanus Generating Station,2494,CT01-7,CP0001,2015,8,5.1,81.6,NA,NA,NA,NA,NA,0.463,0.7403,1249.9,Diesel Oil,NA,Combustion turbine,NA,NA,NA,NA,SIPNOX
NY,Gowanus Generating Station,2494,CT01-7,CP0001,2016,5,3.5,56,NA,NA,NA,NA,NA,0.292,0.74,788.9,Diesel Oil,NA,Combustion turbine,NA,NA,NA,NA,SIPNOX
NY,Gowanus Generating Station,2494,CT01-7,CP0001,2017,27,23,368,NA,NA,NA,NA,NA,1.984,0.7401,5361.2,Diesel Oil,NA,Combustion turbine,NA,NA,NA,NA,SIPNOX
NY,Gowanus Generating Station,2494,CT01-7,CP0001,2018,5,3.3,52.8,NA,NA,NA,NA,NA,0.242,0.572,845.1,Diesel Oil,NA,Combustion turbine,NA,NA,NA,NA,SIPNOX
NY,Gowanus Generating Station,2494,CT01-7,CP0001,2019,3,1.9,30.4,NA,NA,NA,NA,NA,0.136,0.572,475.1,Diesel Oil,NA,Combustion turbine,NA,NA,NA,NA,SIPNOX
NY,Gowanus Generating Station,2494,CT01-7,CP0001,2020,3,2.1,33.6,NA,NA,NA,NA,NA,0.159,0.5723,555.8,Diesel Oil,NA,Combustion turbine,NA,NA,NA,NA,SIPNOX
NY,Gowanus Generating Station,2494,CT01-7,CP0001,2021,12,7.5,142.2,NA,NA,NA,176.1,0.0811,0.622,0.572,2173.9,Diesel Oil,NA,Combustion turbine,NA,NA,NA,NA,"RGGI, SIPNOX"
NY,Gowanus Generating Station,2494,CT01-7,CP0001,2022,17,12.4,226.2,NA,NA,NA,247.6,0.0809,0.875,0.5721,3057.9,Diesel Oil,NA,Combustion turbine,NA,NA,NA,NA,"RGGI, SIPNOX"
NY,Gowanus Generating Station,2494,CT01-7,CP0001,2023,0,0,NA,NA,NA,NA,NA,NA,NA,NA,NA,Diesel Oil,NA,Combustion turbine,NA,NA,NA,NA,"RGGI, SIPNOX"
NY,Gowanus Generating Station,2494,CT01-7,CP0001,2024,0,0,NA,NA,NA,NA,NA,NA,NA,NA,NA,Diesel Oil,NA,Combustion turbine,NA,NA,NA,NA,"RGGI, SIPNOX"
NY,Gowanus Generating Station,2494,CT01-8,NA,1999,NA,NA,NA,NA,NA,NA,NA,NA,NA,NA,NA,Diesel Oil,NA,Combustion turbine,NA,NA,NA,NA,OTC
NY,Gowanus Generating Station,2494,CT01-8,NA,2000,NA,NA,NA,NA,NA,NA,NA,NA,NA,NA,NA,Diesel Oil,NA,Combustion turbine,NA,NA,NA,NA,OTC
NY,Gowanus Generating Station,2494,CT01-8,NA,2001,325,325,5200,NA,NA,NA,NA,NA,29.738,0.612,97175,Diesel Oil,NA,Combustion turbine,NA,NA,NA,NA,OTC
NY,Gowanus Generating Station,2494,CT01-8,NA,2002,284,284,4544,NA,0,0,0,0,27.605,0.65,84916,"Diesel Oil, Other Oil",NA,Combustion turbine,NA,NA,NA,NA,OTC
NY,Gowanus Generating Station,2494,CT01-8,NA,2003,150,137.5,2200,NA,0,0,0,0,13.365,0.65,41113.4,Other Oil,NA,Combustion turbine,NA,NA,NA,NA,NBP
NY,Gowanus Generating Station,2494,CT01-8,NA,2004,107,99.5,1592,NA,0,0,0,0,10.204,0.686,29751,Other Oil,NA,Combustion turbine,NA,NA,NA,NA,NBP
NY,Gowanus Generating Station,2494,CT01-8,CP0001,2005,432,432,6912,NA,0,0,0,0,33.88,0.686,98789,Other Oil,NA,Combustion turbine,NA,NA,NA,NA,NBP
NY,Gowanus Generating Station,2494,CT01-8,CP0001,2006,93,93,1488,NA,0,0,0,0,7.416,0.686,21614.6,Other Oil,NA,Combustion turbine,NA,NA,NA,NA,NBP
NY,Gowanus Generating Station,2494,CT01-8,CP0001,2007,37,37,592,NA,0,0,0,0,2.843,0.686,8289.2,Other Oil,NA,Combustion turbine,NA,NA,NA,NA,NBP
NY,Gowanus Generating Station,2494,CT01-8,CP0001,2008,13,13,208,NA,0,0,0,0,1.05,0.686,3061.9,Other Oil,NA,Combustion turbine,NA,NA,NA,NA,"CAIROS, NBP"
NY,Gowanus Generating Station,2494,CT01-8,CP0001,2009,6,6,96,NA,NA,NA,NA,NA,0.233,0.686,678.9,Other Oil,NA,Combustion turbine,NA,NA,NA,NA,CAIROS
NY,Gowanus Generating Station,2494,CT01-8,CP0001,2010,27,27,432,NA,NA,NA,NA,NA,2.33,0.824,5652.9,Other Oil,NA,Combustion turbine,NA,NA,NA,NA,CAIROS
NY,Gowanus Generating Station,2494,CT01-8,CP0001,2011,31,31,496,NA,NA,NA,NA,NA,2.662,0.824,6459.7,Other Oil,NA,Combustion turbine,NA,NA,NA,NA,CAIROS
NY,Gowanus Generating Station,2494,CT01-8,CP0001,2012,32,32,512,NA,NA,NA,NA,NA,4.263,1.2,7104.8,"Diesel Oil, Other Oil",NA,Combustion turbine,NA,NA,NA,NA,CAIROS
NY,Gowanus Generating Station,2494,CT01-8,CP0001,2013,29,29,464,NA,NA,NA,NA,NA,2.735,0.74,7389.2,Diesel Oil,NA,Combustion turbine,NA,NA,NA,NA,CAIROS
NY,Gowanus Generating Station,2494,CT01-8,CP0001,2014,11,6.3,100.8,NA,NA,NA,NA,NA,0.526,0.7401,1421.5,Diesel Oil,NA,Combustion turbine,NA,NA,NA,NA,CAIROS
NY,Gowanus Generating Station,2494,CT01-8,CP0001,2015,5,3,48,NA,NA,NA,NA,NA,0.273,0.7402,738.3,Diesel Oil,NA,Combustion turbine,NA,NA,NA,NA,SIPNOX
NY,Gowanus Generating Station,2494,CT01-8,CP0001,2016,13,8.2,131.2,NA,NA,NA,NA,NA,0.754,0.7401,2038.9,Diesel Oil,NA,Combustion turbine,NA,NA,NA,NA,SIPNOX
NY,Gowanus Generating Station,2494,CT01-8,CP0001,2017,6,4.5,72,NA,NA,NA,NA,NA,0.408,0.7402,1102.9,Diesel Oil,NA,Combustion turbine,NA,NA,NA,NA,SIPNOX
NY,Gowanus Generating Station,2494,CT01-8,CP0001,2018,3,1.8,28.8,NA,NA,NA,NA,NA,0.127,0.572,445.2,Diesel Oil,NA,Combustion turbine,NA,NA,NA,NA,SIPNOX
NY,Gowanus Generating Station,2494,CT01-8,CP0001,2019,3,1.8,28.8,NA,NA,NA,NA,NA,0.129,0.572,450.1,Diesel Oil,NA,Combustion turbine,NA,NA,NA,NA,SIPNOX
NY,Gowanus Generating Station,2494,CT01-8,CP0001,2020,3,2,32,NA,NA,NA,NA,NA,0.151,0.5723,529.4,Diesel Oil,NA,Combustion turbine,NA,NA,NA,NA,SIPNOX
NY,Gowanus Generating Station,2494,CT01-8,CP0001,2021,0,0,NA,NA,NA,NA,NA,NA,NA,NA,NA,Diesel Oil,NA,Combustion turbine,NA,NA,NA,NA,"RGGI, SIPNOX"
NY,Gowanus Generating Station,2494,CT01-8,CP0001,2022,0,0,NA,NA,NA,NA,NA,NA,NA,NA,NA,Diesel Oil,NA,Combustion turbine,NA,NA,NA,NA,"RGGI, SIPNOX"
NY,Gowanus Generating Station,2494,CT01-8,CP0001,2023,0,0,NA,NA,NA,NA,NA,NA,NA,NA,NA,Diesel Oil,NA,Combustion turbine,NA,NA,NA,NA,"RGGI, SIPNOX"
NY,Gowanus Generating Station,2494,CT01-8,CP0001,2024,0,0,NA,NA,NA,NA,NA,NA,NA,NA,NA,Diesel Oil,NA,Combustion turbine,NA,NA,NA,NA,"RGGI, SIPNOX"
NY,Gowanus Generating Station,2494,CT02-1,NA,1999,482,482,10112,NA,NA,NA,NA,NA,44.103,0.6129,143993,Diesel Oil,NA,Combustion turbine,NA,NA,NA,NA,OTC
NY,Gowanus Generating Station,2494,CT02-1,NA,2000,193,193,3088,NA,NA,NA,NA,NA,17.66,0.612,57707,Diesel Oil,NA,Combustion turbine,NA,NA,NA,NA,OTC
NY,Gowanus Generating Station,2494,CT02-1,NA,2001,336,336,5376,NA,NA,NA,NA,NA,18.762,0.3736,100464,Diesel Oil,Pipeline Natural Gas,Combustion turbine,NA,NA,NA,NA,OTC
NY,Gowanus Generating Station,2494,CT02-1,NA,2002,174,174,2784,NA,0,0,0,0,8.401,0.3229,52026,Other Oil,Pipeline Natural Gas,Combustion turbine,NA,NA,NA,NA,OTC
NY,Gowanus Generating Station,2494,CT02-1,NA,2003,254,232.5,3720,NA,0,0,0,0,13.2,0.3774,69518.9,Other Oil,Pipeline Natural Gas,Combustion turbine,NA,NA,NA,NA,NBP
NY,Gowanus Generating Station,2494,CT02-1,NA,2004,510,475,7600,NA,0,0,0,0,23.36,0.3292,142027.2,Other Oil,Pipeline Natural Gas,Combustion turbine,NA,NA,NA,NA,NBP
NY,Gowanus Generating Station,2494,CT02-1,CP0001,2005,822,822,13152,NA,0,0,0,0,29.416,0.3152,186646.7,Other Oil,Pipeline Natural Gas,Combustion turbine,NA,NA,NA,NA,NBP
NY,Gowanus Generating Station,2494,CT02-1,CP0001,2006,261,261,4176,NA,0,0,0,0,9.614,0.3162,60831.3,Other Oil,Pipeline Natural Gas,Combustion turbine,NA,NA,NA,NA,NBP
NY,Gowanus Generating Station,2494,CT02-1,CP0001,2007,123,123,1968,NA,0,0,0,0,4.643,0.337,27527.4,Other Oil,Pipeline Natural Gas,Combustion turbine,NA,NA,NA,NA,NBP
NY,Gowanus Generating Station,2494,CT02-1,CP0001,2008,208,208,3328,NA,0,0,0,0,11.219,0.4581,48965.5,Other Oil,Pipeline Natural Gas,Combustion turbine,NA,NA,NA,NA,"CAIROS, NBP"
NY,Gowanus Generating Station,2494,CT02-1,CP0001,2009,18,18,288,NA,NA,NA,NA,NA,0.184,0.325,1131.5,Other Oil,Pipeline Natural Gas,Combustion turbine,NA,NA,NA,NA,CAIROS
NY,Gowanus Generating Station,2494,CT02-1,CP0001,2010,93,93,1488,NA,NA,NA,NA,NA,3.165,0.325,19482.9,Other Oil,Pipeline Natural Gas,Combustion turbine,NA,NA,NA,NA,CAIROS
NY,Gowanus Generating Station,2494,CT02-1,CP0001,2011,154,154,2464,NA,NA,NA,NA,NA,5.796,0.3561,32530.3,Other Oil,Pipeline Natural Gas,Combustion turbine,NA,NA,NA,NA,CAIROS
NY,Gowanus Generating Station,2494,CT02-1,CP0001,2012,121,121,1936,NA,NA,NA,NA,NA,4.229,0.317,26673.6,"Diesel Oil, Other Oil",Pipeline Natural Gas,Combustion turbine,NA,NA,NA,NA,CAIROS
NY,Gowanus Generating Station,2494,CT02-1,CP0001,2013,171,171,2736,NA,NA,NA,NA,NA,6.803,0.317,42908.4,Diesel Oil,Pipeline Natural Gas,Combustion turbine,NA,NA,NA,NA,CAIROS
NY,Gowanus Generating Station,2494,CT02-1,CP0001,2014,12,9.5,152,NA,NA,NA,NA,NA,0.381,0.3169,2405.2,Diesel Oil,Pipeline Natural Gas,Combustion turbine,NA,NA,NA,NA,CAIROS
NY,Gowanus Generating Station,2494,CT02-1,CP0001,2015,54,42.9,686.4,NA,NA,NA,NA,NA,1.664,0.317,10493.1,Diesel Oil,Pipeline Natural Gas,Combustion turbine,NA,NA,NA,NA,SIPNOX
NY,Gowanus Generating Station,2494,CT02-1,CP0001,2016,47,36,576,NA,NA,NA,NA,NA,1.472,0.3171,9284,Diesel Oil,Pipeline Natural Gas,Combustion turbine,NA,NA,NA,NA,SIPNOX
NY,Gowanus Generating Station,2494,CT02-1,CP0001,2017,34,21.9,350.4,NA,NA,NA,NA,NA,1.084,0.4185,5283.4,Diesel Oil,Pipeline Natural Gas,Combustion turbine,NA,NA,NA,NA,SIPNOX
NY,Gowanus Generating Station,2494,CT02-1,CP0001,2018,144,115.6,1849.6,NA,NA,NA,NA,NA,4.955,0.3211,30873.6,Diesel Oil,Pipeline Natural Gas,Combustion turbine,NA,NA,NA,NA,SIPNOX
NY,Gowanus Generating Station,2494,CT02-1,CP0001,2019,38,26.1,417.6,NA,NA,NA,NA,NA,1.031,0.3209,6422.9,Diesel Oil,Pipeline Natural Gas,Combustion turbine,NA,NA,NA,NA,SIPNOX
NY,Gowanus Generating Station,2494,CT02-1,CP0001,2020,85,61.9,990.4,NA,NA,NA,NA,NA,2.627,0.321,16359.7,Diesel Oil,Pipeline Natural Gas,Combustion turbine,NA,NA,NA,NA,SIPNOX
NY,Gowanus Generating Station,2494,CT02-1,CP0001,2021,112,82,1257.7,NA,NA,NA,1208.7,0.0588,3.29,0.3212,20496.5,Diesel Oil,Pipeline Natural Gas,Combustion turbine,NA,NA,NA,NA,"RGGI, SIPNOX"
NY,Gowanus Generating Station,2494,CT02-1,CP0001,2022,78,58.2,931.1,NA,NA,NA,880.5,0.061,2.439,0.3376,14394.4,Diesel Oil,Pipeline Natural Gas,Combustion turbine,NA,NA,NA,NA,"RGGI, SIPNOX"
NY,Gowanus Generating Station,2494,CT02-1,CP0001,2023,35,26.1,392.1,NA,NA,NA,398.6,0.059,1.039,0.3077,6765.7,Diesel Oil,Pipeline Natural Gas,Combustion turbine,NA,NA,NA,NA,"RGGI, SIPNOX"
NY,Gowanus Generating Station,2494,CT02-1,CP0001,2024,68,54.2,825.2,NA,NA,NA,826.8,0.059,2.138,0.305,14019,Diesel Oil,Pipeline Natural Gas,Combustion turbine,NA,NA,NA,NA,"RGGI, SIPNOX"
NY,Gowanus Generating Station,2494,CT02-2,NA,1999,400,400,8738,NA,NA,NA,NA,NA,36.6,0.612,119600,Diesel Oil,NA,Combustion turbine,NA,NA,NA,NA,OTC
NY,Gowanus Generating Station,2494,CT02-2,NA,2000,219,219,3504,NA,NA,NA,NA,NA,20.039,0.612,65481,Diesel Oil,NA,Combustion turbine,NA,NA,NA,NA,OTC
NY,Gowanus Generating Station,2494,CT02-2,NA,2001,282,282,4512,NA,NA,NA,NA,NA,14.89,0.3533,84318,Diesel Oil,Pipeline Natural Gas,Combustion turbine,NA,NA,NA,NA,OTC
NY,Gowanus Generating Station,2494,CT02-2,NA,2002,397,397,6352,NA,0,0,0,0,18.987,0.3199,118703,Other Oil,Pipeline Natural Gas,Combustion turbine,NA,NA,NA,NA,OTC
NY,Gowanus Generating Station,2494,CT02-2,NA,2003,235,211.25,3380,NA,0,0,0,0,11.274,0.3545,63165.1,Other Oil,Pipeline Natural Gas,Combustion turbine,NA,NA,NA,NA,NBP
NY,Gowanus Generating Station,2494,CT02-2,NA,2004,411,380,6080,NA,0,0,0,0,18.661,0.3291,113622,Other Oil,Pipeline Natural Gas,Combustion turbine,NA,NA,NA,NA,NBP
NY,Gowanus Generating Station,2494,CT02-2,CP0001,2005,762,761.5,12184,NA,0,0,0,0,27.22,0.314,173319.1,Other Oil,Pipeline Natural Gas,Combustion turbine,NA,NA,NA,NA,NBP
NY,Gowanus Generating Station,2494,CT02-2,CP0001,2006,178,178,2848,NA,0,0,0,0,6.481,0.314,41299.9,Other Oil,Pipeline Natural Gas,Combustion turbine,NA,NA,NA,NA,NBP
NY,Gowanus Generating Station,2494,CT02-2,CP0001,2007,186,186,2976,NA,0,0,0,0,7.295,0.3508,41523.6,Other Oil,Pipeline Natural Gas,Combustion turbine,NA,NA,NA,NA,NBP
NY,Gowanus Generating Station,2494,CT02-2,CP0001,2008,218,218,3488,NA,0,0,0,0,8.344,0.325,51328.7,Other Oil,Pipeline Natural Gas,Combustion turbine,NA,NA,NA,NA,"CAIROS, NBP"
NY,Gowanus Generating Station,2494,CT02-2,CP0001,2009,33,33,528,NA,NA,NA,NA,NA,0.184,0.325,1131.5,Other Oil,Pipeline Natural Gas,Combustion turbine,NA,NA,NA,NA,CAIROS
NY,Gowanus Generating Station,2494,CT02-2,CP0001,2010,124,124,1984,NA,NA,NA,NA,NA,4.217,0.325,25961.6,Other Oil,Pipeline Natural Gas,Combustion turbine,NA,NA,NA,NA,CAIROS
NY,Gowanus Generating Station,2494,CT02-2,CP0001,2011,144,144,2304,NA,NA,NA,NA,NA,5.015,0.3301,30393.3,Other Oil,Pipeline Natural Gas,Combustion turbine,NA,NA,NA,NA,CAIROS
NY,Gowanus Generating Station,2494,CT02-2,CP0001,2012,137,137,2192,NA,NA,NA,NA,NA,4.786,0.317,30188.8,"Diesel Oil, Other Oil",Pipeline Natural Gas,Combustion turbine,NA,NA,NA,NA,CAIROS
NY,Gowanus Generating Station,2494,CT02-2,CP0001,2013,146,146,2336,NA,NA,NA,NA,NA,5.819,0.317,36704,Diesel Oil,Pipeline Natural Gas,Combustion turbine,NA,NA,NA,NA,CAIROS
NY,Gowanus Generating Station,2494,CT02-2,CP0001,2014,16,11.5,184,NA,NA,NA,NA,NA,0.479,0.317,3021.1,Diesel Oil,Pipeline Natural Gas,Combustion turbine,NA,NA,NA,NA,CAIROS
NY,Gowanus Generating Station,2494,CT02-2,CP0001,2015,57,44.8,716.8,NA,NA,NA,NA,NA,1.737,0.317,10953.9,Diesel Oil,Pipeline Natural Gas,Combustion turbine,NA,NA,NA,NA,SIPNOX
NY,Gowanus Generating Station,2494,CT02-2,CP0001,2016,77,57.4,918.4,NA,NA,NA,NA,NA,2.355,0.3172,14852.6,Diesel Oil,Pipeline Natural Gas,Combustion turbine,NA,NA,NA,NA,SIPNOX
NY,Gowanus Generating Station,2494,CT02-2,CP0001,2017,17,10.6,169.6,NA,NA,NA,NA,NA,0.491,0.3846,2569.4,Diesel Oil,Pipeline Natural Gas,Combustion turbine,NA,NA,NA,NA,SIPNOX
NY,Gowanus Generating Station,2494,CT02-2,CP0001,2018,113,91.8,1468.8,NA,NA,NA,NA,NA,3.945,0.321,24581.2,Diesel Oil,Pipeline Natural Gas,Combustion turbine,NA,NA,NA,NA,SIPNOX
NY,Gowanus Generating Station,2494,CT02-2,CP0001,2019,43,28.8,460.8,NA,NA,NA,NA,NA,1.142,0.3209,7113,Diesel Oil,Pipeline Natural Gas,Combustion turbine,NA,NA,NA,NA,SIPNOX
NY,Gowanus Generating Station,2494,CT02-2,CP0001,2020,64,43.8,700.8,NA,NA,NA,NA,NA,1.86,0.321,11584.6,Diesel Oil,Pipeline Natural Gas,Combustion turbine,NA,NA,NA,NA,SIPNOX
NY,Gowanus Generating Station,2494,CT02-2,CP0001,2021,118,88,1339.2,NA,NA,NA,1334.9,0.0589,3.635,0.3209,22644.4,Diesel Oil,Pipeline Natural Gas,Combustion turbine,NA,NA,NA,NA,"RGGI, SIPNOX"
NY,Gowanus Generating Station,2494,CT02-2,CP0001,2022,96,74.2,1221.2,NA,NA,NA,1167.5,0.0609,3.293,0.3417,19109.1,Diesel Oil,Pipeline Natural Gas,Combustion turbine,NA,NA,NA,NA,"RGGI, SIPNOX"
NY,Gowanus Generating Station,2494,CT02-2,CP0001,2023,61,48.5,719.9,NA,NA,NA,729.3,0.059,1.911,0.309,12380.1,Diesel Oil,Pipeline Natural Gas,Combustion turbine,NA,NA,NA,NA,"RGGI, SIPNOX"
NY,Gowanus Generating Station,2494,CT02-2,CP0001,2024,50,36.4,568.4,NA,NA,NA,561.9,0.0589,1.452,0.3052,9524.1,Diesel Oil,Pipeline Natural Gas,Combustion turbine,NA,NA,NA,NA,"RGGI, SIPNOX"
NY,Gowanus Generating Station,2494,CT02-3,NA,1999,478,478,10038,NA,NA,NA,NA,NA,43.737,0.612,142922,Diesel Oil,NA,Combustion turbine,NA,NA,NA,NA,OTC
NY,Gowanus Generating Station,2494,CT02-3,NA,2000,182,182,2912,NA,NA,NA,NA,NA,16.653,0.612,54418,Diesel Oil,NA,Combustion turbine,NA,NA,NA,NA,OTC
NY,Gowanus Generating Station,2494,CT02-3,NA,2001,283,283,4528,NA,NA,NA,NA,NA,14.351,0.3393,84617,Diesel Oil,Pipeline Natural Gas,Combustion turbine,NA,NA,NA,NA,OTC
NY,Gowanus Generating Station,2494,CT02-3,NA,2002,421,421,6736,NA,0,0,0,0,20.288,0.3223,125879,Other Oil,Pipeline Natural Gas,Combustion turbine,NA,NA,NA,NA,OTC
NY,Gowanus Generating Station,2494,CT02-3,NA,2003,222,200,3200,NA,0,0,0,0,10.434,0.3481,59801.4,Other Oil,Pipeline Natural Gas,Combustion turbine,NA,NA,NA,NA,NBP
NY,Gowanus Generating Station,2494,CT02-3,NA,2004,367,341.75,5468,NA,0,0,0,0,17.176,0.3362,102184.9,Other Oil,Pipeline Natural Gas,Combustion turbine,NA,NA,NA,NA,NBP
NY,Gowanus Generating Station,2494,CT02-3,CP0001,2005,595,595,9520,NA,0,0,0,0,21.274,0.314,135463.9,Other Oil,Pipeline Natural Gas,Combustion turbine,NA,NA,NA,NA,NBP
NY,Gowanus Generating Station,2494,CT02-3,CP0001,2006,263,263,4208,NA,0,0,0,0,9.633,0.317,60804,Other Oil,Pipeline Natural Gas,Combustion turbine,NA,NA,NA,NA,NBP
NY,Gowanus Generating Station,2494,CT02-3,CP0001,2007,169,169,2704,NA,0,0,0,0,6.993,0.3709,37701.8,Other Oil,Pipeline Natural Gas,Combustion turbine,NA,NA,NA,NA,NBP
NY,Gowanus Generating Station,2494,CT02-3,CP0001,2008,244,244,3904,NA,0,0,0,0,9.816,0.3416,57445,Other Oil,Pipeline Natural Gas,Combustion turbine,NA,NA,NA,NA,"CAIROS, NBP"
NY,Gowanus Generating Station,2494,CT02-3,CP0001,2009,42,42,672,NA,NA,NA,NA,NA,0.184,0.325,1131.5,Other Oil,Pipeline Natural Gas,Combustion turbine,NA,NA,NA,NA,CAIROS
NY,Gowanus Generating Station,2494,CT02-3,CP0001,2010,108,108,1728,NA,NA,NA,NA,NA,3.671,0.325,22597.2,Other Oil,Pipeline Natural Gas,Combustion turbine,NA,NA,NA,NA,CAIROS
NY,Gowanus Generating Station,2494,CT02-3,CP0001,2011,130,130,2080,NA,NA,NA,NA,NA,5.49,0.3988,27500.5,Other Oil,Pipeline Natural Gas,Combustion turbine,NA,NA,NA,NA,CAIROS
NY,Gowanus Generating Station,2494,CT02-3,CP0001,2012,135,135,2160,NA,NA,NA,NA,NA,4.692,0.317,29594.4,"Diesel Oil, Other Oil",Pipeline Natural Gas,Combustion turbine,NA,NA,NA,NA,CAIROS
NY,Gowanus Generating Station,2494,CT02-3,CP0001,2013,136,136,2176,NA,NA,NA,NA,NA,5.402,0.317,34073.2,Diesel Oil,Pipeline Natural Gas,Combustion turbine,NA,NA,NA,NA,CAIROS
NY,Gowanus Generating Station,2494,CT02-3,CP0001,2014,34,25.4,406.4,NA,NA,NA,NA,NA,1.068,0.3171,6733.8,Diesel Oil,Pipeline Natural Gas,Combustion turbine,NA,NA,NA,NA,CAIROS
NY,Gowanus Generating Station,2494,CT02-3,CP0001,2015,97,76.2,1219.2,NA,NA,NA,NA,NA,2.953,0.317,18622.2,Diesel Oil,Pipeline Natural Gas,Combustion turbine,NA,NA,NA,NA,SIPNOX
NY,Gowanus Generating Station,2494,CT02-3,CP0001,2016,71,52.3,836.8,NA,NA,NA,NA,NA,2.143,0.3172,13516,Diesel Oil,Pipeline Natural Gas,Combustion turbine,NA,NA,NA,NA,SIPNOX
NY,Gowanus Generating Station,2494,CT02-3,CP0001,2017,15,10.2,163.2,NA,NA,NA,NA,NA,0.471,0.3936,2472.9,Diesel Oil,Pipeline Natural Gas,Combustion turbine,NA,NA,NA,NA,SIPNOX
NY,Gowanus Generating Station,2494,CT02-3,CP0001,2018,96,79.7,1275.2,NA,NA,NA,NA,NA,3.413,0.3211,21264.6,Diesel Oil,Pipeline Natural Gas,Combustion turbine,NA,NA,NA,NA,SIPNOX
NY,Gowanus Generating Station,2494,CT02-3,CP0001,2019,18,12.1,193.6,NA,NA,NA,NA,NA,0.48,0.321,2988.7,Diesel Oil,Pipeline Natural Gas,Combustion turbine,NA,NA,NA,NA,SIPNOX
NY,Gowanus Generating Station,2494,CT02-3,CP0001,2020,109,79.6,1273.6,NA,NA,NA,NA,NA,3.382,0.321,21060.8,Diesel Oil,Pipeline Natural Gas,Combustion turbine,NA,NA,NA,NA,SIPNOX
NY,Gowanus Generating Station,2494,CT02-3,CP0001,2021,69,53.2,942.3,NA,NA,NA,913,0.0589,2.483,0.3214,15471.3,Diesel Oil,Pipeline Natural Gas,Combustion turbine,NA,NA,NA,NA,"RGGI, SIPNOX"
NY,Gowanus Generating Station,2494,CT02-3,CP0001,2022,91,72.6,1251.5,NA,NA,NA,1194.2,0.0605,3.293,0.3333,19740.3,Diesel Oil,Pipeline Natural Gas,Combustion turbine,NA,NA,NA,NA,"RGGI, SIPNOX"
NY,Gowanus Generating Station,2494,CT02-3,CP0001,2023,60,48.2,808,NA,NA,NA,822.5,0.059,2.134,0.3063,13939.2,Diesel Oil,Pipeline Natural Gas,Combustion turbine,NA,NA,NA,NA,"RGGI, SIPNOX"
NY,Gowanus Generating Station,2494,CT02-3,CP0001,2024,98,77.8,1288.8,NA,NA,NA,1284.2,0.059,3.321,0.3049,21773.4,Diesel Oil,Pipeline Natural Gas,Combustion turbine,NA,NA,NA,NA,"RGGI, SIPNOX"
NY,Gowanus Generating Station,2494,CT02-4,NA,1999,504,504,10512,NA,NA,NA,NA,NA,46.116,0.612,150696,Diesel Oil,NA,Combustion turbine,NA,NA,NA,NA,OTC
NY,Gowanus Generating Station,2494,CT02-4,NA,2000,219,219,3504,NA,NA,NA,NA,NA,20.039,0.612,65481,Diesel Oil,NA,Combustion turbine,NA,NA,NA,NA,OTC
NY,Gowanus Generating Station,2494,CT02-4,NA,2001,254,254,4064,NA,NA,NA,NA,NA,11.744,0.3094,75946,Diesel Oil,Pipeline Natural Gas,Combustion turbine,NA,NA,NA,NA,OTC
NY,Gowanus Generating Station,2494,CT02-4,NA,2002,407,407,6512,NA,0,0,0,0,19.254,0.3164,121693,Other Oil,Pipeline Natural Gas,Combustion turbine,NA,NA,NA,NA,OTC
NY,Gowanus Generating Station,2494,CT02-4,NA,2003,300,276,4416,NA,0,0,0,0,14.778,0.3567,82525.5,Other Oil,Pipeline Natural Gas,Combustion turbine,NA,NA,NA,NA,NBP
NY,Gowanus Generating Station,2494,CT02-4,NA,2004,649,599,9584,NA,0,0,0,0,29.835,0.3331,179104.3,Other Oil,Pipeline Natural Gas,Combustion turbine,NA,NA,NA,NA,NBP
NY,Gowanus Generating Station,2494,CT02-4,CP0001,2005,866,866,13856,NA,0,0,0,0,30.806,0.314,196152.7,Other Oil,Pipeline Natural Gas,Combustion turbine,NA,NA,NA,NA,NBP
NY,Gowanus Generating Station,2494,CT02-4,CP0001,2006,299,299,4784,NA,0,0,0,0,10.839,0.314,69070.6,Other Oil,Pipeline Natural Gas,Combustion turbine,NA,NA,NA,NA,NBP
NY,Gowanus Generating Station,2494,CT02-4,CP0001,2007,244,244,3904,NA,0,0,0,0,9.898,0.3628,54409.4,Other Oil,Pipeline Natural Gas,Combustion turbine,NA,NA,NA,NA,NBP
NY,Gowanus Generating Station,2494,CT02-4,CP0001,2008,217,217,3472,NA,0,0,0,0,8.653,0.3386,51089.2,Other Oil,Pipeline Natural Gas,Combustion turbine,NA,NA,NA,NA,"CAIROS, NBP"
NY,Gowanus Generating Station,2494,CT02-4,CP0001,2009,52,52,832,NA,NA,NA,NA,NA,0.257,0.325,1584.1,Other Oil,Pipeline Natural Gas,Combustion turbine,NA,NA,NA,NA,CAIROS
NY,Gowanus Generating Station,2494,CT02-4,CP0001,2010,135,135,2160,NA,NA,NA,NA,NA,4.591,0.325,28260.9,Other Oil,Pipeline Natural Gas,Combustion turbine,NA,NA,NA,NA,CAIROS
NY,Gowanus Generating Station,2494,CT02-4,CP0001,2011,120,120,1920,NA,NA,NA,NA,NA,4.169,0.3281,25396.5,Other Oil,Pipeline Natural Gas,Combustion turbine,NA,NA,NA,NA,CAIROS
NY,Gowanus Generating Station,2494,CT02-4,CP0001,2012,140,140,2240,NA,NA,NA,NA,NA,4.87,0.317,30720.8,"Diesel Oil, Other Oil",Pipeline Natural Gas,Combustion turbine,NA,NA,NA,NA,CAIROS
NY,Gowanus Generating Station,2494,CT02-4,CP0001,2013,134,134,2144,NA,NA,NA,NA,NA,5.348,0.317,33729.2,Diesel Oil,Pipeline Natural Gas,Combustion turbine,NA,NA,NA,NA,CAIROS
NY,Gowanus Generating Station,2494,CT02-4,CP0001,2014,16,12.8,204.8,NA,NA,NA,NA,NA,0.536,0.3171,3381.3,Diesel Oil,Pipeline Natural Gas,Combustion turbine,NA,NA,NA,NA,CAIROS
NY,Gowanus Generating Station,2494,CT02-4,CP0001,2015,72,53.8,860.8,NA,NA,NA,NA,NA,2.085,0.317,13149.7,Diesel Oil,Pipeline Natural Gas,Combustion turbine,NA,NA,NA,NA,SIPNOX
NY,Gowanus Generating Station,2494,CT02-4,CP0001,2016,67,48.4,774.4,NA,NA,NA,NA,NA,1.992,0.3172,12561,Diesel Oil,Pipeline Natural Gas,Combustion turbine,NA,NA,NA,NA,SIPNOX
NY,Gowanus Generating Station,2494,CT02-4,CP0001,2017,13,7.9,126.4,NA,NA,NA,NA,NA,0.386,0.4056,1907.7,Diesel Oil,Pipeline Natural Gas,Combustion turbine,NA,NA,NA,NA,SIPNOX
NY,Gowanus Generating Station,2494,CT02-4,CP0001,2018,65,53.7,859.2,NA,NA,NA,NA,NA,2.299,0.321,14324,Diesel Oil,Pipeline Natural Gas,Combustion turbine,NA,NA,NA,NA,SIPNOX
NY,Gowanus Generating Station,2494,CT02-4,CP0001,2019,35,26.9,430.4,NA,NA,NA,NA,NA,1.074,0.321,6688.7,Diesel Oil,Pipeline Natural Gas,Combustion turbine,NA,NA,NA,NA,SIPNOX
NY,Gowanus Generating Station,2494,CT02-4,CP0001,2020,71,51,816,NA,NA,NA,NA,NA,2.166,0.321,13490.3,Diesel Oil,Pipeline Natural Gas,Combustion turbine,NA,NA,NA,NA,SIPNOX
NY,Gowanus Generating Station,2494,CT02-4,CP0001,2021,159,122.9,1870.2,NA,NA,NA,1863.3,0.0589,5.073,0.3209,31604.3,Diesel Oil,Pipeline Natural Gas,Combustion turbine,NA,NA,NA,NA,"RGGI, SIPNOX"
NY,Gowanus Generating Station,2494,CT02-4,CP0001,2022,88,65.4,1097.1,NA,NA,NA,1020.1,0.059,2.776,0.321,17300.1,Diesel Oil,Pipeline Natural Gas,Combustion turbine,NA,NA,NA,NA,"RGGI, SIPNOX"
NY,Gowanus Generating Station,2494,CT02-4,CP0001,2023,58,44.3,622,NA,NA,NA,633.2,0.059,1.645,0.30620000000000003,10729.3,Diesel Oil,Pipeline Natural Gas,Combustion turbine,NA,NA,NA,NA,"RGGI, SIPNOX"
NY,Gowanus Generating Station,2494,CT02-4,CP0001,2024,52,42.5,652.1,NA,NA,NA,654.2,0.059,1.691,0.305,11091.6,Diesel Oil,Pipeline Natural Gas,Combustion turbine,NA,NA,NA,NA,"RGGI, SIPNOX"
NY,Gowanus Generating Station,2494,CT02-5,NA,1999,362,362,7602,NA,NA,NA,NA,NA,33.123,0.612,108238,Diesel Oil,NA,Combustion turbine,NA,NA,NA,NA,OTC
NY,Gowanus Generating Station,2494,CT02-5,NA,2000,198,198,3168,NA,NA,NA,NA,NA,18.117,0.612,59202,Diesel Oil,NA,Combustion turbine,NA,NA,NA,NA,OTC
NY,Gowanus Generating Station,2494,CT02-5,NA,2001,292,292,4672,NA,NA,NA,NA,NA,14.708,0.337,87308,Diesel Oil,Pipeline Natural Gas,Combustion turbine,NA,NA,NA,NA,OTC
NY,Gowanus Generating Station,2494,CT02-5,NA,2002,449,449,7184,NA,0,0,0,0,21.197,0.3157,134251,Other Oil,Pipeline Natural Gas,Combustion turbine,NA,NA,NA,NA,OTC
NY,Gowanus Generating Station,2494,CT02-5,NA,2003,268,249.25,3988,NA,0,0,0,0,12.369,0.3314,74527.1,Other Oil,Pipeline Natural Gas,Combustion turbine,NA,NA,NA,NA,NBP
NY,Gowanus Generating Station,2494,CT02-5,NA,2004,540,501,8016,NA,0,0,0,0,24.661,0.3294,149801.6,Other Oil,Pipeline Natural Gas,Combustion turbine,NA,NA,NA,NA,NBP
NY,Gowanus Generating Station,2494,CT02-5,CP0001,2005,828,828,13248,NA,0,0,0,0,29.633,0.3152,187976,Other Oil,Pipeline Natural Gas,Combustion turbine,NA,NA,NA,NA,NBP
NY,Gowanus Generating Station,2494,CT02-5,CP0001,2006,224,224,3584,NA,0,0,0,0,8.157,0.314,51981.9,Other Oil,Pipeline Natural Gas,Combustion turbine,NA,NA,NA,NA,NBP
NY,Gowanus Generating Station,2494,CT02-5,CP0001,2007,147,147,2352,NA,0,0,0,0,5.504,0.3325,33092.1,Other Oil,Pipeline Natural Gas,Combustion turbine,NA,NA,NA,NA,NBP
NY,Gowanus Generating Station,2494,CT02-5,CP0001,2008,196,196,3136,NA,0,0,0,0,7.502,0.325,46148.2,Other Oil,Pipeline Natural Gas,Combustion turbine,NA,NA,NA,NA,"CAIROS, NBP"
NY,Gowanus Generating Station,2494,CT02-5,CP0001,2009,43,43,688,NA,NA,NA,NA,NA,0.257,0.325,1584.1,Other Oil,Pipeline Natural Gas,Combustion turbine,NA,NA,NA,NA,CAIROS
NY,Gowanus Generating Station,2494,CT02-5,CP0001,2010,139,139,2224,NA,NA,NA,NA,NA,4.725,0.325,29084.9,Other Oil,Pipeline Natural Gas,Combustion turbine,NA,NA,NA,NA,CAIROS
NY,Gowanus Generating Station,2494,CT02-5,CP0001,2011,109,109,1744,NA,NA,NA,NA,NA,3.852,0.3352,22963.3,Other Oil,Pipeline Natural Gas,Combustion turbine,NA,NA,NA,NA,CAIROS
NY,Gowanus Generating Station,2494,CT02-5,CP0001,2012,128,128,2048,NA,NA,NA,NA,NA,4.443,0.317,28022.4,"Diesel Oil, Other Oil",Pipeline Natural Gas,Combustion turbine,NA,NA,NA,NA,CAIROS
NY,Gowanus Generating Station,2494,CT02-5,CP0001,2013,127,127,2032,NA,NA,NA,NA,NA,5.071,0.317,31987,Diesel Oil,Pipeline Natural Gas,Combustion turbine,NA,NA,NA,NA,CAIROS
NY,Gowanus Generating Station,2494,CT02-5,CP0001,2014,18,14.6,233.6,NA,NA,NA,NA,NA,0.614,0.317,3871.7,Diesel Oil,Pipeline Natural Gas,Combustion turbine,NA,NA,NA,NA,CAIROS
NY,Gowanus Generating Station,2494,CT02-5,CP0001,2015,68,51.3,820.8,NA,NA,NA,NA,NA,1.987,0.317,12532.3,Diesel Oil,Pipeline Natural Gas,Combustion turbine,NA,NA,NA,NA,SIPNOX
NY,Gowanus Generating Station,2494,CT02-5,CP0001,2016,98,74.57,1193.12,NA,NA,NA,NA,NA,3.067,0.3172,19341.9,Diesel Oil,Pipeline Natural Gas,Combustion turbine,NA,NA,NA,NA,SIPNOX
NY,Gowanus Generating Station,2494,CT02-5,CP0001,2017,20,12,192,NA,NA,NA,NA,NA,0.767,0.5469,2833.2,Diesel Oil,Pipeline Natural Gas,Combustion turbine,NA,NA,NA,NA,SIPNOX
NY,Gowanus Generating Station,2494,CT02-5,CP0001,2018,51,42.1,673.6,NA,NA,NA,NA,NA,1.802,0.3211,11226.5,Diesel Oil,Pipeline Natural Gas,Combustion turbine,NA,NA,NA,NA,SIPNOX
NY,Gowanus Generating Station,2494,CT02-5,CP0001,2019,20,13.6,217.6,NA,NA,NA,NA,NA,0.532,0.321,3314.6,Diesel Oil,Pipeline Natural Gas,Combustion turbine,NA,NA,NA,NA,SIPNOX
NY,Gowanus Generating Station,2494,CT02-5,CP0001,2020,95,67.7,1083.2,NA,NA,NA,NA,NA,2.872,0.321,17889,Diesel Oil,Pipeline Natural Gas,Combustion turbine,NA,NA,NA,NA,SIPNOX
NY,Gowanus Generating Station,2494,CT02-5,CP0001,2021,80,63,972.2,NA,NA,NA,953.5,0.0589,2.596,0.321,16168.4,Diesel Oil,Pipeline Natural Gas,Combustion turbine,NA,NA,NA,NA,"RGGI, SIPNOX"
NY,Gowanus Generating Station,2494,CT02-5,CP0001,2022,94,72.5,1174.3,NA,NA,NA,1083.3,0.059,2.947,0.321,18366,Diesel Oil,Pipeline Natural Gas,Combustion turbine,NA,NA,NA,NA,"RGGI, SIPNOX"
NY,Gowanus Generating Station,2494,CT02-5,CP0001,2023,78,60.8,952.2,NA,NA,NA,969.9,0.059,2.536,0.3086,16424.4,Diesel Oil,Pipeline Natural Gas,Combustion turbine,NA,NA,NA,NA,"RGGI, SIPNOX"
NY,Gowanus Generating Station,2494,CT02-5,CP0001,2024,56,43.3,680.7,NA,NA,NA,681.2,0.0589,1.762,0.305,11551.1,Diesel Oil,Pipeline Natural Gas,Combustion turbine,NA,NA,NA,NA,"RGGI, SIPNOX"
NY,Gowanus Generating Station,2494,CT02-6,NA,1999,408,408,8568,NA,NA,NA,NA,NA,37.332,0.612,121992,Diesel Oil,NA,Combustion turbine,NA,NA,NA,NA,OTC
NY,Gowanus Generating Station,2494,CT02-6,NA,2000,199,199,3184,NA,NA,NA,NA,NA,18.209,0.612,59501,Diesel Oil,NA,Combustion turbine,NA,NA,NA,NA,OTC
NY,Gowanus Generating Station,2494,CT02-6,NA,2001,232,232,3712,NA,NA,NA,NA,NA,10.844,0.3127,69368,Diesel Oil,Pipeline Natural Gas,Combustion turbine,NA,NA,NA,NA,OTC
NY,Gowanus Generating Station,2494,CT02-6,NA,2002,447,447,7152,NA,0,0,0,0,21.596,0.3231,133653,Other Oil,Pipeline Natural Gas,Combustion turbine,NA,NA,NA,NA,OTC
NY,Gowanus Generating Station,2494,CT02-6,NA,2003,291,265.5,4248,NA,0,0,0,0,13.894,0.3493,79386.2,Other Oil,Pipeline Natural Gas,Combustion turbine,NA,NA,NA,NA,NBP
NY,Gowanus Generating Station,2494,CT02-6,NA,2004,439,407,6512,NA,0,0,0,0,20.11,0.3304,121695,Other Oil,Pipeline Natural Gas,Combustion turbine,NA,NA,NA,NA,NBP
NY,Gowanus Generating Station,2494,CT02-6,CP0001,2005,757,757,12112,NA,0,0,0,0,27.093,0.314,172514.1,Other Oil,Pipeline Natural Gas,Combustion turbine,NA,NA,NA,NA,NBP
NY,Gowanus Generating Station,2494,CT02-6,CP0001,2006,244,244,3904,NA,0,0,0,0,8.823,0.314,56223.8,Other Oil,Pipeline Natural Gas,Combustion turbine,NA,NA,NA,NA,NBP
NY,Gowanus Generating Station,2494,CT02-6,CP0001,2007,221,221,3536,NA,0,0,0,0,8.627,0.35,49244.8,Other Oil,Pipeline Natural Gas,Combustion turbine,NA,NA,NA,NA,NBP
NY,Gowanus Generating Station,2494,CT02-6,CP0001,2008,289,289,4624,NA,0,0,0,0,11.365,0.3339,68042.5,Other Oil,Pipeline Natural Gas,Combustion turbine,NA,NA,NA,NA,"CAIROS, NBP"
NY,Gowanus Generating Station,2494,CT02-6,CP0001,2009,42,42,672,NA,NA,NA,NA,NA,0.257,0.325,1584.1,Other Oil,Pipeline Natural Gas,Combustion turbine,NA,NA,NA,NA,CAIROS
NY,Gowanus Generating Station,2494,CT02-6,CP0001,2010,188,188,3008,NA,NA,NA,NA,NA,6.386,0.325,39311.2,Other Oil,Pipeline Natural Gas,Combustion turbine,NA,NA,NA,NA,CAIROS
NY,Gowanus Generating Station,2494,CT02-6,CP0001,2011,124,124,1984,NA,NA,NA,NA,NA,4.607,0.3518,26152.3,Other Oil,Pipeline Natural Gas,Combustion turbine,NA,NA,NA,NA,CAIROS
NY,Gowanus Generating Station,2494,CT02-6,CP0001,2012,158,158,2528,NA,NA,NA,NA,NA,5.475,0.317,34532.8,"Diesel Oil, Other Oil",Pipeline Natural Gas,Combustion turbine,NA,NA,NA,NA,CAIROS
NY,Gowanus Generating Station,2494,CT02-6,CP0001,2013,136,136,2176,NA,NA,NA,NA,NA,5.422,0.317,34197.4,Diesel Oil,Pipeline Natural Gas,Combustion turbine,NA,NA,NA,NA,CAIROS
NY,Gowanus Generating Station,2494,CT02-6,CP0001,2014,27,20.2,323.2,NA,NA,NA,NA,NA,0.853,0.3171,5380,Diesel Oil,Pipeline Natural Gas,Combustion turbine,NA,NA,NA,NA,CAIROS
NY,Gowanus Generating Station,2494,CT02-6,CP0001,2015,89,69.3,1108.8,NA,NA,NA,NA,NA,2.685,0.317,16936.4,Diesel Oil,Pipeline Natural Gas,Combustion turbine,NA,NA,NA,NA,SIPNOX
NY,Gowanus Generating Station,2494,CT02-6,CP0001,2016,56,43.6,697.6,NA,NA,NA,NA,NA,1.841,0.3308,11245.5,Diesel Oil,Pipeline Natural Gas,Combustion turbine,NA,NA,NA,NA,SIPNOX
NY,Gowanus Generating Station,2494,CT02-6,CP0001,2017,19,11.3,180.8,NA,NA,NA,NA,NA,0.568,0.438,2723,Diesel Oil,Pipeline Natural Gas,Combustion turbine,NA,NA,NA,NA,SIPNOX
NY,Gowanus Generating Station,2494,CT02-6,CP0001,2018,53,42.7,683.2,NA,NA,NA,NA,NA,1.824,0.321,11366,Diesel Oil,Pipeline Natural Gas,Combustion turbine,NA,NA,NA,NA,SIPNOX
NY,Gowanus Generating Station,2494,CT02-6,CP0001,2019,36,27.8,444.8,NA,NA,NA,NA,NA,1.102,0.3209,6866.1,Diesel Oil,Pipeline Natural Gas,Combustion turbine,NA,NA,NA,NA,SIPNOX
NY,Gowanus Generating Station,2494,CT02-6,CP0001,2020,77,56.8,908.8,NA,NA,NA,NA,NA,2.413,0.321,15026.2,Diesel Oil,Pipeline Natural Gas,Combustion turbine,NA,NA,NA,NA,SIPNOX
NY,Gowanus Generating Station,2494,CT02-6,CP0001,2021,66,50.3,843.7,NA,NA,NA,843.9,0.0588,2.295,0.3209,14303,Diesel Oil,Pipeline Natural Gas,Combustion turbine,NA,NA,NA,NA,"RGGI, SIPNOX"
NY,Gowanus Generating Station,2494,CT02-6,CP0001,2022,95,70.5,1229.6,NA,NA,NA,1131.9,0.0589,3.08,0.3211,19188.6,Diesel Oil,Pipeline Natural Gas,Combustion turbine,NA,NA,NA,NA,"RGGI, SIPNOX"
NY,Gowanus Generating Station,2494,CT02-6,CP0001,2023,58,46.4,761.5,NA,NA,NA,775.7,0.059,2.013,0.3064,13142.4,Diesel Oil,Pipeline Natural Gas,Combustion turbine,NA,NA,NA,NA,"RGGI, SIPNOX"
NY,Gowanus Generating Station,2494,CT02-6,CP0001,2024,48,36.6,593.7,NA,NA,NA,591.8,0.0589,1.53,0.305,10033.4,Diesel Oil,Pipeline Natural Gas,Combustion turbine,NA,NA,NA,NA,"RGGI, SIPNOX"
NY,Gowanus Generating Station,2494,CT02-7,NA,1999,375,375,7866,NA,NA,NA,NA,NA,34.313,0.612,112125,Diesel Oil,NA,Combustion turbine,NA,NA,NA,NA,OTC
NY,Gowanus Generating Station,2494,CT02-7,NA,2000,185,185,2960,NA,NA,NA,NA,NA,16.928,0.612,55315,Diesel Oil,NA,Combustion turbine,NA,NA,NA,NA,OTC
NY,Gowanus Generating Station,2494,CT02-7,NA,2001,259,259,4144,NA,NA,NA,NA,NA,12.982,0.3353,77441,Diesel Oil,Pipeline Natural Gas,Combustion turbine,NA,NA,NA,NA,OTC
NY,Gowanus Generating Station,2494,CT02-7,NA,2002,449,449,7184,NA,0,0,0,0,21.603,0.3218,134251,Other Oil,Pipeline Natural Gas,Combustion turbine,NA,NA,NA,NA,OTC
NY,Gowanus Generating Station,2494,CT02-7,NA,2003,255,231.75,3708,NA,0,0,0,0,11.961,0.3452,69294.6,Other Oil,Pipeline Natural Gas,Combustion turbine,NA,NA,NA,NA,NBP
NY,Gowanus Generating Station,2494,CT02-7,NA,2004,476,438.75,7020,NA,0,0,0,0,21.666,0.3307,131188.7,Other Oil,Pipeline Natural Gas,Combustion turbine,NA,NA,NA,NA,NBP
NY,Gowanus Generating Station,2494,CT02-7,CP0001,2005,713,713,11408,NA,0,0,0,0,25.516,0.314,162471.8,Other Oil,Pipeline Natural Gas,Combustion turbine,NA,NA,NA,NA,NBP
NY,Gowanus Generating Station,2494,CT02-7,CP0001,2006,269,269,4304,NA,0,0,0,0,10.108,0.3248,62232.1,Other Oil,Pipeline Natural Gas,Combustion turbine,NA,NA,NA,NA,NBP
NY,Gowanus Generating Station,2494,CT02-7,CP0001,2007,214,214,3424,NA,0,0,0,0,7.933,0.3319,47785.7,Other Oil,Pipeline Natural Gas,Combustion turbine,NA,NA,NA,NA,NBP
NY,Gowanus Generating Station,2494,CT02-7,CP0001,2008,218,218,3488,NA,0,0,0,0,8.474,0.3301,51327.2,Other Oil,Pipeline Natural Gas,Combustion turbine,NA,NA,NA,NA,"CAIROS, NBP"
NY,Gowanus Generating Station,2494,CT02-7,CP0001,2009,29,29,464,NA,NA,NA,NA,NA,0.257,0.325,1584.1,Other Oil,Pipeline Natural Gas,Combustion turbine,NA,NA,NA,NA,CAIROS
NY,Gowanus Generating Station,2494,CT02-7,CP0001,2010,162,162,2592,NA,NA,NA,NA,NA,5.501,0.325,33865.2,Other Oil,Pipeline Natural Gas,Combustion turbine,NA,NA,NA,NA,CAIROS
NY,Gowanus Generating Station,2494,CT02-7,CP0001,2011,108,108,1728,NA,NA,NA,NA,NA,3.98,0.3489,22782.6,Other Oil,Pipeline Natural Gas,Combustion turbine,NA,NA,NA,NA,CAIROS
NY,Gowanus Generating Station,2494,CT02-7,CP0001,2012,151,151,2416,NA,NA,NA,NA,NA,5.257,0.317,33159.2,"Diesel Oil, Other Oil",Pipeline Natural Gas,Combustion turbine,NA,NA,NA,NA,CAIROS
NY,Gowanus Generating Station,2494,CT02-7,CP0001,2013,130,130,2080,NA,NA,NA,NA,NA,5.179,0.317,32668.6,Diesel Oil,Pipeline Natural Gas,Combustion turbine,NA,NA,NA,NA,CAIROS
NY,Gowanus Generating Station,2494,CT02-7,CP0001,2014,30,21.3,340.8,NA,NA,NA,NA,NA,0.885,0.3171,5579.6,Diesel Oil,Pipeline Natural Gas,Combustion turbine,NA,NA,NA,NA,CAIROS
NY,Gowanus Generating Station,2494,CT02-7,CP0001,2015,72,57,912,NA,NA,NA,NA,NA,2.211,0.317,13941.6,Diesel Oil,Pipeline Natural Gas,Combustion turbine,NA,NA,NA,NA,SIPNOX
NY,Gowanus Generating Station,2494,CT02-7,CP0001,2016,120,90.7,1451.2,NA,NA,NA,NA,NA,3.754,0.3193,23600.1,Diesel Oil,Pipeline Natural Gas,Combustion turbine,NA,NA,NA,NA,SIPNOX
NY,Gowanus Generating Station,2494,CT02-7,CP0001,2017,17,10,160,NA,NA,NA,NA,NA,0.464,0.3847,2423.8,Diesel Oil,Pipeline Natural Gas,Combustion turbine,NA,NA,NA,NA,SIPNOX
NY,Gowanus Generating Station,2494,CT02-7,CP0001,2018,73,55.8,892.8,NA,NA,NA,NA,NA,2.388,0.3211,14877,Diesel Oil,Pipeline Natural Gas,Combustion turbine,NA,NA,NA,NA,SIPNOX
NY,Gowanus Generating Station,2494,CT02-7,CP0001,2019,28,19.8,316.8,NA,NA,NA,NA,NA,0.789,0.3212,4912.9,Diesel Oil,Pipeline Natural Gas,Combustion turbine,NA,NA,NA,NA,SIPNOX
NY,Gowanus Generating Station,2494,CT02-7,CP0001,2020,114,85.3,1364.8,NA,NA,NA,NA,NA,3.624,0.321,22569.9,Diesel Oil,Pipeline Natural Gas,Combustion turbine,NA,NA,NA,NA,SIPNOX
NY,Gowanus Generating Station,2494,CT02-7,CP0001,2021,86,65.9,1183.4,NA,NA,NA,1130,0.0588,3.073,0.3212,19148.9,Diesel Oil,Pipeline Natural Gas,Combustion turbine,NA,NA,NA,NA,"RGGI, SIPNOX"
NY,Gowanus Generating Station,2494,CT02-7,CP0001,2022,97,72.6,1212.7,NA,NA,NA,1126.3,0.0593,3.067,0.3252,19099.4,Diesel Oil,Pipeline Natural Gas,Combustion turbine,NA,NA,NA,NA,"RGGI, SIPNOX"
NY,Gowanus Generating Station,2494,CT02-7,CP0001,2023,83,66.8,1107.5,NA,NA,NA,1123.3,0.059,2.948,0.3102,19024.4,Diesel Oil,Pipeline Natural Gas,Combustion turbine,NA,NA,NA,NA,"RGGI, SIPNOX"
NY,Gowanus Generating Station,2494,CT02-7,CP0001,2024,79,63.6,1057,NA,NA,NA,1053.1,0.059,2.721,0.305,17844.8,Diesel Oil,Pipeline Natural Gas,Combustion turbine,NA,NA,NA,NA,"RGGI, SIPNOX"
NY,Gowanus Generating Station,2494,CT02-8,NA,1999,496,496,10416,NA,NA,NA,NA,NA,45.384,0.6086,149250,Diesel Oil,NA,Combustion turbine,NA,NA,NA,NA,OTC
NY,Gowanus Generating Station,2494,CT02-8,NA,2000,192,192,3072,NA,NA,NA,NA,NA,17.568,0.612,57408,Diesel Oil,NA,Combustion turbine,NA,NA,NA,NA,OTC
NY,Gowanus Generating Station,2494,CT02-8,NA,2001,247,247,3952,NA,NA,NA,NA,NA,12.536,0.3396,73853,Diesel Oil,Pipeline Natural Gas,Combustion turbine,NA,NA,NA,NA,OTC
NY,Gowanus Generating Station,2494,CT02-8,NA,2002,472,472,7552,NA,0,0,0,0,22.334,0.3165,141128,Other Oil,Pipeline Natural Gas,Combustion turbine,NA,NA,NA,NA,OTC
NY,Gowanus Generating Station,2494,CT02-8,NA,2003,272,246.5,3944,NA,0,0,0,0,12.965,0.3504,73705,Other Oil,Pipeline Natural Gas,Combustion turbine,NA,NA,NA,NA,NBP
NY,Gowanus Generating Station,2494,CT02-8,NA,2004,516,472.25,7556,NA,0,0,0,0,23.427,0.3324,141205.5,Other Oil,Pipeline Natural Gas,Combustion turbine,NA,NA,NA,NA,NBP
NY,Gowanus Generating Station,2494,CT02-8,CP0001,2005,815,815,13040,NA,0,0,0,0,29.105,0.3145,185035.3,Other Oil,Pipeline Natural Gas,Combustion turbine,NA,NA,NA,NA,NBP
NY,Gowanus Generating Station,2494,CT02-8,CP0001,2006,231,231,3696,NA,0,0,0,0,8.461,0.3157,53630.4,Other Oil,Pipeline Natural Gas,Combustion turbine,NA,NA,NA,NA,NBP
NY,Gowanus Generating Station,2494,CT02-8,CP0001,2007,213,213,3408,NA,0,0,0,0,7.927,0.3354,47308.2,Other Oil,Pipeline Natural Gas,Combustion turbine,NA,NA,NA,NA,NBP
NY,Gowanus Generating Station,2494,CT02-8,CP0001,2008,191,191,3056,NA,0,0,0,0,7.441,0.3308,44970.5,Other Oil,Pipeline Natural Gas,Combustion turbine,NA,NA,NA,NA,"CAIROS, NBP"
NY,Gowanus Generating Station,2494,CT02-8,CP0001,2009,57,57,912,NA,NA,NA,NA,NA,0.331,0.325,2036.7,Other Oil,Pipeline Natural Gas,Combustion turbine,NA,NA,NA,NA,CAIROS
NY,Gowanus Generating Station,2494,CT02-8,CP0001,2010,106,106,1696,NA,NA,NA,NA,NA,3.603,0.325,22178,Other Oil,Pipeline Natural Gas,Combustion turbine,NA,NA,NA,NA,CAIROS
NY,Gowanus Generating Station,2494,CT02-8,CP0001,2011,109,109,1744,NA,NA,NA,NA,NA,4.139,0.3589,23029.3,Other Oil,Pipeline Natural Gas,Combustion turbine,NA,NA,NA,NA,CAIROS
NY,Gowanus Generating Station,2494,CT02-8,CP0001,2012,148,148,2368,NA,NA,NA,NA,NA,5.133,0.317,32379.2,"Diesel Oil, Other Oil",Pipeline Natural Gas,Combustion turbine,NA,NA,NA,NA,CAIROS
NY,Gowanus Generating Station,2494,CT02-8,CP0001,2013,117,117,1872,NA,NA,NA,NA,NA,4.661,0.317,29397.6,Diesel Oil,Pipeline Natural Gas,Combustion turbine,NA,NA,NA,NA,CAIROS
NY,Gowanus Generating Station,2494,CT02-8,CP0001,2014,28,20.9,334.4,NA,NA,NA,NA,NA,0.87,0.317,5486.4,Diesel Oil,Pipeline Natural Gas,Combustion turbine,NA,NA,NA,NA,CAIROS
NY,Gowanus Generating Station,2494,CT02-8,CP0001,2015,73,52.8,844.8,NA,NA,NA,NA,NA,2.05,0.317,12927.5,Diesel Oil,Pipeline Natural Gas,Combustion turbine,NA,NA,NA,NA,SIPNOX
NY,Gowanus Generating Station,2494,CT02-8,CP0001,2016,55,43,688,NA,NA,NA,NA,NA,1.767,0.3172,11146.2,Diesel Oil,Pipeline Natural Gas,Combustion turbine,NA,NA,NA,NA,SIPNOX
NY,Gowanus Generating Station,2494,CT02-8,CP0001,2017,12,7.8,124.8,NA,NA,NA,NA,NA,0.457,0.5086,1856.2,Diesel Oil,Pipeline Natural Gas,Combustion turbine,NA,NA,NA,NA,SIPNOX
NY,Gowanus Generating Station,2494,CT02-8,CP0001,2018,33,23.9,382.4,NA,NA,NA,NA,NA,1.015,0.3211,6323.9,Diesel Oil,Pipeline Natural Gas,Combustion turbine,NA,NA,NA,NA,SIPNOX
NY,Gowanus Generating Station,2494,CT02-8,CP0001,2019,18,11.8,188.8,NA,NA,NA,NA,NA,0.467,0.3209,2909.1,Diesel Oil,Pipeline Natural Gas,Combustion turbine,NA,NA,NA,NA,SIPNOX
NY,Gowanus Generating Station,2494,CT02-8,CP0001,2020,65,43.6,697.6,NA,NA,NA,NA,NA,1.852,0.321,11532,Diesel Oil,Pipeline Natural Gas,Combustion turbine,NA,NA,NA,NA,SIPNOX
NY,Gowanus Generating Station,2494,CT02-8,CP0001,2021,47,36.4,513.6,NA,NA,NA,513.9,0.0589,1.399,0.3213,8712.2,Diesel Oil,Pipeline Natural Gas,Combustion turbine,NA,NA,NA,NA,"RGGI, SIPNOX"
NY,Gowanus Generating Station,2494,CT02-8,CP0001,2022,79,55.5,824.4,NA,NA,NA,772.2,0.0593,2.1,0.3234,13084.8,Diesel Oil,Pipeline Natural Gas,Combustion turbine,NA,NA,NA,NA,"RGGI, SIPNOX"
NY,Gowanus Generating Station,2494,CT02-8,CP0001,2023,75,57,814.3,NA,NA,NA,829.1,0.059,2.183,0.3094,14056.6,Diesel Oil,Pipeline Natural Gas,Combustion turbine,NA,NA,NA,NA,"RGGI, SIPNOX"
NY,Gowanus Generating Station,2494,CT02-8,CP0001,2024,68,54.9,866.1,NA,NA,NA,862.2,0.059,2.227,0.305,14606.2,Diesel Oil,Pipeline Natural Gas,Combustion turbine,NA,NA,NA,NA,"RGGI, SIPNOX"
NY,Gowanus Generating Station,2494,CT03-1,NA,1999,398,398,8358,NA,NA,NA,NA,NA,36.417,0.612,119002,Diesel Oil,NA,Combustion turbine,NA,NA,NA,NA,OTC
NY,Gowanus Generating Station,2494,CT03-1,NA,2000,182,182,2730,NA,NA,NA,NA,NA,16.653,0.612,54418,Diesel Oil,NA,Combustion turbine,NA,NA,NA,NA,OTC
NY,Gowanus Generating Station,2494,CT03-1,NA,2001,242,242,3630,NA,NA,NA,NA,NA,12.798,0.3538,72358,Diesel Oil,Pipeline Natural Gas,Combustion turbine,NA,NA,NA,NA,OTC
NY,Gowanus Generating Station,2494,CT03-1,NA,2002,445,445,6675,NA,0,0,0,0,21.304,0.3202,133055,Other Oil,Pipeline Natural Gas,Combustion turbine,NA,NA,NA,NA,OTC
NY,Gowanus Generating Station,2494,CT03-1,NA,2003,217,204.25,3063.75,NA,0,0,0,0,10.43,0.3399,61071.6,Other Oil,Pipeline Natural Gas,Combustion turbine,NA,NA,NA,NA,NBP
NY,Gowanus Generating Station,2494,CT03-1,NA,2004,227,205,3075,NA,0,0,0,0,9.951,0.3243,61296.5,Other Oil,Pipeline Natural Gas,Combustion turbine,NA,NA,NA,NA,NBP
NY,Gowanus Generating Station,2494,CT03-1,CP0001,2005,555,555,8325,NA,0,0,0,0,18.603,0.314,118424.4,Other Oil,Pipeline Natural Gas,Combustion turbine,NA,NA,NA,NA,NBP
NY,Gowanus Generating Station,2494,CT03-1,CP0001,2006,349,349,5235,NA,0,0,0,0,11.921,0.314,75951.6,Other Oil,Pipeline Natural Gas,Combustion turbine,NA,NA,NA,NA,NBP
NY,Gowanus Generating Station,2494,CT03-1,CP0001,2007,80,80,1200,NA,0,0,0,0,2.859,0.3388,16851.2,Other Oil,Pipeline Natural Gas,Combustion turbine,NA,NA,NA,NA,NBP
NY,Gowanus Generating Station,2494,CT03-1,CP0001,2008,190,190,2850,NA,0,0,0,0,6.978,0.3328,41936.8,Other Oil,Pipeline Natural Gas,Combustion turbine,NA,NA,NA,NA,"CAIROS, NBP"
NY,Gowanus Generating Station,2494,CT03-1,CP0001,2009,74,74,1110,NA,NA,NA,NA,NA,0.31,0.325,1908.9,Other Oil,Pipeline Natural Gas,Combustion turbine,NA,NA,NA,NA,CAIROS
NY,Gowanus Generating Station,2494,CT03-1,CP0001,2010,118,118,1770,NA,NA,NA,NA,NA,3.874,0.3344,23180.6,Other Oil,Pipeline Natural Gas,Combustion turbine,NA,NA,NA,NA,CAIROS
NY,Gowanus Generating Station,2494,CT03-1,CP0001,2011,103,103,1545,NA,NA,NA,NA,NA,3.29,0.325,20253.7,Other Oil,Pipeline Natural Gas,Combustion turbine,NA,NA,NA,NA,CAIROS
NY,Gowanus Generating Station,2494,CT03-1,CP0001,2012,153,153,2295,NA,NA,NA,NA,NA,5.053,0.3228,31346.9,"Diesel Oil, Other Oil",Pipeline Natural Gas,Combustion turbine,NA,NA,NA,NA,CAIROS
NY,Gowanus Generating Station,2494,CT03-1,CP0001,2013,178,178,2670,NA,NA,NA,NA,NA,6.694,0.317,42252.6,Diesel Oil,Pipeline Natural Gas,Combustion turbine,NA,NA,NA,NA,CAIROS
NY,Gowanus Generating Station,2494,CT03-1,CP0001,2014,14,9.7,145.5,NA,NA,NA,NA,NA,0.375,0.3169,2364.6,Diesel Oil,Pipeline Natural Gas,Combustion turbine,NA,NA,NA,NA,CAIROS
NY,Gowanus Generating Station,2494,CT03-1,CP0001,2015,51,38.9,583.5,NA,NA,NA,NA,NA,1.412,0.317,8909.4,Diesel Oil,Pipeline Natural Gas,Combustion turbine,NA,NA,NA,NA,SIPNOX
NY,Gowanus Generating Station,2494,CT03-1,CP0001,2016,76,55.4,831,NA,NA,NA,NA,NA,2.12,0.3171,13374.5,Diesel Oil,Pipeline Natural Gas,Combustion turbine,NA,NA,NA,NA,SIPNOX
NY,Gowanus Generating Station,2494,CT03-1,CP0001,2017,34,22.1,331.5,NA,NA,NA,NA,NA,1.192,0.4859,4938,Diesel Oil,Pipeline Natural Gas,Combustion turbine,NA,NA,NA,NA,SIPNOX
NY,Gowanus Generating Station,2494,CT03-1,CP0001,2018,67,50.5,757.5,NA,NA,NA,NA,NA,2.027,0.3209,12632,Diesel Oil,Pipeline Natural Gas,Combustion turbine,NA,NA,NA,NA,SIPNOX
NY,Gowanus Generating Station,2494,CT03-1,CP0001,2019,36,26.5,397.5,NA,NA,NA,NA,NA,0.997,0.321,6211.5,Diesel Oil,Pipeline Natural Gas,Combustion turbine,NA,NA,NA,NA,SIPNOX
NY,Gowanus Generating Station,2494,CT03-1,CP0001,2020,73,53.2,798,NA,NA,NA,NA,NA,2.115,0.3211,13176.9,Diesel Oil,Pipeline Natural Gas,Combustion turbine,NA,NA,NA,NA,SIPNOX
NY,Gowanus Generating Station,2494,CT03-1,CP0001,2021,64,46.6,650.5,NA,NA,NA,621.5,0.0588,1.69,0.3208,10527.8,Diesel Oil,Pipeline Natural Gas,Combustion turbine,NA,NA,NA,NA,"RGGI, SIPNOX"
NY,Gowanus Generating Station,2494,CT03-1,CP0001,2022,70,51.6,808.5,NA,NA,NA,755,0.059,2.052,0.321,12788,Diesel Oil,Pipeline Natural Gas,Combustion turbine,NA,NA,NA,NA,"RGGI, SIPNOX"
NY,Gowanus Generating Station,2494,CT03-1,CP0001,2023,41,28.7,420.8,NA,NA,NA,421.7,0.0588,1.109,0.3103,7147.7,Diesel Oil,Pipeline Natural Gas,Combustion turbine,NA,NA,NA,NA,"RGGI, SIPNOX"
NY,Gowanus Generating Station,2494,CT03-1,CP0001,2024,34,24.3,383.5,NA,NA,NA,382.4,0.0594,0.989,0.3315,6478.6,Diesel Oil,Pipeline Natural Gas,Combustion turbine,NA,NA,NA,NA,"RGGI, SIPNOX"
NY,Gowanus Generating Station,2494,CT03-2,NA,1999,387,387,8127,NA,NA,NA,NA,NA,35.411,0.612,115713,Diesel Oil,NA,Combustion turbine,NA,NA,NA,NA,OTC
NY,Gowanus Generating Station,2494,CT03-2,NA,2000,179,179,2685,NA,NA,NA,NA,NA,16.379,0.612,53521,Diesel Oil,NA,Combustion turbine,NA,NA,NA,NA,OTC
NY,Gowanus Generating Station,2494,CT03-2,NA,2001,244,244,3660,NA,NA,NA,NA,NA,13.065,0.3582,72956,Diesel Oil,Pipeline Natural Gas,Combustion turbine,NA,NA,NA,NA,OTC
NY,Gowanus Generating Station,2494,CT03-2,NA,2002,378,378,5670,NA,0,0,0,0,17.836,0.3156,113022,"Diesel Oil, Other Oil",Pipeline Natural Gas,Combustion turbine,NA,NA,NA,NA,OTC
NY,Gowanus Generating Station,2494,CT03-2,NA,2003,202,189,2835,NA,0,0,0,0,8.932,0.3159,56511.9,Other Oil,Pipeline Natural Gas,Combustion turbine,NA,NA,NA,NA,NBP
NY,Gowanus Generating Station,2494,CT03-2,NA,2004,161,145.75,2186.25,NA,0,0,0,0,7.032,0.3236,43580.3,Other Oil,Pipeline Natural Gas,Combustion turbine,NA,NA,NA,NA,NBP
NY,Gowanus Generating Station,2494,CT03-2,CP0001,2005,519,519,7785,NA,0,0,0,0,17.388,0.314,110688,Other Oil,Pipeline Natural Gas,Combustion turbine,NA,NA,NA,NA,NBP
NY,Gowanus Generating Station,2494,CT03-2,CP0001,2006,298,298,4470,NA,0,0,0,0,10.185,0.314,64889.6,Other Oil,Pipeline Natural Gas,Combustion turbine,NA,NA,NA,NA,NBP
NY,Gowanus Generating Station,2494,CT03-2,CP0001,2007,66,66,990,NA,0,0,0,0,2.333,0.3362,13861.1,Other Oil,Pipeline Natural Gas,Combustion turbine,NA,NA,NA,NA,NBP
NY,Gowanus Generating Station,2494,CT03-2,CP0001,2008,241,241,3615,NA,0,0,0,0,8.97,0.3372,53190.7,Other Oil,Pipeline Natural Gas,Combustion turbine,NA,NA,NA,NA,"CAIROS, NBP"
NY,Gowanus Generating Station,2494,CT03-2,CP0001,2009,58,58,870,NA,NA,NA,NA,NA,0.604,0.4385,2757.3,Other Oil,Pipeline Natural Gas,Combustion turbine,NA,NA,NA,NA,CAIROS
NY,Gowanus Generating Station,2494,CT03-2,CP0001,2010,94,94,1410,NA,NA,NA,NA,NA,3.109,0.3368,18467.8,Other Oil,Pipeline Natural Gas,Combustion turbine,NA,NA,NA,NA,CAIROS
NY,Gowanus Generating Station,2494,CT03-2,CP0001,2011,125,125,1875,NA,NA,NA,NA,NA,4.122,0.3339,24693.5,Other Oil,Pipeline Natural Gas,Combustion turbine,NA,NA,NA,NA,CAIROS
NY,Gowanus Generating Station,2494,CT03-2,CP0001,2012,134,134,2010,NA,NA,NA,NA,NA,4.623,0.3368,27528.6,"Diesel Oil, Other Oil",Pipeline Natural Gas,Combustion turbine,NA,NA,NA,NA,CAIROS
NY,Gowanus Generating Station,2494,CT03-2,CP0001,2013,203,203,3045,NA,NA,NA,NA,NA,7.628,0.317,48147.5,Diesel Oil,Pipeline Natural Gas,Combustion turbine,NA,NA,NA,NA,CAIROS
NY,Gowanus Generating Station,2494,CT03-2,CP0001,2014,16,11.4,171,NA,NA,NA,NA,NA,0.448,0.3171,2823,Diesel Oil,Pipeline Natural Gas,Combustion turbine,NA,NA,NA,NA,CAIROS
NY,Gowanus Generating Station,2494,CT03-2,CP0001,2015,42,33.9,508.5,NA,NA,NA,NA,NA,1.235,0.317,7796.6,Diesel Oil,Pipeline Natural Gas,Combustion turbine,NA,NA,NA,NA,SIPNOX
NY,Gowanus Generating Station,2494,CT03-2,CP0001,2016,102,79.2,1188,NA,NA,NA,NA,NA,3.053,0.317,19252.7,Diesel Oil,Pipeline Natural Gas,Combustion turbine,NA,NA,NA,NA,SIPNOX
NY,Gowanus Generating Station,2494,CT03-2,CP0001,2017,17,11.2,168,NA,NA,NA,NA,NA,0.529,0.4521,2529.4,Diesel Oil,Pipeline Natural Gas,Combustion turbine,NA,NA,NA,NA,SIPNOX
NY,Gowanus Generating Station,2494,CT03-2,CP0001,2018,40,31.5,472.5,NA,NA,NA,NA,NA,1.26,0.3209,7851.8,Diesel Oil,Pipeline Natural Gas,Combustion turbine,NA,NA,NA,NA,SIPNOX
NY,Gowanus Generating Station,2494,CT03-2,CP0001,2019,19,14.2,213,NA,NA,NA,NA,NA,0.529,0.3211,3296.6,Diesel Oil,Pipeline Natural Gas,Combustion turbine,NA,NA,NA,NA,SIPNOX
NY,Gowanus Generating Station,2494,CT03-2,CP0001,2020,95,66.9,1003.5,NA,NA,NA,NA,NA,2.666,0.3212,16602.1,Diesel Oil,Pipeline Natural Gas,Combustion turbine,NA,NA,NA,NA,SIPNOX
NY,Gowanus Generating Station,2494,CT03-2,CP0001,2021,67,47.5,680.4,NA,NA,NA,639.9,0.0589,1.739,0.3211,10833.6,Diesel Oil,Pipeline Natural Gas,Combustion turbine,NA,NA,NA,NA,"RGGI, SIPNOX"
NY,Gowanus Generating Station,2494,CT03-2,CP0001,2022,69,53.1,830,NA,NA,NA,825,0.0613,2.304,0.3401,13290.6,Diesel Oil,Pipeline Natural Gas,Combustion turbine,NA,NA,NA,NA,"RGGI, SIPNOX"
NY,Gowanus Generating Station,2494,CT03-2,CP0001,2023,52,36.1,550.4,NA,NA,NA,554.2,0.059,1.457,0.3096,9387.3,Diesel Oil,Pipeline Natural Gas,Combustion turbine,NA,NA,NA,NA,"RGGI, SIPNOX"
NY,Gowanus Generating Station,2494,CT03-2,CP0001,2024,52,41.1,629.9,NA,NA,NA,629.8,0.0592,1.629,0.3222,10675.7,Diesel Oil,Pipeline Natural Gas,Combustion turbine,NA,NA,NA,NA,"RGGI, SIPNOX"
NY,Gowanus Generating Station,2494,CT03-3,NA,1999,300,300,6300,NA,NA,NA,NA,NA,27.45,0.612,89700,Diesel Oil,NA,Combustion turbine,NA,NA,NA,NA,OTC
NY,Gowanus Generating Station,2494,CT03-3,NA,2000,191,191,2865,NA,NA,NA,NA,NA,17.477,0.612,57109,Diesel Oil,NA,Combustion turbine,NA,NA,NA,NA,OTC
NY,Gowanus Generating Station,2494,CT03-3,NA,2001,228,228,3420,NA,NA,NA,NA,NA,11.838,0.3474,68172,Diesel Oil,Pipeline Natural Gas,Combustion turbine,NA,NA,NA,NA,OTC
NY,Gowanus Generating Station,2494,CT03-3,NA,2002,347,347,5205,NA,0,0,0,0,16.439,0.3168,103753,Other Oil,Pipeline Natural Gas,Combustion turbine,NA,NA,NA,NA,OTC
NY,Gowanus Generating Station,2494,CT03-3,NA,2003,173,159,2385,NA,0,0,0,0,7.523,0.3162,47542,Other Oil,Pipeline Natural Gas,Combustion turbine,NA,NA,NA,NA,NBP
NY,Gowanus Generating Station,2494,CT03-3,NA,2004,82,73,1095,NA,0,0,0,0,3.427,0.314,21827.6,Other Oil,Pipeline Natural Gas,Combustion turbine,NA,NA,NA,NA,NBP
NY,Gowanus Generating Station,2494,CT03-3,CP0001,2005,499,499,7485,NA,0,0,0,0,16.748,0.314,106615,Other Oil,Pipeline Natural Gas,Combustion turbine,NA,NA,NA,NA,NBP
NY,Gowanus Generating Station,2494,CT03-3,CP0001,2006,333,333,4995,NA,0,0,0,0,11.42,0.314,72759.6,Other Oil,Pipeline Natural Gas,Combustion turbine,NA,NA,NA,NA,NBP
NY,Gowanus Generating Station,2494,CT03-3,CP0001,2007,87,87,1305,NA,0,0,0,0,3.047,0.3335,18255.5,Other Oil,Pipeline Natural Gas,Combustion turbine,NA,NA,NA,NA,NBP
NY,Gowanus Generating Station,2494,CT03-3,CP0001,2008,229,229,3435,NA,0,0,0,0,8.541,0.3379,50548.9,Other Oil,Pipeline Natural Gas,Combustion turbine,NA,NA,NA,NA,"CAIROS, NBP"
NY,Gowanus Generating Station,2494,CT03-3,CP0001,2009,41,41,615,NA,NA,NA,NA,NA,0.467,0.489,1908.9,Other Oil,Pipeline Natural Gas,Combustion turbine,NA,NA,NA,NA,CAIROS
NY,Gowanus Generating Station,2494,CT03-3,CP0001,2010,152,152,2280,NA,NA,NA,NA,NA,4.917,0.3299,29815.2,Other Oil,Pipeline Natural Gas,Combustion turbine,NA,NA,NA,NA,CAIROS
NY,Gowanus Generating Station,2494,CT03-3,CP0001,2011,89,89,1335,NA,NA,NA,NA,NA,2.955,0.3374,17510.1,Other Oil,Pipeline Natural Gas,Combustion turbine,NA,NA,NA,NA,CAIROS
NY,Gowanus Generating Station,2494,CT03-3,CP0001,2012,137,137,2055,NA,NA,NA,NA,NA,4.459,0.317,28143.7,"Diesel Oil, Other Oil",Pipeline Natural Gas,Combustion turbine,NA,NA,NA,NA,CAIROS
NY,Gowanus Generating Station,2494,CT03-3,CP0001,2013,310,310,4650,NA,NA,NA,NA,NA,11.654,0.317,73554.6,Diesel Oil,Pipeline Natural Gas,Combustion turbine,NA,NA,NA,NA,CAIROS
NY,Gowanus Generating Station,2494,CT03-3,CP0001,2014,14,9.2,138,NA,NA,NA,NA,NA,0.354,0.3169,2234.7,Diesel Oil,Pipeline Natural Gas,Combustion turbine,NA,NA,NA,NA,CAIROS
NY,Gowanus Generating Station,2494,CT03-3,CP0001,2015,58,43.6,654,NA,NA,NA,NA,NA,1.583,0.317,9993.5,Diesel Oil,Pipeline Natural Gas,Combustion turbine,NA,NA,NA,NA,SIPNOX
NY,Gowanus Generating Station,2494,CT03-3,CP0001,2016,44,33.1,496.5,NA,NA,NA,NA,NA,1.285,0.3171,8102.8,Diesel Oil,Pipeline Natural Gas,Combustion turbine,NA,NA,NA,NA,SIPNOX
NY,Gowanus Generating Station,2494,CT03-3,CP0001,2017,23,16.4,246,NA,NA,NA,NA,NA,0.859,0.4669,3673.2,Diesel Oil,Pipeline Natural Gas,Combustion turbine,NA,NA,NA,NA,SIPNOX
NY,Gowanus Generating Station,2494,CT03-3,CP0001,2018,55,43.4,651,NA,NA,NA,NA,NA,1.743,0.3209,10859,Diesel Oil,Pipeline Natural Gas,Combustion turbine,NA,NA,NA,NA,SIPNOX
NY,Gowanus Generating Station,2494,CT03-3,CP0001,2019,14,8.8,132,NA,NA,NA,NA,NA,0.326,0.3211,2029.5,Diesel Oil,Pipeline Natural Gas,Combustion turbine,NA,NA,NA,NA,SIPNOX
NY,Gowanus Generating Station,2494,CT03-3,CP0001,2020,77,54.1,811.5,NA,NA,NA,NA,NA,2.15,0.3212,13390.7,Diesel Oil,Pipeline Natural Gas,Combustion turbine,NA,NA,NA,NA,SIPNOX
NY,Gowanus Generating Station,2494,CT03-3,CP0001,2021,108,79.5,1327.4,NA,NA,NA,1266.7,0.0591,3.447,0.321,21475.7,Diesel Oil,Pipeline Natural Gas,Combustion turbine,NA,NA,NA,NA,"RGGI, SIPNOX"
NY,Gowanus Generating Station,2494,CT03-3,CP0001,2022,87,64.2,1050.3,NA,NA,NA,1005.1,0.0602,2.777,0.3317,16557.6,Diesel Oil,Pipeline Natural Gas,Combustion turbine,NA,NA,NA,NA,"RGGI, SIPNOX"
NY,Gowanus Generating Station,2494,CT03-3,CP0001,2023,36,24.1,403.2,NA,NA,NA,408.3,0.059,1.084,0.313,6912,Diesel Oil,Pipeline Natural Gas,Combustion turbine,NA,NA,NA,NA,"RGGI, SIPNOX"
NY,Gowanus Generating Station,2494,CT03-3,CP0001,2024,58,46.3,659.3,NA,NA,NA,657,0.0591,1.698,0.3204,11132.7,Diesel Oil,Pipeline Natural Gas,Combustion turbine,NA,NA,NA,NA,"RGGI, SIPNOX"
NY,Gowanus Generating Station,2494,CT03-4,NA,1999,300,300,6300,NA,NA,NA,NA,NA,27.45,0.612,89700,Diesel Oil,NA,Combustion turbine,NA,NA,NA,NA,OTC
NY,Gowanus Generating Station,2494,CT03-4,NA,2000,179,179,2685,NA,NA,NA,NA,NA,16.379,0.612,53521,Diesel Oil,NA,Combustion turbine,NA,NA,NA,NA,OTC
NY,Gowanus Generating Station,2494,CT03-4,NA,2001,251,251,3765,NA,NA,NA,NA,NA,13.611,0.3628,75049,Diesel Oil,Pipeline Natural Gas,Combustion turbine,NA,NA,NA,NA,OTC
NY,Gowanus Generating Station,2494,CT03-4,NA,2002,369,369,5535,NA,0,0,0,0,17.59,0.3188,110331,Other Oil,Pipeline Natural Gas,Combustion turbine,NA,NA,NA,NA,OTC
NY,Gowanus Generating Station,2494,CT03-4,NA,2003,235,225.5,3382.5,NA,0,0,0,0,10.732,0.3181,67425,Other Oil,Pipeline Natural Gas,Combustion turbine,NA,NA,NA,NA,NBP
NY,Gowanus Generating Station,2494,CT03-4,NA,2004,160,144.75,2171.25,NA,0,0,0,0,6.985,0.3237,43281.3,Other Oil,Pipeline Natural Gas,Combustion turbine,NA,NA,NA,NA,NBP
NY,Gowanus Generating Station,2494,CT03-4,CP0001,2005,534,534,8010,NA,0,0,0,0,17.922,0.314,114087,Other Oil,Pipeline Natural Gas,Combustion turbine,NA,NA,NA,NA,NBP
NY,Gowanus Generating Station,2494,CT03-4,CP0001,2006,269,269,4035,NA,0,0,0,0,9.235,0.314,58841.4,Other Oil,Pipeline Natural Gas,Combustion turbine,NA,NA,NA,NA,NBP
NY,Gowanus Generating Station,2494,CT03-4,CP0001,2007,49,49,735,NA,0,0,0,0,1.758,0.3401,10326.2,Other Oil,Pipeline Natural Gas,Combustion turbine,NA,NA,NA,NA,NBP
NY,Gowanus Generating Station,2494,CT03-4,CP0001,2008,182,182,2730,NA,0,0,0,0,6.529,0.325,40172.9,Other Oil,Pipeline Natural Gas,Combustion turbine,NA,NA,NA,NA,"CAIROS, NBP"
NY,Gowanus Generating Station,2494,CT03-4,CP0001,2009,44,44,660,NA,NA,NA,NA,NA,0.467,0.489,1908.9,Other Oil,Pipeline Natural Gas,Combustion turbine,NA,NA,NA,NA,CAIROS
NY,Gowanus Generating Station,2494,CT03-4,CP0001,2010,93,93,1395,NA,NA,NA,NA,NA,3.073,0.3369,18249.7,Other Oil,Pipeline Natural Gas,Combustion turbine,NA,NA,NA,NA,CAIROS
NY,Gowanus Generating Station,2494,CT03-4,CP0001,2011,82,82,1230,NA,NA,NA,NA,NA,2.624,0.325,16153.8,Other Oil,Pipeline Natural Gas,Combustion turbine,NA,NA,NA,NA,CAIROS
NY,Gowanus Generating Station,2494,CT03-4,CP0001,2012,131,131,1965,NA,NA,NA,NA,NA,4.605,0.344,26867.1,"Diesel Oil, Other Oil",Pipeline Natural Gas,Combustion turbine,NA,NA,NA,NA,CAIROS
NY,Gowanus Generating Station,2494,CT03-4,CP0001,2013,247,247,3705,NA,NA,NA,NA,NA,9.287,0.317,58620.3,Diesel Oil,Pipeline Natural Gas,Combustion turbine,NA,NA,NA,NA,CAIROS
NY,Gowanus Generating Station,2494,CT03-4,CP0001,2014,14,9.6,144,NA,NA,NA,NA,NA,0.371,0.3169,2338.6,Diesel Oil,Pipeline Natural Gas,Combustion turbine,NA,NA,NA,NA,CAIROS
NY,Gowanus Generating Station,2494,CT03-4,CP0001,2015,44,32.4,486,NA,NA,NA,NA,NA,1.177,0.317,7425.6,Diesel Oil,Pipeline Natural Gas,Combustion turbine,NA,NA,NA,NA,SIPNOX
NY,Gowanus Generating Station,2494,CT03-4,CP0001,2016,54,40.3,604.5,NA,NA,NA,NA,NA,1.558,0.317,9823,Diesel Oil,Pipeline Natural Gas,Combustion turbine,NA,NA,NA,NA,SIPNOX
NY,Gowanus Generating Station,2494,CT03-4,CP0001,2017,34,23.1,346.5,NA,NA,NA,NA,NA,1.126,0.4297,5203.9,Diesel Oil,Pipeline Natural Gas,Combustion turbine,NA,NA,NA,NA,SIPNOX
NY,Gowanus Generating Station,2494,CT03-4,CP0001,2018,89,68.2,1023,NA,NA,NA,NA,NA,2.741,0.3209,17081.9,Diesel Oil,Pipeline Natural Gas,Combustion turbine,NA,NA,NA,NA,SIPNOX
NY,Gowanus Generating Station,2494,CT03-4,CP0001,2019,11,6.7,100.5,NA,NA,NA,NA,NA,0.247,0.3211,1538.5,Diesel Oil,Pipeline Natural Gas,Combustion turbine,NA,NA,NA,NA,SIPNOX
NY,Gowanus Generating Station,2494,CT03-4,CP0001,2020,63,41.2,618,NA,NA,NA,NA,NA,1.64,0.3212,10217.1,Diesel Oil,Pipeline Natural Gas,Combustion turbine,NA,NA,NA,NA,SIPNOX
NY,Gowanus Generating Station,2494,CT03-4,CP0001,2021,65,47.8,687,NA,NA,NA,661.2,0.0589,1.8,0.3212,11213.9,Diesel Oil,Pipeline Natural Gas,Combustion turbine,NA,NA,NA,NA,"RGGI, SIPNOX"
NY,Gowanus Generating Station,2494,CT03-4,CP0001,2022,67,51.3,812.2,NA,NA,NA,795.5,0.0613,2.223,0.3405,12823.1,Diesel Oil,Pipeline Natural Gas,Combustion turbine,NA,NA,NA,NA,"RGGI, SIPNOX"
NY,Gowanus Generating Station,2494,CT03-4,CP0001,2023,56,37.7,586,NA,NA,NA,595.1,0.0589,1.559,0.309,10086.5,Diesel Oil,Pipeline Natural Gas,Combustion turbine,NA,NA,NA,NA,"RGGI, SIPNOX"
NY,Gowanus Generating Station,2494,CT03-4,CP0001,2024,22,13.3,208.3,NA,NA,NA,202.1,0.0595,0.524,0.346,3426.6,Diesel Oil,Pipeline Natural Gas,Combustion turbine,NA,NA,NA,NA,"RGGI, SIPNOX"
NY,Gowanus Generating Station,2494,CT03-5,NA,1999,412,412,8652,NA,NA,NA,NA,NA,37.698,0.612,123188,Diesel Oil,NA,Combustion turbine,NA,NA,NA,NA,OTC
NY,Gowanus Generating Station,2494,CT03-5,NA,2000,175,175,2625,NA,NA,NA,NA,NA,16.013,0.612,52325,Diesel Oil,NA,Combustion turbine,NA,NA,NA,NA,OTC
NY,Gowanus Generating Station,2494,CT03-5,NA,2001,280,280,4200,NA,NA,NA,NA,NA,15.692,0.3749,83720,Diesel Oil,Pipeline Natural Gas,Combustion turbine,NA,NA,NA,NA,OTC
NY,Gowanus Generating Station,2494,CT03-5,NA,2002,419,419,6285,NA,0,0,0,0,19.966,0.3187,125281,Other Oil,Pipeline Natural Gas,Combustion turbine,NA,NA,NA,NA,OTC
NY,Gowanus Generating Station,2494,CT03-5,NA,2003,180,166.25,2493.75,NA,0,0,0,0,8.211,0.3291,49709.6,Other Oil,Pipeline Natural Gas,Combustion turbine,NA,NA,NA,NA,NBP
NY,Gowanus Generating Station,2494,CT03-5,NA,2004,213,195.5,2932.5,NA,0,0,0,0,9.578,0.3286,58455.5,Other Oil,Pipeline Natural Gas,Combustion turbine,NA,NA,NA,NA,NBP
NY,Gowanus Generating Station,2494,CT03-5,CP0001,2005,555,555,8325,NA,0,0,0,0,18.582,0.314,118294.8,Other Oil,Pipeline Natural Gas,Combustion turbine,NA,NA,NA,NA,NBP
NY,Gowanus Generating Station,2494,CT03-5,CP0001,2006,300,300,4500,NA,0,0,0,0,10.221,0.314,65118.2,Other Oil,Pipeline Natural Gas,Combustion turbine,NA,NA,NA,NA,NBP
NY,Gowanus Generating Station,2494,CT03-5,CP0001,2007,60,60,900,NA,0,0,0,0,2.142,0.3373,12686.8,Other Oil,Pipeline Natural Gas,Combustion turbine,NA,NA,NA,NA,NBP
NY,Gowanus Generating Station,2494,CT03-5,CP0001,2008,162,162,2430,NA,0,0,0,0,6.015,0.3364,35756.1,Other Oil,Pipeline Natural Gas,Combustion turbine,NA,NA,NA,NA,"CAIROS, NBP"
NY,Gowanus Generating Station,2494,CT03-5,CP0001,2009,63,63,945,NA,NA,NA,NA,NA,0.172,0.325,1060.5,Other Oil,Pipeline Natural Gas,Combustion turbine,NA,NA,NA,NA,CAIROS
NY,Gowanus Generating Station,2494,CT03-5,CP0001,2010,164,164,2460,NA,NA,NA,NA,NA,5.261,0.3273,32154,Other Oil,Pipeline Natural Gas,Combustion turbine,NA,NA,NA,NA,CAIROS
NY,Gowanus Generating Station,2494,CT03-5,CP0001,2011,91,91,1365,NA,NA,NA,NA,NA,2.935,0.325,18065.9,Other Oil,Pipeline Natural Gas,Combustion turbine,NA,NA,NA,NA,CAIROS
NY,Gowanus Generating Station,2494,CT03-5,CP0001,2012,139,139,2085,NA,NA,NA,NA,NA,4.536,0.317,28631.1,"Diesel Oil, Other Oil",Pipeline Natural Gas,Combustion turbine,NA,NA,NA,NA,CAIROS
NY,Gowanus Generating Station,2494,CT03-5,CP0001,2013,250,250,3750,NA,NA,NA,NA,NA,9.407,0.317,59375.8,Diesel Oil,Pipeline Natural Gas,Combustion turbine,NA,NA,NA,NA,CAIROS
NY,Gowanus Generating Station,2494,CT03-5,CP0001,2014,23,14.5,217.5,NA,NA,NA,NA,NA,0.573,0.317,3612.2,Diesel Oil,Pipeline Natural Gas,Combustion turbine,NA,NA,NA,NA,CAIROS
NY,Gowanus Generating Station,2494,CT03-5,CP0001,2015,64,46.9,703.5,NA,NA,NA,NA,NA,1.699,0.3169,10724.4,Diesel Oil,Pipeline Natural Gas,Combustion turbine,NA,NA,NA,NA,SIPNOX
NY,Gowanus Generating Station,2494,CT03-5,CP0001,2016,64,50.3,754.5,NA,NA,NA,NA,NA,1.924,0.317,12135.2,Diesel Oil,Pipeline Natural Gas,Combustion turbine,NA,NA,NA,NA,SIPNOX
NY,Gowanus Generating Station,2494,CT03-5,CP0001,2017,22,12.9,193.5,NA,NA,NA,NA,NA,0.724,0.5257,2872.2,Diesel Oil,Pipeline Natural Gas,Combustion turbine,NA,NA,NA,NA,SIPNOX
NY,Gowanus Generating Station,2494,CT03-5,CP0001,2018,112,87.6,1314,NA,NA,NA,NA,NA,3.528,0.3209,21988.7,Diesel Oil,Pipeline Natural Gas,Combustion turbine,NA,NA,NA,NA,SIPNOX
NY,Gowanus Generating Station,2494,CT03-5,CP0001,2019,38,25.7,385.5,NA,NA,NA,NA,NA,0.95,0.3211,5917.2,Diesel Oil,Pipeline Natural Gas,Combustion turbine,NA,NA,NA,NA,SIPNOX
NY,Gowanus Generating Station,2494,CT03-5,CP0001,2020,47,30,450,NA,NA,NA,NA,NA,1.193,0.3211,7431.6,Diesel Oil,Pipeline Natural Gas,Combustion turbine,NA,NA,NA,NA,SIPNOX
NY,Gowanus Generating Station,2494,CT03-5,CP0001,2021,60,43.9,625.7,NA,NA,NA,606.5,0.059,1.65,0.321,10280.8,Diesel Oil,Pipeline Natural Gas,Combustion turbine,NA,NA,NA,NA,"RGGI, SIPNOX"
NY,Gowanus Generating Station,2494,CT03-5,CP0001,2022,84,59,948.8,NA,NA,NA,877.3,0.059,2.387,0.3209,14877.3,Diesel Oil,Pipeline Natural Gas,Combustion turbine,NA,NA,NA,NA,"RGGI, SIPNOX"
NY,Gowanus Generating Station,2494,CT03-5,CP0001,2023,41,27,447.6,NA,NA,NA,455.4,0.059,1.203,0.3113,7715.5,Diesel Oil,Pipeline Natural Gas,Combustion turbine,NA,NA,NA,NA,"RGGI, SIPNOX"
NY,Gowanus Generating Station,2494,CT03-5,CP0001,2024,60,50,790.8,NA,NA,NA,795.4,0.0592,2.058,0.32,13484.7,Diesel Oil,Pipeline Natural Gas,Combustion turbine,NA,NA,NA,NA,"RGGI, SIPNOX"
NY,Gowanus Generating Station,2494,CT03-6,NA,1999,46,46,966,NA,NA,NA,NA,NA,4.209,0.612,13754,Diesel Oil,NA,Combustion turbine,NA,NA,NA,NA,OTC
NY,Gowanus Generating Station,2494,CT03-6,NA,2000,199,199,2985,NA,NA,NA,NA,NA,18.209,0.612,59501,Diesel Oil,NA,Combustion turbine,NA,NA,NA,NA,OTC
NY,Gowanus Generating Station,2494,CT03-6,NA,2001,245,245,3675,NA,NA,NA,NA,NA,13.243,0.3616,73255,Diesel Oil,Pipeline Natural Gas,Combustion turbine,NA,NA,NA,NA,OTC
NY,Gowanus Generating Station,2494,CT03-6,NA,2002,458,458,6870,NA,0,0,0,0,21.709,0.317,136942,Other Oil,Pipeline Natural Gas,Combustion turbine,NA,NA,NA,NA,OTC
NY,Gowanus Generating Station,2494,CT03-6,NA,2003,203,190.5,2857.5,NA,0,0,0,0,9.176,0.3216,56960.2,Other Oil,Pipeline Natural Gas,Combustion turbine,NA,NA,NA,NA,NBP
NY,Gowanus Generating Station,2494,CT03-6,NA,2004,235,216.25,3243.75,NA,0,0,0,0,10.378,0.3223,64659.9,Other Oil,Pipeline Natural Gas,Combustion turbine,NA,NA,NA,NA,NBP
NY,Gowanus Generating Station,2494,CT03-6,CP0001,2005,547,547,8205,NA,0,0,0,0,18.309,0.314,116552.2,Other Oil,Pipeline Natural Gas,Combustion turbine,NA,NA,NA,NA,NBP
NY,Gowanus Generating Station,2494,CT03-6,CP0001,2006,336,336,5040,NA,0,0,0,0,11.661,0.3204,72882.4,Other Oil,Pipeline Natural Gas,Combustion turbine,NA,NA,NA,NA,NBP
NY,Gowanus Generating Station,2494,CT03-6,CP0001,2007,57,57,855,NA,0,0,0,0,2.116,0.3509,12057.3,Other Oil,Pipeline Natural Gas,Combustion turbine,NA,NA,NA,NA,NBP
NY,Gowanus Generating Station,2494,CT03-6,CP0001,2008,158,158,2370,NA,0,0,0,0,5.668,0.325,34875.5,Other Oil,Pipeline Natural Gas,Combustion turbine,NA,NA,NA,NA,"CAIROS, NBP"
NY,Gowanus Generating Station,2494,CT03-6,CP0001,2009,70,70,1050,NA,NA,NA,NA,NA,0.172,0.325,1060.5,Other Oil,Pipeline Natural Gas,Combustion turbine,NA,NA,NA,NA,CAIROS
NY,Gowanus Generating Station,2494,CT03-6,CP0001,2010,84,84,1260,NA,NA,NA,NA,NA,2.679,0.325,16491.6,Other Oil,Pipeline Natural Gas,Combustion turbine,NA,NA,NA,NA,CAIROS
NY,Gowanus Generating Station,2494,CT03-6,CP0001,2011,84,84,1260,NA,NA,NA,NA,NA,2.842,0.3426,16585.6,Other Oil,Pipeline Natural Gas,Combustion turbine,NA,NA,NA,NA,CAIROS
NY,Gowanus Generating Station,2494,CT03-6,CP0001,2012,137,137,2055,NA,NA,NA,NA,NA,4.713,0.3363,28097.3,"Diesel Oil, Other Oil",Pipeline Natural Gas,Combustion turbine,NA,NA,NA,NA,CAIROS
NY,Gowanus Generating Station,2494,CT03-6,CP0001,2013,255,255,3825,NA,NA,NA,NA,NA,9.553,0.317,60298.7,Diesel Oil,Pipeline Natural Gas,Combustion turbine,NA,NA,NA,NA,CAIROS
NY,Gowanus Generating Station,2494,CT03-6,CP0001,2014,33,21.2,318,NA,NA,NA,NA,NA,0.816,0.3168,5147.7,Diesel Oil,Pipeline Natural Gas,Combustion turbine,NA,NA,NA,NA,CAIROS
NY,Gowanus Generating Station,2494,CT03-6,CP0001,2015,36,29.3,439.5,NA,NA,NA,NA,NA,1.062,0.317,6703.3,Diesel Oil,Pipeline Natural Gas,Combustion turbine,NA,NA,NA,NA,SIPNOX
NY,Gowanus Generating Station,2494,CT03-6,CP0001,2016,38,28.2,423,NA,NA,NA,NA,NA,1.069,0.3171,6741,Diesel Oil,Pipeline Natural Gas,Combustion turbine,NA,NA,NA,NA,SIPNOX
NY,Gowanus Generating Station,2494,CT03-6,CP0001,2017,23,16.3,244.5,NA,NA,NA,NA,NA,0.836,0.4502,3657.8,Diesel Oil,Pipeline Natural Gas,Combustion turbine,NA,NA,NA,NA,SIPNOX
NY,Gowanus Generating Station,2494,CT03-6,CP0001,2018,75,55.5,832.5,NA,NA,NA,NA,NA,2.232,0.3209,13910.6,Diesel Oil,Pipeline Natural Gas,Combustion turbine,NA,NA,NA,NA,SIPNOX
NY,Gowanus Generating Station,2494,CT03-6,CP0001,2019,18,11.4,171,NA,NA,NA,NA,NA,0.421,0.3211,2621,Diesel Oil,Pipeline Natural Gas,Combustion turbine,NA,NA,NA,NA,SIPNOX
NY,Gowanus Generating Station,2494,CT03-6,CP0001,2020,53,36.9,553.5,NA,NA,NA,NA,NA,1.469,0.3213,9146.4,Diesel Oil,Pipeline Natural Gas,Combustion turbine,NA,NA,NA,NA,SIPNOX
NY,Gowanus Generating Station,2494,CT03-6,CP0001,2021,54,39.7,559.3,NA,NA,NA,545.9,0.059,1.485,0.3213,9252,Diesel Oil,Pipeline Natural Gas,Combustion turbine,NA,NA,NA,NA,"RGGI, SIPNOX"
NY,Gowanus Generating Station,2494,CT03-6,CP0001,2022,65,46.6,690.8,NA,NA,NA,638.8,0.0589,1.738,0.321,10830.1,Diesel Oil,Pipeline Natural Gas,Combustion turbine,NA,NA,NA,NA,"RGGI, SIPNOX"
NY,Gowanus Generating Station,2494,CT03-6,CP0001,2023,39,23.8,357.5,NA,NA,NA,364.1,0.059,0.96,0.31,6173.9,Diesel Oil,Pipeline Natural Gas,Combustion turbine,NA,NA,NA,NA,"RGGI, SIPNOX"
NY,Gowanus Generating Station,2494,CT03-6,CP0001,2024,31,21.1,326.1,NA,NA,NA,322.3,0.0593,0.834,0.3341,5459.3,Diesel Oil,Pipeline Natural Gas,Combustion turbine,NA,NA,NA,NA,"RGGI, SIPNOX"
NY,Gowanus Generating Station,2494,CT03-7,NA,1999,248,248,5194,NA,NA,NA,NA,NA,22.692,0.6136,74008,Diesel Oil,NA,Combustion turbine,NA,NA,NA,NA,OTC
NY,Gowanus Generating Station,2494,CT03-7,NA,2000,190,190,2850,NA,NA,NA,NA,NA,17.385,0.612,56810,Diesel Oil,NA,Combustion turbine,NA,NA,NA,NA,OTC
NY,Gowanus Generating Station,2494,CT03-7,NA,2001,191,191,2865,NA,NA,NA,NA,NA,8.954,0.3136,57109,Diesel Oil,Pipeline Natural Gas,Combustion turbine,NA,NA,NA,NA,OTC
NY,Gowanus Generating Station,2494,CT03-7,NA,2002,455,455,6825,NA,0,0,0,0,21.51,0.3162,136045,Other Oil,Pipeline Natural Gas,Combustion turbine,NA,NA,NA,NA,OTC
NY,Gowanus Generating Station,2494,CT03-7,NA,2003,180,169.5,2542.5,NA,0,0,0,0,7.958,0.314,50681.2,Other Oil,Pipeline Natural Gas,Combustion turbine,NA,NA,NA,NA,NBP
NY,Gowanus Generating Station,2494,CT03-7,NA,2004,223,206,3090,NA,0,0,0,0,9.998,0.3244,61595.2,Other Oil,Pipeline Natural Gas,Combustion turbine,NA,NA,NA,NA,NBP
NY,Gowanus Generating Station,2494,CT03-7,CP0001,2005,520,520,7800,NA,0,0,0,0,17.414,0.314,110855.2,Other Oil,Pipeline Natural Gas,Combustion turbine,NA,NA,NA,NA,NBP
NY,Gowanus Generating Station,2494,CT03-7,CP0001,2006,333,333,4995,NA,0,0,0,0,11.514,0.3187,72262.6,Other Oil,Pipeline Natural Gas,Combustion turbine,NA,NA,NA,NA,NBP
NY,Gowanus Generating Station,2494,CT03-7,CP0001,2007,53,53,795,NA,0,0,0,0,1.858,0.332,11185.7,Other Oil,Pipeline Natural Gas,Combustion turbine,NA,NA,NA,NA,NBP
NY,Gowanus Generating Station,2494,CT03-7,CP0001,2008,233,233,3495,NA,0,0,0,0,8.439,0.3282,51427.1,Other Oil,Pipeline Natural Gas,Combustion turbine,NA,NA,NA,NA,"CAIROS, NBP"
NY,Gowanus Generating Station,2494,CT03-7,CP0001,2009,79,79,1185,NA,NA,NA,NA,NA,0.172,0.325,1060.5,Other Oil,Pipeline Natural Gas,Combustion turbine,NA,NA,NA,NA,CAIROS
NY,Gowanus Generating Station,2494,CT03-7,CP0001,2010,91,91,1365,NA,NA,NA,NA,NA,2.902,0.325,17858.3,Other Oil,Pipeline Natural Gas,Combustion turbine,NA,NA,NA,NA,CAIROS
NY,Gowanus Generating Station,2494,CT03-7,CP0001,2011,128,128,1920,NA,NA,NA,NA,NA,4.459,0.3509,25403.2,Other Oil,Pipeline Natural Gas,Combustion turbine,NA,NA,NA,NA,CAIROS
NY,Gowanus Generating Station,2494,CT03-7,CP0001,2012,157,157,2355,NA,NA,NA,NA,NA,5.553,0.3451,32298.5,"Diesel Oil, Other Oil",Pipeline Natural Gas,Combustion turbine,NA,NA,NA,NA,CAIROS
NY,Gowanus Generating Station,2494,CT03-7,CP0001,2013,233,233,3495,NA,NA,NA,NA,NA,8.751,0.317,55236.9,Diesel Oil,Pipeline Natural Gas,Combustion turbine,NA,NA,NA,NA,CAIROS
NY,Gowanus Generating Station,2494,CT03-7,CP0001,2014,26,17.3,259.5,NA,NA,NA,NA,NA,0.688,0.3169,4339.9,Diesel Oil,Pipeline Natural Gas,Combustion turbine,NA,NA,NA,NA,CAIROS
NY,Gowanus Generating Station,2494,CT03-7,CP0001,2015,76,58.4,876,NA,NA,NA,NA,NA,2.114,0.3169,13341.9,Diesel Oil,Pipeline Natural Gas,Combustion turbine,NA,NA,NA,NA,SIPNOX
NY,Gowanus Generating Station,2494,CT03-7,CP0001,2016,65,50.1,751.5,NA,NA,NA,NA,NA,1.927,0.317,12153.4,Diesel Oil,Pipeline Natural Gas,Combustion turbine,NA,NA,NA,NA,SIPNOX
NY,Gowanus Generating Station,2494,CT03-7,CP0001,2017,9,5.9,88.5,NA,NA,NA,NA,NA,0.313,0.4872,1320.2,Diesel Oil,Pipeline Natural Gas,Combustion turbine,NA,NA,NA,NA,SIPNOX
NY,Gowanus Generating Station,2494,CT03-7,CP0001,2018,32,23.7,355.5,NA,NA,NA,NA,NA,0.944,0.3209,5882.8,Diesel Oil,Pipeline Natural Gas,Combustion turbine,NA,NA,NA,NA,SIPNOX
NY,Gowanus Generating Station,2494,CT03-7,CP0001,2019,19,14.4,216,NA,NA,NA,NA,NA,0.537,0.3211,3343.4,Diesel Oil,Pipeline Natural Gas,Combustion turbine,NA,NA,NA,NA,SIPNOX
NY,Gowanus Generating Station,2494,CT03-7,CP0001,2020,73,52.8,792,NA,NA,NA,NA,NA,2.099,0.3212,13075.4,Diesel Oil,Pipeline Natural Gas,Combustion turbine,NA,NA,NA,NA,SIPNOX
NY,Gowanus Generating Station,2494,CT03-7,CP0001,2021,55,39.7,597.1,NA,NA,NA,576.9,0.0589,1.571,0.321,9785.1,Diesel Oil,Pipeline Natural Gas,Combustion turbine,NA,NA,NA,NA,"RGGI, SIPNOX"
NY,Gowanus Generating Station,2494,CT03-7,CP0001,2022,56,43.4,719.1,NA,NA,NA,714.2,0.0617,2.003,0.3442,11435.5,Diesel Oil,Pipeline Natural Gas,Combustion turbine,NA,NA,NA,NA,"RGGI, SIPNOX"
NY,Gowanus Generating Station,2494,CT03-7,CP0001,2023,48,35.5,580.1,NA,NA,NA,589.1,0.059,1.548,0.3099,9976.5,Diesel Oil,Pipeline Natural Gas,Combustion turbine,NA,NA,NA,NA,"RGGI, SIPNOX"
NY,Gowanus Generating Station,2494,CT03-7,CP0001,2024,73,54.9,886.4,NA,NA,NA,879.8,0.0594,2.278,0.3173,14924.4,Diesel Oil,Pipeline Natural Gas,Combustion turbine,NA,NA,NA,NA,"RGGI, SIPNOX"
NY,Gowanus Generating Station,2494,CT03-8,NA,1999,405,405,8505,NA,NA,NA,NA,NA,37.058,0.612,121095,Diesel Oil,NA,Combustion turbine,NA,NA,NA,NA,OTC
NY,Gowanus Generating Station,2494,CT03-8,NA,2000,182,182,2730,NA,NA,NA,NA,NA,16.653,0.612,54418,Diesel Oil,NA,Combustion turbine,NA,NA,NA,NA,OTC
NY,Gowanus Generating Station,2494,CT03-8,NA,2001,250,250,3750,NA,NA,NA,NA,NA,13.697,0.3666,74750,Diesel Oil,Pipeline Natural Gas,Combustion turbine,NA,NA,NA,NA,OTC
NY,Gowanus Generating Station,2494,CT03-8,NA,2002,422,422,6330,NA,0,0,0,0,20.107,0.3187,126178,Other Oil,Pipeline Natural Gas,Combustion turbine,NA,NA,NA,NA,OTC
NY,Gowanus Generating Station,2494,CT03-8,NA,2003,104,97.5,1462.5,NA,0,0,0,0,4.962,0.3401,29152.9,Other Oil,Pipeline Natural Gas,Combustion turbine,NA,NA,NA,NA,NBP
NY,Gowanus Generating Station,2494,CT03-8,NA,2004,244,224.75,3371.25,NA,0,0,0,0,10.973,0.3267,67201.5,Other Oil,Pipeline Natural Gas,Combustion turbine,NA,NA,NA,NA,NBP
NY,Gowanus Generating Station,2494,CT03-8,CP0001,2005,559,559,8385,NA,0,0,0,0,18.718,0.314,119158,Other Oil,Pipeline Natural Gas,Combustion turbine,NA,NA,NA,NA,NBP
NY,Gowanus Generating Station,2494,CT03-8,CP0001,2006,409,409,6135,NA,0,0,0,0,13.928,0.314,88731,Other Oil,Pipeline Natural Gas,Combustion turbine,NA,NA,NA,NA,NBP
NY,Gowanus Generating Station,2494,CT03-8,CP0001,2007,51,51,765,NA,0,0,0,0,1.797,0.3322,10810.4,Other Oil,Pipeline Natural Gas,Combustion turbine,NA,NA,NA,NA,NBP
NY,Gowanus Generating Station,2494,CT03-8,CP0001,2008,219,219,3285,NA,0,0,0,0,7.897,0.3267,48339.6,Other Oil,Pipeline Natural Gas,Combustion turbine,NA,NA,NA,NA,"CAIROS, NBP"
NY,Gowanus Generating Station,2494,CT03-8,CP0001,2009,66,66,990,NA,NA,NA,NA,NA,0.172,0.325,1060.5,Other Oil,Pipeline Natural Gas,Combustion turbine,NA,NA,NA,NA,CAIROS
NY,Gowanus Generating Station,2494,CT03-8,CP0001,2010,153,153,2295,NA,NA,NA,NA,NA,4.978,0.3322,29972.5,Other Oil,Pipeline Natural Gas,Combustion turbine,NA,NA,NA,NA,CAIROS
NY,Gowanus Generating Station,2494,CT03-8,CP0001,2011,109,109,1635,NA,NA,NA,NA,NA,3.574,0.3318,21549.1,Other Oil,Pipeline Natural Gas,Combustion turbine,NA,NA,NA,NA,CAIROS
NY,Gowanus Generating Station,2494,CT03-8,CP0001,2012,145,145,2175,NA,NA,NA,NA,NA,4.738,0.317,29907.7,"Diesel Oil, Other Oil",Pipeline Natural Gas,Combustion turbine,NA,NA,NA,NA,CAIROS
NY,Gowanus Generating Station,2494,CT03-8,CP0001,2013,299,299,4485,NA,NA,NA,NA,NA,11.268,0.317,71120.7,Diesel Oil,Pipeline Natural Gas,Combustion turbine,NA,NA,NA,NA,CAIROS
NY,Gowanus Generating Station,2494,CT03-8,CP0001,2014,18,11.6,174,NA,NA,NA,NA,NA,0.453,0.3168,2858.5,Diesel Oil,Pipeline Natural Gas,Combustion turbine,NA,NA,NA,NA,CAIROS
NY,Gowanus Generating Station,2494,CT03-8,CP0001,2015,50,37.6,564,NA,NA,NA,NA,NA,1.362,0.317,8594.2,Diesel Oil,Pipeline Natural Gas,Combustion turbine,NA,NA,NA,NA,SIPNOX
NY,Gowanus Generating Station,2494,CT03-8,CP0001,2016,60,43.9,658.5,NA,NA,NA,NA,NA,1.695,0.3171,10688.3,Diesel Oil,Pipeline Natural Gas,Combustion turbine,NA,NA,NA,NA,SIPNOX
NY,Gowanus Generating Station,2494,CT03-8,CP0001,2017,9,5,75,NA,NA,NA,NA,NA,0.303,0.5724,1105.1,Diesel Oil,Pipeline Natural Gas,Combustion turbine,NA,NA,NA,NA,SIPNOX
NY,Gowanus Generating Station,2494,CT03-8,CP0001,2018,33,25,375,NA,NA,NA,NA,NA,1.005,0.3209,6261.3,Diesel Oil,Pipeline Natural Gas,Combustion turbine,NA,NA,NA,NA,SIPNOX
NY,Gowanus Generating Station,2494,CT03-8,CP0001,2019,16,11.2,168,NA,NA,NA,NA,NA,0.416,0.3211,2592,Diesel Oil,Pipeline Natural Gas,Combustion turbine,NA,NA,NA,NA,SIPNOX
NY,Gowanus Generating Station,2494,CT03-8,CP0001,2020,78,53.5,802.5,NA,NA,NA,NA,NA,2.126,0.3211,13242.2,Diesel Oil,Pipeline Natural Gas,Combustion turbine,NA,NA,NA,NA,SIPNOX
NY,Gowanus Generating Station,2494,CT03-8,CP0001,2021,60,43.9,647.7,NA,NA,NA,631.5,0.0588,1.718,0.3208,10704.1,Diesel Oil,Pipeline Natural Gas,Combustion turbine,NA,NA,NA,NA,"RGGI, SIPNOX"
NY,Gowanus Generating Station,2494,CT03-8,CP0001,2022,80,57.8,911.3,NA,NA,NA,848.7,0.0598,2.324,0.3281,14256,Diesel Oil,Pipeline Natural Gas,Combustion turbine,NA,NA,NA,NA,"RGGI, SIPNOX"
NY,Gowanus Generating Station,2494,CT03-8,CP0001,2023,35,22.7,367.3,NA,NA,NA,375.6,0.0591,0.989,0.3109,6359.5,Diesel Oil,Pipeline Natural Gas,Combustion turbine,NA,NA,NA,NA,"RGGI, SIPNOX"
NY,Gowanus Generating Station,2494,CT03-8,CP0001,2024,73,57.5,906.3,NA,NA,NA,911.7,0.0592,2.358,0.3173,15454.1,Diesel Oil,Pipeline Natural Gas,Combustion turbine,NA,NA,NA,NA,"RGGI, SIPNOX"
NY,Gowanus Generating Station,2494,CT04-1,NA,1999,47,47,987,NA,NA,NA,NA,NA,4.301,0.612,14053,Diesel Oil,NA,Combustion turbine,NA,NA,NA,NA,OTC
NY,Gowanus Generating Station,2494,CT04-1,NA,2000,161,161,2415,NA,NA,NA,NA,NA,14.732,0.612,48139,Diesel Oil,NA,Combustion turbine,NA,NA,NA,NA,OTC
NY,Gowanus Generating Station,2494,CT04-1,NA,2001,240,240,3600,NA,NA,NA,NA,NA,21.96,0.612,71760,Diesel Oil,NA,Combustion turbine,NA,NA,NA,NA,OTC
NY,Gowanus Generating Station,2494,CT04-1,NA,2002,252,252,3780,NA,0,0,0,0,24.494,0.65,75348,"Diesel Oil, Other Oil",NA,Combustion turbine,NA,NA,NA,NA,OTC
NY,Gowanus Generating Station,2494,CT04-1,NA,2003,113,104,1560,NA,0,0,0,0,10.109,0.65,31096.5,Other Oil,NA,Combustion turbine,NA,NA,NA,NA,NBP
NY,Gowanus Generating Station,2494,CT04-1,NA,2004,50,42.75,641.25,NA,0,0,0,0,4.384,0.686,12782.8,Other Oil,NA,Combustion turbine,NA,NA,NA,NA,NBP
NY,Gowanus Generating Station,2494,CT04-1,CP0001,2005,287,287,4305,NA,0,0,0,0,21.116,0.686,61578.2,Other Oil,NA,Combustion turbine,NA,NA,NA,NA,NBP
NY,Gowanus Generating Station,2494,CT04-1,CP0001,2006,94,94,1410,NA,0,0,0,0,6.964,0.686,20300.8,Other Oil,NA,Combustion turbine,NA,NA,NA,NA,NBP
NY,Gowanus Generating Station,2494,CT04-1,CP0001,2007,48,48,720,NA,0,0,0,0,3.451,0.686,10059.9,Other Oil,NA,Combustion turbine,NA,NA,NA,NA,NBP
NY,Gowanus Generating Station,2494,CT04-1,CP0001,2008,8,8,120,NA,0,0,0,0,0.606,0.686,1766,Other Oil,NA,Combustion turbine,NA,NA,NA,NA,"CAIROS, NBP"
NY,Gowanus Generating Station,2494,CT04-1,CP0001,2009,4,4,60,NA,NA,NA,NA,NA,NA,NA,NA,Other Oil,NA,Combustion turbine,NA,NA,NA,NA,CAIROS
NY,Gowanus Generating Station,2494,CT04-1,CP0001,2010,33,33,495,NA,NA,NA,NA,NA,2.671,0.824,6480.5,Other Oil,NA,Combustion turbine,NA,NA,NA,NA,CAIROS
NY,Gowanus Generating Station,2494,CT04-1,CP0001,2011,23,23,345,NA,NA,NA,NA,NA,1.842,0.824,4469.7,Other Oil,NA,Combustion turbine,NA,NA,NA,NA,CAIROS
NY,Gowanus Generating Station,2494,CT04-1,CP0001,2012,16,16,240,NA,NA,NA,NA,NA,1.992,1.2,3319.2,"Diesel Oil, Other Oil",NA,Combustion turbine,NA,NA,NA,NA,CAIROS
NY,Gowanus Generating Station,2494,CT04-1,CP0001,2013,39,39,585,NA,NA,NA,NA,NA,3.448,0.74,9317.1,Diesel Oil,NA,Combustion turbine,NA,NA,NA,NA,CAIROS
NY,Gowanus Generating Station,2494,CT04-1,CP0001,2014,3,1.4,21,NA,NA,NA,NA,NA,0.092,0.74,248.7,Diesel Oil,NA,Combustion turbine,NA,NA,NA,NA,CAIROS
NY,Gowanus Generating Station,2494,CT04-1,CP0001,2015,16,8.7,130.5,NA,NA,NA,NA,NA,0.743,0.7402,2009.5,Diesel Oil,NA,Combustion turbine,NA,NA,NA,NA,SIPNOX
NY,Gowanus Generating Station,2494,CT04-1,CP0001,2016,10,5.4,81,NA,NA,NA,NA,NA,0.448,0.7397,1212,Diesel Oil,NA,Combustion turbine,NA,NA,NA,NA,SIPNOX
NY,Gowanus Generating Station,2494,CT04-1,CP0001,2017,3,2.2,33,NA,NA,NA,NA,NA,0.187,0.7403,505.3,Diesel Oil,NA,Combustion turbine,NA,NA,NA,NA,SIPNOX
NY,Gowanus Generating Station,2494,CT04-1,CP0001,2018,3,1.9,28.5,NA,NA,NA,NA,NA,0.152,0.69,440.6,Diesel Oil,NA,Combustion turbine,NA,NA,NA,NA,SIPNOX
NY,Gowanus Generating Station,2494,CT04-1,CP0001,2019,10,5.4,81,NA,NA,NA,NA,NA,0.437,0.6903,1266,Diesel Oil,NA,Combustion turbine,NA,NA,NA,NA,SIPNOX
NY,Gowanus Generating Station,2494,CT04-1,CP0001,2020,6,3.1,46.5,NA,NA,NA,NA,NA,0.265,0.69,769.2,Diesel Oil,NA,Combustion turbine,NA,NA,NA,NA,SIPNOX
NY,Gowanus Generating Station,2494,CT04-1,CP0001,2021,16,8.8,173.8,NA,NA,NA,217,0.0809,0.925,0.6898,2680.6,Diesel Oil,NA,Combustion turbine,NA,NA,NA,NA,"RGGI, SIPNOX"
NY,Gowanus Generating Station,2494,CT04-1,CP0001,2022,8,5.7,112.6,NA,NA,NA,142.6,0.0811,0.607,0.6901,1758.7,Diesel Oil,NA,Combustion turbine,NA,NA,NA,NA,"RGGI, SIPNOX"
NY,Gowanus Generating Station,2494,CT04-1,CP0001,2023,0,0,NA,NA,NA,NA,NA,NA,NA,NA,NA,Diesel Oil,NA,Combustion turbine,NA,NA,NA,NA,"RGGI, SIPNOX"
NY,Gowanus Generating Station,2494,CT04-1,CP0001,2024,0,0,NA,NA,NA,NA,NA,NA,NA,NA,NA,Diesel Oil,NA,Combustion turbine,NA,NA,NA,NA,"RGGI, SIPNOX"
NY,Gowanus Generating Station,2494,CT04-2,NA,1999,400,400,8678,NA,NA,NA,NA,NA,36.6,0.612,119600,Diesel Oil,NA,Combustion turbine,NA,NA,NA,NA,OTC
NY,Gowanus Generating Station,2494,CT04-2,NA,2000,171,171,2565,NA,NA,NA,NA,NA,15.647,0.612,51129,Diesel Oil,NA,Combustion turbine,NA,NA,NA,NA,OTC
NY,Gowanus Generating Station,2494,CT04-2,NA,2001,235,235,3525,NA,NA,NA,NA,NA,21.503,0.612,70265,Diesel Oil,NA,Combustion turbine,NA,NA,NA,NA,OTC
NY,Gowanus Generating Station,2494,CT04-2,NA,2002,231,231,3465,NA,0,0,0,0,22.453,0.65,69069,"Diesel Oil, Other Oil",NA,Combustion turbine,NA,NA,NA,NA,OTC
NY,Gowanus Generating Station,2494,CT04-2,NA,2003,60,53.5,802.5,NA,0,0,0,0,5.2,0.65,15997.1,Other Oil,NA,Combustion turbine,NA,NA,NA,NA,NBP
NY,Gowanus Generating Station,2494,CT04-2,NA,2004,68,59.5,892.5,NA,0,0,0,0,6.102,0.686,17791.1,Other Oil,NA,Combustion turbine,NA,NA,NA,NA,NBP
NY,Gowanus Generating Station,2494,CT04-2,CP0001,2005,270,270,4050,NA,0,0,0,0,19.858,0.686,57909.6,Other Oil,NA,Combustion turbine,NA,NA,NA,NA,NBP
NY,Gowanus Generating Station,2494,CT04-2,CP0001,2006,78,78,1170,NA,0,0,0,0,5.83,0.686,16995.2,Other Oil,NA,Combustion turbine,NA,NA,NA,NA,NBP
NY,Gowanus Generating Station,2494,CT04-2,CP0001,2007,50,50,750,NA,0,0,0,0,3.588,0.686,10459.4,Other Oil,NA,Combustion turbine,NA,NA,NA,NA,NBP
NY,Gowanus Generating Station,2494,CT04-2,CP0001,2008,11,11,165,NA,0,0,0,0,0.833,0.686,2428.4,Other Oil,NA,Combustion turbine,NA,NA,NA,NA,"CAIROS, NBP"
NY,Gowanus Generating Station,2494,CT04-2,CP0001,2009,6,6,90,NA,NA,NA,NA,NA,NA,NA,NA,Other Oil,NA,Combustion turbine,NA,NA,NA,NA,CAIROS
NY,Gowanus Generating Station,2494,CT04-2,CP0001,2010,32,32,480,NA,NA,NA,NA,NA,2.588,0.824,6280,Other Oil,NA,Combustion turbine,NA,NA,NA,NA,CAIROS
NY,Gowanus Generating Station,2494,CT04-2,CP0001,2011,28,28,420,NA,NA,NA,NA,NA,2.254,0.824,5471.7,Other Oil,NA,Combustion turbine,NA,NA,NA,NA,CAIROS
NY,Gowanus Generating Station,2494,CT04-2,CP0001,2012,21,21,315,NA,NA,NA,NA,NA,2.639,1.2,4398.5,"Diesel Oil, Other Oil",NA,Combustion turbine,NA,NA,NA,NA,CAIROS
NY,Gowanus Generating Station,2494,CT04-2,CP0001,2013,38,38,570,NA,NA,NA,NA,NA,3.359,0.74,9078.2,Diesel Oil,NA,Combustion turbine,NA,NA,NA,NA,CAIROS
NY,Gowanus Generating Station,2494,CT04-2,CP0001,2014,3,1.6,24,NA,NA,NA,NA,NA,0.105,0.74,284.2,Diesel Oil,NA,Combustion turbine,NA,NA,NA,NA,CAIROS
NY,Gowanus Generating Station,2494,CT04-2,CP0001,2015,13,7.8,117,NA,NA,NA,NA,NA,0.671,0.7403,1812.2,Diesel Oil,NA,Combustion turbine,NA,NA,NA,NA,SIPNOX
NY,Gowanus Generating Station,2494,CT04-2,CP0001,2016,8,4.2,63,NA,NA,NA,NA,NA,0.328,0.7399,887.7,Diesel Oil,NA,Combustion turbine,NA,NA,NA,NA,SIPNOX
NY,Gowanus Generating Station,2494,CT04-2,CP0001,2017,3,1.9,28.5,NA,NA,NA,NA,NA,0.162,0.7403,436.4,Diesel Oil,NA,Combustion turbine,NA,NA,NA,NA,SIPNOX
NY,Gowanus Generating Station,2494,CT04-2,CP0001,2018,6,2.8,42,NA,NA,NA,NA,NA,0.224,0.69,649.4,Diesel Oil,NA,Combustion turbine,NA,NA,NA,NA,SIPNOX
NY,Gowanus Generating Station,2494,CT04-2,CP0001,2019,6,3.8,57,NA,NA,NA,NA,NA,0.307,0.6903,890.8,Diesel Oil,NA,Combustion turbine,NA,NA,NA,NA,SIPNOX
NY,Gowanus Generating Station,2494,CT04-2,CP0001,2020,5,3.3,49.5,NA,NA,NA,NA,NA,0.283,0.69,818.8,Diesel Oil,NA,Combustion turbine,NA,NA,NA,NA,SIPNOX
NY,Gowanus Generating Station,2494,CT04-2,CP0001,2021,13,8.7,161.5,NA,NA,NA,207.1,0.0811,0.882,0.69,2556.9,Diesel Oil,NA,Combustion turbine,NA,NA,NA,NA,"RGGI, SIPNOX"
NY,Gowanus Generating Station,2494,CT04-2,CP0001,2022,6,3.5,74.9,NA,NA,NA,94.8,0.0812,0.403,0.69,1169.2,Diesel Oil,NA,Combustion turbine,NA,NA,NA,NA,"RGGI, SIPNOX"
NY,Gowanus Generating Station,2494,CT04-2,CP0001,2023,0,0,NA,NA,NA,NA,NA,NA,NA,NA,NA,Diesel Oil,NA,Combustion turbine,NA,NA,NA,NA,"RGGI, SIPNOX"
NY,Gowanus Generating Station,2494,CT04-2,CP0001,2024,0,0,NA,NA,NA,NA,NA,NA,NA,NA,NA,Diesel Oil,NA,Combustion turbine,NA,NA,NA,NA,"RGGI, SIPNOX"
NY,Gowanus Generating Station,2494,CT04-3,NA,1999,380,380,7980,NA,NA,NA,NA,NA,34.77,0.612,113620,Diesel Oil,NA,Combustion turbine,NA,NA,NA,NA,OTC
NY,Gowanus Generating Station,2494,CT04-3,NA,2000,156,156,2340,NA,NA,NA,NA,NA,14.274,0.612,46644,Diesel Oil,NA,Combustion turbine,NA,NA,NA,NA,OTC
NY,Gowanus Generating Station,2494,CT04-3,NA,2001,144,144,2160,NA,NA,NA,NA,NA,13.176,0.612,43056,Diesel Oil,NA,Combustion turbine,NA,NA,NA,NA,OTC
NY,Gowanus Generating Station,2494,CT04-3,NA,2002,210,210,3150,NA,0,0,0,0,20.412,0.65,62790,"Diesel Oil, Other Oil",NA,Combustion turbine,NA,NA,NA,NA,OTC
NY,Gowanus Generating Station,2494,CT04-3,NA,2003,110,102.75,1541.25,NA,0,0,0,0,9.987,0.65,30722.7,Other Oil,NA,Combustion turbine,NA,NA,NA,NA,NBP
NY,Gowanus Generating Station,2494,CT04-3,NA,2004,74,64.75,971.25,NA,0,0,0,0,6.64,0.686,19360.9,Other Oil,NA,Combustion turbine,NA,NA,NA,NA,NBP
NY,Gowanus Generating Station,2494,CT04-3,CP0001,2005,280,280,4200,NA,0,0,0,0,20.598,0.686,60067.6,Other Oil,NA,Combustion turbine,NA,NA,NA,NA,NBP
NY,Gowanus Generating Station,2494,CT04-3,CP0001,2006,77,77,1155,NA,0,0,0,0,5.72,0.686,16675,Other Oil,NA,Combustion turbine,NA,NA,NA,NA,NBP
NY,Gowanus Generating Station,2494,CT04-3,CP0001,2007,38,38,570,NA,0,0,0,0,2.699,0.686,7868.8,Other Oil,NA,Combustion turbine,NA,NA,NA,NA,NBP
NY,Gowanus Generating Station,2494,CT04-3,CP0001,2008,26,26,390,NA,0,0,0,0,1.969,0.686,5741.6,Other Oil,NA,Combustion turbine,NA,NA,NA,NA,"CAIROS, NBP"
NY,Gowanus Generating Station,2494,CT04-3,CP0001,2009,6,6,90,NA,NA,NA,NA,NA,NA,NA,NA,Other Oil,NA,Combustion turbine,NA,NA,NA,NA,CAIROS
NY,Gowanus Generating Station,2494,CT04-3,CP0001,2010,33,33,495,NA,NA,NA,NA,NA,2.669,0.824,6477.3,Other Oil,NA,Combustion turbine,NA,NA,NA,NA,CAIROS
NY,Gowanus Generating Station,2494,CT04-3,CP0001,2011,15,15,225,NA,NA,NA,NA,NA,1.207,0.824,2928.5,Other Oil,NA,Combustion turbine,NA,NA,NA,NA,CAIROS
NY,Gowanus Generating Station,2494,CT04-3,CP0001,2012,20,20,300,NA,NA,NA,NA,NA,2.521,1.2,4201.2,"Diesel Oil, Other Oil",NA,Combustion turbine,NA,NA,NA,NA,CAIROS
NY,Gowanus Generating Station,2494,CT04-3,CP0001,2013,31,31,465,NA,NA,NA,NA,NA,2.74,0.74,7405.9,Diesel Oil,NA,Combustion turbine,NA,NA,NA,NA,CAIROS
NY,Gowanus Generating Station,2494,CT04-3,CP0001,2014,3,1.8,27,NA,NA,NA,NA,NA,0.118,0.7403,319.6,Diesel Oil,NA,Combustion turbine,NA,NA,NA,NA,CAIROS
NY,Gowanus Generating Station,2494,CT04-3,CP0001,2015,5,2.7,40.5,NA,NA,NA,NA,NA,0.236,0.74,637.2,Diesel Oil,NA,Combustion turbine,NA,NA,NA,NA,SIPNOX
NY,Gowanus Generating Station,2494,CT04-3,CP0001,2016,10,6.3,94.5,NA,NA,NA,NA,NA,0.508,0.7398,1372,Diesel Oil,NA,Combustion turbine,NA,NA,NA,NA,SIPNOX
NY,Gowanus Generating Station,2494,CT04-3,CP0001,2017,6,3.3,49.5,NA,NA,NA,NA,NA,0.281,0.7403,757.9,Diesel Oil,NA,Combustion turbine,NA,NA,NA,NA,SIPNOX
NY,Gowanus Generating Station,2494,CT04-3,CP0001,2018,9,5.5,82.5,NA,NA,NA,NA,NA,0.466,0.6898,1350.2,Diesel Oil,NA,Combustion turbine,NA,NA,NA,NA,SIPNOX
NY,Gowanus Generating Station,2494,CT04-3,CP0001,2019,3,2.1,31.5,NA,NA,NA,NA,NA,0.17,0.69,492.2,Diesel Oil,NA,Combustion turbine,NA,NA,NA,NA,SIPNOX
NY,Gowanus Generating Station,2494,CT04-3,CP0001,2020,6,3.2,48,NA,NA,NA,NA,NA,0.274,0.69,794.1,Diesel Oil,NA,Combustion turbine,NA,NA,NA,NA,SIPNOX
NY,Gowanus Generating Station,2494,CT04-3,CP0001,2021,15,9.8,161.8,NA,NA,NA,204.4,0.0815,0.87,0.6902,2520.9,Diesel Oil,NA,Combustion turbine,NA,NA,NA,NA,"RGGI, SIPNOX"
NY,Gowanus Generating Station,2494,CT04-3,CP0001,2022,6,4.1,82.7,NA,NA,NA,103.7,0.081,0.442,0.69,1281.2,Diesel Oil,NA,Combustion turbine,NA,NA,NA,NA,"RGGI, SIPNOX"
NY,Gowanus Generating Station,2494,CT04-3,CP0001,2023,0,0,NA,NA,NA,NA,NA,NA,NA,NA,NA,Diesel Oil,NA,Combustion turbine,NA,NA,NA,NA,"RGGI, SIPNOX"
NY,Gowanus Generating Station,2494,CT04-3,CP0001,2024,0,0,NA,NA,NA,NA,NA,NA,NA,NA,NA,Diesel Oil,NA,Combustion turbine,NA,NA,NA,NA,"RGGI, SIPNOX"
NY,Gowanus Generating Station,2494,CT04-4,NA,1999,320,320,6679,NA,NA,NA,NA,NA,29.28,0.612,95680,Diesel Oil,NA,Combustion turbine,NA,NA,NA,NA,OTC
NY,Gowanus Generating Station,2494,CT04-4,NA,2000,70,70,1050,NA,NA,NA,NA,NA,6.405,0.612,20930,Diesel Oil,NA,Combustion turbine,NA,NA,NA,NA,OTC
NY,Gowanus Generating Station,2494,CT04-4,NA,2001,165,165,2475,NA,NA,NA,NA,NA,15.098,0.612,49335,Diesel Oil,NA,Combustion turbine,NA,NA,NA,NA,OTC
NY,Gowanus Generating Station,2494,CT04-4,NA,2002,190,190,2850,NA,0,0,0,0,18.468,0.65,56810,"Diesel Oil, Other Oil",NA,Combustion turbine,NA,NA,NA,NA,OTC
NY,Gowanus Generating Station,2494,CT04-4,NA,2003,107,97.75,1466.25,NA,0,0,0,0,9.501,0.65,29227.8,Other Oil,NA,Combustion turbine,NA,NA,NA,NA,NBP
NY,Gowanus Generating Station,2494,CT04-4,NA,2004,62,54.5,817.5,NA,0,0,0,0,5.589,0.686,16296.1,Other Oil,NA,Combustion turbine,NA,NA,NA,NA,NBP
NY,Gowanus Generating Station,2494,CT04-4,CP0001,2005,291,291,4365,NA,0,0,0,0,21.412,0.686,62441.4,Other Oil,NA,Combustion turbine,NA,NA,NA,NA,NBP
NY,Gowanus Generating Station,2494,CT04-4,CP0001,2006,61,61,915,NA,0,0,0,0,4.572,0.686,13326.8,Other Oil,NA,Combustion turbine,NA,NA,NA,NA,NBP
NY,Gowanus Generating Station,2494,CT04-4,CP0001,2007,43,43,645,NA,0,0,0,0,3.077,0.686,8970.4,Other Oil,NA,Combustion turbine,NA,NA,NA,NA,NBP
NY,Gowanus Generating Station,2494,CT04-4,CP0001,2008,14,14,210,NA,0,0,0,0,1.06,0.686,3091.7,Other Oil,NA,Combustion turbine,NA,NA,NA,NA,"CAIROS, NBP"
NY,Gowanus Generating Station,2494,CT04-4,CP0001,2009,3,3,45,NA,NA,NA,NA,NA,NA,NA,NA,Other Oil,NA,Combustion turbine,NA,NA,NA,NA,CAIROS
NY,Gowanus Generating Station,2494,CT04-4,CP0001,2010,31,31,465,NA,NA,NA,NA,NA,2.509,0.824,6087.5,Other Oil,NA,Combustion turbine,NA,NA,NA,NA,CAIROS
NY,Gowanus Generating Station,2494,CT04-4,CP0001,2011,17,17,255,NA,NA,NA,NA,NA,1.353,0.824,3282.8,Other Oil,NA,Combustion turbine,NA,NA,NA,NA,CAIROS
NY,Gowanus Generating Station,2494,CT04-4,CP0001,2012,25,25,375,NA,NA,NA,NA,NA,3.113,1.2,5187.7,"Diesel Oil, Other Oil",NA,Combustion turbine,NA,NA,NA,NA,CAIROS
NY,Gowanus Generating Station,2494,CT04-4,CP0001,2013,31,31,465,NA,NA,NA,NA,NA,2.74,0.74,7405.9,Diesel Oil,NA,Combustion turbine,NA,NA,NA,NA,CAIROS
NY,Gowanus Generating Station,2494,CT04-4,CP0001,2014,3,2.1,31.5,NA,NA,NA,NA,NA,0.138,0.7403,372.9,Diesel Oil,NA,Combustion turbine,NA,NA,NA,NA,CAIROS
NY,Gowanus Generating Station,2494,CT04-4,CP0001,2015,7,4,60,NA,NA,NA,NA,NA,0.344,0.7401,930.5,Diesel Oil,NA,Combustion turbine,NA,NA,NA,NA,SIPNOX
NY,Gowanus Generating Station,2494,CT04-4,CP0001,2016,6,3.6,54,NA,NA,NA,NA,NA,0.295,0.7398,797.9,Diesel Oil,NA,Combustion turbine,NA,NA,NA,NA,SIPNOX
NY,Gowanus Generating Station,2494,CT04-4,CP0001,2017,3,1.9,28.5,NA,NA,NA,NA,NA,0.162,0.74,436.4,Diesel Oil,NA,Combustion turbine,NA,NA,NA,NA,SIPNOX
NY,Gowanus Generating Station,2494,CT04-4,CP0001,2018,3,1.9,28.5,NA,NA,NA,NA,NA,0.152,0.69,440.6,Diesel Oil,NA,Combustion turbine,NA,NA,NA,NA,SIPNOX
NY,Gowanus Generating Station,2494,CT04-4,CP0001,2019,5,3,45,NA,NA,NA,NA,NA,0.243,0.6904,703.3,Diesel Oil,NA,Combustion turbine,NA,NA,NA,NA,SIPNOX
NY,Gowanus Generating Station,2494,CT04-4,CP0001,2020,5,2.9,43.5,NA,NA,NA,NA,NA,0.248,0.69,719.6,Diesel Oil,NA,Combustion turbine,NA,NA,NA,NA,SIPNOX
NY,Gowanus Generating Station,2494,CT04-4,CP0001,2021,16,10.2,158.2,NA,NA,NA,196.5,0.0803,0.838,0.6892,2427.2,Diesel Oil,NA,Combustion turbine,NA,NA,NA,NA,"RGGI, SIPNOX"
NY,Gowanus Generating Station,2494,CT04-4,CP0001,2022,6,3.8,77.1,NA,NA,NA,95.6,0.081,0.408,0.69,1181.2,Diesel Oil,NA,Combustion turbine,NA,NA,NA,NA,"RGGI, SIPNOX"
NY,Gowanus Generating Station,2494,CT04-4,CP0001,2023,0,0,NA,NA,NA,NA,NA,NA,NA,NA,NA,Diesel Oil,NA,Combustion turbine,NA,NA,NA,NA,"RGGI, SIPNOX"
NY,Gowanus Generating Station,2494,CT04-4,CP0001,2024,0,0,NA,NA,NA,NA,NA,NA,NA,NA,NA,Diesel Oil,NA,Combustion turbine,NA,NA,NA,NA,"RGGI, SIPNOX"
NY,Gowanus Generating Station,2494,CT04-5,NA,1999,277,277,5817,NA,NA,NA,NA,NA,25.346,0.612,82823,Diesel Oil,NA,Combustion turbine,NA,NA,NA,NA,OTC
NY,Gowanus Generating Station,2494,CT04-5,NA,2000,197,197,2955,NA,NA,NA,NA,NA,18.026,0.612,58903,Diesel Oil,NA,Combustion turbine,NA,NA,NA,NA,OTC
NY,Gowanus Generating Station,2494,CT04-5,NA,2001,255,255,3825,NA,NA,NA,NA,NA,23.333,0.612,76245,Diesel Oil,NA,Combustion turbine,NA,NA,NA,NA,OTC
NY,Gowanus Generating Station,2494,CT04-5,NA,2002,262,262,3930,NA,0,0,0,0,25.466,0.65,78338,"Diesel Oil, Other Oil",NA,Combustion turbine,NA,NA,NA,NA,OTC
NY,Gowanus Generating Station,2494,CT04-5,NA,2003,108,99.25,1488.75,NA,0,0,0,0,9.647,0.65,29676.4,Other Oil,NA,Combustion turbine,NA,NA,NA,NA,NBP
NY,Gowanus Generating Station,2494,CT04-5,NA,2004,65,56.25,843.75,NA,0,0,0,0,5.769,0.686,16819.3,Other Oil,NA,Combustion turbine,NA,NA,NA,NA,NBP
NY,Gowanus Generating Station,2494,CT04-5,CP0001,2005,261,261,3915,NA,0,0,0,0,19.197,0.686,55983.6,Other Oil,NA,Combustion turbine,NA,NA,NA,NA,NBP
NY,Gowanus Generating Station,2494,CT04-5,CP0001,2006,72,72,1080,NA,0,0,0,0,5.405,0.686,15755.6,Other Oil,NA,Combustion turbine,NA,NA,NA,NA,NBP
NY,Gowanus Generating Station,2494,CT04-5,CP0001,2007,56,56,840,NA,0,0,0,0,4.012,0.686,11694.2,Other Oil,NA,Combustion turbine,NA,NA,NA,NA,NBP
NY,Gowanus Generating Station,2494,CT04-5,CP0001,2008,23,23,345,NA,0,0,0,0,1.742,0.686,5080.1,Other Oil,NA,Combustion turbine,NA,NA,NA,NA,"CAIROS, NBP"
NY,Gowanus Generating Station,2494,CT04-5,CP0001,2009,6,6,90,NA,NA,NA,NA,NA,NA,NA,NA,Other Oil,NA,Combustion turbine,NA,NA,NA,NA,CAIROS
NY,Gowanus Generating Station,2494,CT04-5,CP0001,2010,33,33,495,NA,NA,NA,NA,NA,2.671,0.824,6482.1,Other Oil,NA,Combustion turbine,NA,NA,NA,NA,CAIROS
NY,Gowanus Generating Station,2494,CT04-5,CP0001,2011,25,25,375,NA,NA,NA,NA,NA,2.007,0.824,4870.5,Other Oil,NA,Combustion turbine,NA,NA,NA,NA,CAIROS
NY,Gowanus Generating Station,2494,CT04-5,CP0001,2012,20,20,300,NA,NA,NA,NA,NA,2.521,1.2,4201.2,"Diesel Oil, Other Oil",NA,Combustion turbine,NA,NA,NA,NA,CAIROS
NY,Gowanus Generating Station,2494,CT04-5,CP0001,2013,21,21,315,NA,NA,NA,NA,NA,1.856,0.74,5016.9,Diesel Oil,NA,Combustion turbine,NA,NA,NA,NA,CAIROS
NY,Gowanus Generating Station,2494,CT04-5,CP0001,2014,3,1.9,28.5,NA,NA,NA,NA,NA,0.125,0.7403,337.4,Diesel Oil,NA,Combustion turbine,NA,NA,NA,NA,CAIROS
NY,Gowanus Generating Station,2494,CT04-5,CP0001,2015,5,2.7,40.5,NA,NA,NA,NA,NA,0.231,0.7396,623.8,Diesel Oil,NA,Combustion turbine,NA,NA,NA,NA,SIPNOX
NY,Gowanus Generating Station,2494,CT04-5,CP0001,2016,16,8.2,123,NA,NA,NA,NA,NA,0.69,0.7398,1864.3,Diesel Oil,NA,Combustion turbine,NA,NA,NA,NA,SIPNOX
NY,Gowanus Generating Station,2494,CT04-5,CP0001,2017,3,1.6,24,NA,NA,NA,NA,NA,0.136,0.7403,367.5,Diesel Oil,NA,Combustion turbine,NA,NA,NA,NA,SIPNOX
NY,Gowanus Generating Station,2494,CT04-5,CP0001,2018,6,3.6,54,NA,NA,NA,NA,NA,0.302,0.6898,874.3,Diesel Oil,NA,Combustion turbine,NA,NA,NA,NA,SIPNOX
NY,Gowanus Generating Station,2494,CT04-5,CP0001,2019,6,3.9,58.5,NA,NA,NA,NA,NA,0.315,0.6902,914.2,Diesel Oil,NA,Combustion turbine,NA,NA,NA,NA,SIPNOX
NY,Gowanus Generating Station,2494,CT04-5,CP0001,2020,5,2.7,40.5,NA,NA,NA,NA,NA,0.231,0.69,670,Diesel Oil,NA,Combustion turbine,NA,NA,NA,NA,SIPNOX
NY,Gowanus Generating Station,2494,CT04-5,CP0001,2021,12,7.1,121.9,NA,NA,NA,154.7,0.0809,0.66,0.6899,1911.9,Diesel Oil,NA,Combustion turbine,NA,NA,NA,NA,"RGGI, SIPNOX"
NY,Gowanus Generating Station,2494,CT04-5,CP0001,2022,6,3.9,77.3,NA,NA,NA,96.7,0.0813,0.412,0.69,1192.9,Diesel Oil,NA,Combustion turbine,NA,NA,NA,NA,"RGGI, SIPNOX"
NY,Gowanus Generating Station,2494,CT04-5,CP0001,2023,0,0,NA,NA,NA,NA,NA,NA,NA,NA,NA,Diesel Oil,NA,Combustion turbine,NA,NA,NA,NA,"RGGI, SIPNOX"
NY,Gowanus Generating Station,2494,CT04-5,CP0001,2024,0,0,NA,NA,NA,NA,NA,NA,NA,NA,NA,Diesel Oil,NA,Combustion turbine,NA,NA,NA,NA,"RGGI, SIPNOX"
NY,Gowanus Generating Station,2494,CT04-6,NA,1999,24,24,504,NA,NA,NA,NA,NA,2.196,0.612,7176,Diesel Oil,NA,Combustion turbine,NA,NA,NA,NA,OTC
NY,Gowanus Generating Station,2494,CT04-6,NA,2000,126,126,1890,NA,NA,NA,NA,NA,11.529,0.612,37674,Diesel Oil,NA,Combustion turbine,NA,NA,NA,NA,OTC
NY,Gowanus Generating Station,2494,CT04-6,NA,2001,231,231,3465,NA,NA,NA,NA,NA,21.137,0.612,69069,Diesel Oil,NA,Combustion turbine,NA,NA,NA,NA,OTC
NY,Gowanus Generating Station,2494,CT04-6,NA,2002,246,246,3690,NA,0,0,0,0,23.911,0.65,73554,"Diesel Oil, Other Oil",NA,Combustion turbine,NA,NA,NA,NA,OTC
NY,Gowanus Generating Station,2494,CT04-6,NA,2003,106,95.75,1436.25,NA,0,0,0,0,9.307,0.65,28629.9,Other Oil,NA,Combustion turbine,NA,NA,NA,NA,NBP
NY,Gowanus Generating Station,2494,CT04-6,NA,2004,59,53.75,806.25,NA,0,0,0,0,5.512,0.686,16071.6,Other Oil,NA,Combustion turbine,NA,NA,NA,NA,NBP
NY,Gowanus Generating Station,2494,CT04-6,CP0001,2005,271,271,4065,NA,0,0,0,0,19.943,0.686,58157.8,Other Oil,NA,Combustion turbine,NA,NA,NA,NA,NBP
NY,Gowanus Generating Station,2494,CT04-6,CP0001,2006,82,82,1230,NA,0,0,0,0,6.138,0.686,17892.6,Other Oil,NA,Combustion turbine,NA,NA,NA,NA,NBP
NY,Gowanus Generating Station,2494,CT04-6,CP0001,2007,31,31,465,NA,0,0,0,0,2.251,0.686,6561.3,Other Oil,NA,Combustion turbine,NA,NA,NA,NA,NBP
NY,Gowanus Generating Station,2494,CT04-6,CP0001,2008,24,24,360,NA,0,0,0,0,1.818,0.686,5300.7,Other Oil,NA,Combustion turbine,NA,NA,NA,NA,"CAIROS, NBP"
NY,Gowanus Generating Station,2494,CT04-6,CP0001,2009,8,8,120,NA,NA,NA,NA,NA,NA,NA,NA,Other Oil,NA,Combustion turbine,NA,NA,NA,NA,CAIROS
NY,Gowanus Generating Station,2494,CT04-6,CP0001,2010,24,24,360,NA,NA,NA,NA,NA,1.942,0.824,4712.8,Other Oil,NA,Combustion turbine,NA,NA,NA,NA,CAIROS
NY,Gowanus Generating Station,2494,CT04-6,CP0001,2011,25,25,375,NA,NA,NA,NA,NA,1.994,0.824,4839.5,Other Oil,NA,Combustion turbine,NA,NA,NA,NA,CAIROS
NY,Gowanus Generating Station,2494,CT04-6,CP0001,2012,19,19,285,NA,NA,NA,NA,NA,2.375,1.2,3957.5,"Diesel Oil, Other Oil",NA,Combustion turbine,NA,NA,NA,NA,CAIROS
NY,Gowanus Generating Station,2494,CT04-6,CP0001,2013,5,5,75,NA,NA,NA,NA,NA,0.442,0.74,1194.5,Diesel Oil,NA,Combustion turbine,NA,NA,NA,NA,CAIROS
NY,Gowanus Generating Station,2494,CT04-6,CP0001,2014,9,4.8,72,NA,NA,NA,NA,NA,0.401,0.7393,1082.8,Diesel Oil,NA,Combustion turbine,NA,NA,NA,NA,CAIROS
NY,Gowanus Generating Station,2494,CT04-6,CP0001,2015,11,6.7,100.5,NA,NA,NA,NA,NA,0.572,0.7403,1545.9,Diesel Oil,NA,Combustion turbine,NA,NA,NA,NA,SIPNOX
NY,Gowanus Generating Station,2494,CT04-6,CP0001,2016,11,7.3,109.5,NA,NA,NA,NA,NA,0.599,0.7398,1620.4,Diesel Oil,NA,Combustion turbine,NA,NA,NA,NA,SIPNOX
NY,Gowanus Generating Station,2494,CT04-6,CP0001,2017,9,5.6,84,NA,NA,NA,NA,NA,0.457,0.7401,1235.8,Diesel Oil,NA,Combustion turbine,NA,NA,NA,NA,SIPNOX
NY,Gowanus Generating Station,2494,CT04-6,CP0001,2018,8,5,75,NA,NA,NA,NA,NA,0.417,0.69,1207.3,Diesel Oil,NA,Combustion turbine,NA,NA,NA,NA,SIPNOX
NY,Gowanus Generating Station,2494,CT04-6,CP0001,2019,6,3.5,52.5,NA,NA,NA,NA,NA,0.283,0.6903,820.5,Diesel Oil,NA,Combustion turbine,NA,NA,NA,NA,SIPNOX
NY,Gowanus Generating Station,2494,CT04-6,CP0001,2020,5,3.6,54,NA,NA,NA,NA,NA,0.308,0.69,893.4,Diesel Oil,NA,Combustion turbine,NA,NA,NA,NA,SIPNOX
NY,Gowanus Generating Station,2494,CT04-6,CP0001,2021,11,8.2,158,NA,NA,NA,200.9,0.0809,0.856,0.6898,2480.5,Diesel Oil,NA,Combustion turbine,NA,NA,NA,NA,"RGGI, SIPNOX"
NY,Gowanus Generating Station,2494,CT04-6,CP0001,2022,6,4.1,84.7,NA,NA,NA,106.4,0.081,0.453,0.69,1314.2,Diesel Oil,NA,Combustion turbine,NA,NA,NA,NA,"RGGI, SIPNOX"
NY,Gowanus Generating Station,2494,CT04-6,CP0001,2023,0,0,NA,NA,NA,NA,NA,NA,NA,NA,NA,Diesel Oil,NA,Combustion turbine,NA,NA,NA,NA,"RGGI, SIPNOX"
NY,Gowanus Generating Station,2494,CT04-6,CP0001,2024,0,0,NA,NA,NA,NA,NA,NA,NA,NA,NA,Diesel Oil,NA,Combustion turbine,NA,NA,NA,NA,"RGGI, SIPNOX"
NY,Gowanus Generating Station,2494,CT04-7,NA,1999,390,390,8190,NA,NA,NA,NA,NA,35.685,0.612,116610,Diesel Oil,NA,Combustion turbine,NA,NA,NA,NA,OTC
NY,Gowanus Generating Station,2494,CT04-7,NA,2000,191,191,2865,NA,NA,NA,NA,NA,17.477,0.612,57109,Diesel Oil,NA,Combustion turbine,NA,NA,NA,NA,OTC
NY,Gowanus Generating Station,2494,CT04-7,NA,2001,248,248,3720,NA,NA,NA,NA,NA,22.692,0.612,74152,Diesel Oil,NA,Combustion turbine,NA,NA,NA,NA,OTC
NY,Gowanus Generating Station,2494,CT04-7,NA,2002,218,218,3270,NA,0,0,0,0,21.19,0.65,65182,"Diesel Oil, Other Oil",NA,Combustion turbine,NA,NA,NA,NA,OTC
NY,Gowanus Generating Station,2494,CT04-7,NA,2003,99,90,1350,NA,0,0,0,0,8.748,0.65,26910.7,Other Oil,NA,Combustion turbine,NA,NA,NA,NA,NBP
NY,Gowanus Generating Station,2494,CT04-7,NA,2004,56,50.75,761.25,NA,0,0,0,0,5.205,0.686,15174.6,Other Oil,NA,Combustion turbine,NA,NA,NA,NA,NBP
NY,Gowanus Generating Station,2494,CT04-7,CP0001,2005,293,293,4395,NA,0,0,0,0,21.577,0.686,62921.6,Other Oil,NA,Combustion turbine,NA,NA,NA,NA,NBP
NY,Gowanus Generating Station,2494,CT04-7,CP0001,2006,90,90,1350,NA,0,0,0,0,6.715,0.686,19573.8,Other Oil,NA,Combustion turbine,NA,NA,NA,NA,NBP
NY,Gowanus Generating Station,2494,CT04-7,CP0001,2007,47,47,705,NA,0,0,0,0,3.38,0.686,9854.1,Other Oil,NA,Combustion turbine,NA,NA,NA,NA,NBP
NY,Gowanus Generating Station,2494,CT04-7,CP0001,2008,17,17,255,NA,0,0,0,0,1.287,0.686,3754.4,Other Oil,NA,Combustion turbine,NA,NA,NA,NA,"CAIROS, NBP"
NY,Gowanus Generating Station,2494,CT04-7,CP0001,2009,12,12,180,NA,NA,NA,NA,NA,NA,NA,NA,Other Oil,NA,Combustion turbine,NA,NA,NA,NA,CAIROS
NY,Gowanus Generating Station,2494,CT04-7,CP0001,2010,29,29,435,NA,NA,NA,NA,NA,2.348,0.824,5697.7,Other Oil,NA,Combustion turbine,NA,NA,NA,NA,CAIROS
NY,Gowanus Generating Station,2494,CT04-7,CP0001,2011,27,27,405,NA,NA,NA,NA,NA,2.172,0.824,5271.3,Other Oil,NA,Combustion turbine,NA,NA,NA,NA,CAIROS
NY,Gowanus Generating Station,2494,CT04-7,CP0001,2012,17,17,255,NA,NA,NA,NA,NA,2.166,1.2,3609.3,"Diesel Oil, Other Oil",NA,Combustion turbine,NA,NA,NA,NA,CAIROS
NY,Gowanus Generating Station,2494,CT04-7,CP0001,2013,24,24,360,NA,NA,NA,NA,NA,2.122,0.74,5733.6,Diesel Oil,NA,Combustion turbine,NA,NA,NA,NA,CAIROS
NY,Gowanus Generating Station,2494,CT04-7,CP0001,2014,6,3.3,49.5,NA,NA,NA,NA,NA,0.217,0.7402,586,Diesel Oil,NA,Combustion turbine,NA,NA,NA,NA,CAIROS
NY,Gowanus Generating Station,2494,CT04-7,CP0001,2015,5,3.2,48,NA,NA,NA,NA,NA,0.274,0.7402,740.1,Diesel Oil,NA,Combustion turbine,NA,NA,NA,NA,SIPNOX
NY,Gowanus Generating Station,2494,CT04-7,CP0001,2016,8,5.8,87,NA,NA,NA,NA,NA,0.454,0.7399,1226,Diesel Oil,NA,Combustion turbine,NA,NA,NA,NA,SIPNOX
NY,Gowanus Generating Station,2494,CT04-7,CP0001,2017,3,1.9,28.5,NA,NA,NA,NA,NA,0.162,0.7403,436.4,Diesel Oil,NA,Combustion turbine,NA,NA,NA,NA,SIPNOX
NY,Gowanus Generating Station,2494,CT04-7,CP0001,2018,3,2,30,NA,NA,NA,NA,NA,0.16,0.69,463.8,Diesel Oil,NA,Combustion turbine,NA,NA,NA,NA,SIPNOX
NY,Gowanus Generating Station,2494,CT04-7,CP0001,2019,5,2.4,36,NA,NA,NA,NA,NA,0.194,0.6896,562.5,Diesel Oil,NA,Combustion turbine,NA,NA,NA,NA,SIPNOX
NY,Gowanus Generating Station,2494,CT04-7,CP0001,2020,11,6.4,96,NA,NA,NA,NA,NA,0.548,0.69,1588.2,Diesel Oil,NA,Combustion turbine,NA,NA,NA,NA,SIPNOX
NY,Gowanus Generating Station,2494,CT04-7,CP0001,2021,21,13,233.3,NA,NA,NA,293.3,0.0807,1.25,0.6901,3622,Diesel Oil,NA,Combustion turbine,NA,NA,NA,NA,"RGGI, SIPNOX"
NY,Gowanus Generating Station,2494,CT04-7,CP0001,2022,6,4.1,85.9,NA,NA,NA,107.3,0.081,0.458,0.69,1326.1,Diesel Oil,NA,Combustion turbine,NA,NA,NA,NA,"RGGI, SIPNOX"
NY,Gowanus Generating Station,2494,CT04-7,CP0001,2023,0,0,NA,NA,NA,NA,NA,NA,NA,NA,NA,Diesel Oil,NA,Combustion turbine,NA,NA,NA,NA,"RGGI, SIPNOX"
NY,Gowanus Generating Station,2494,CT04-7,CP0001,2024,0,0,NA,NA,NA,NA,NA,NA,NA,NA,NA,Diesel Oil,NA,Combustion turbine,NA,NA,NA,NA,"RGGI, SIPNOX"
NY,Gowanus Generating Station,2494,CT04-8,NA,1999,400,400,8400,NA,NA,NA,NA,NA,36.6,0.612,119600,Diesel Oil,NA,Combustion turbine,NA,NA,NA,NA,OTC
NY,Gowanus Generating Station,2494,CT04-8,NA,2000,175,175,2625,NA,NA,NA,NA,NA,16.013,0.612,52325,Diesel Oil,NA,Combustion turbine,NA,NA,NA,NA,OTC
NY,Gowanus Generating Station,2494,CT04-8,NA,2001,215,215,3225,NA,NA,NA,NA,NA,19.673,0.612,64285,Diesel Oil,NA,Combustion turbine,NA,NA,NA,NA,OTC
NY,Gowanus Generating Station,2494,CT04-8,NA,2002,174,174,2610,NA,0,0,0,0,16.913,0.65,52026,"Diesel Oil, Other Oil",NA,Combustion turbine,NA,NA,NA,NA,OTC
NY,Gowanus Generating Station,2494,CT04-8,NA,2003,108,98.5,1477.5,NA,0,0,0,0,9.574,0.65,29452.2,Other Oil,NA,Combustion turbine,NA,NA,NA,NA,NBP
NY,Gowanus Generating Station,2494,CT04-8,NA,2004,69,60.75,911.25,NA,0,0,0,0,6.23,0.686,18164.8,Other Oil,NA,Combustion turbine,NA,NA,NA,NA,NBP
NY,Gowanus Generating Station,2494,CT04-8,CP0001,2005,279,279,4185,NA,0,0,0,0,20.535,0.686,59884.2,Other Oil,NA,Combustion turbine,NA,NA,NA,NA,NBP
NY,Gowanus Generating Station,2494,CT04-8,CP0001,2006,80,80,1200,NA,0,0,0,0,5.996,0.686,17479.4,Other Oil,NA,Combustion turbine,NA,NA,NA,NA,NBP
NY,Gowanus Generating Station,2494,CT04-8,CP0001,2007,40,40,600,NA,0,0,0,0,2.882,0.686,8401.4,Other Oil,NA,Combustion turbine,NA,NA,NA,NA,NBP
NY,Gowanus Generating Station,2494,CT04-8,CP0001,2008,26,26,390,NA,0,0,0,0,1.969,0.686,5742.5,Other Oil,NA,Combustion turbine,NA,NA,NA,NA,"CAIROS, NBP"
NY,Gowanus Generating Station,2494,CT04-8,CP0001,2009,8,8,120,NA,NA,NA,NA,NA,NA,NA,NA,Other Oil,NA,Combustion turbine,NA,NA,NA,NA,CAIROS
NY,Gowanus Generating Station,2494,CT04-8,CP0001,2010,35,35,525,NA,NA,NA,NA,NA,2.832,0.824,6871.9,Other Oil,NA,Combustion turbine,NA,NA,NA,NA,CAIROS
NY,Gowanus Generating Station,2494,CT04-8,CP0001,2011,25,25,375,NA,NA,NA,NA,NA,1.994,0.824,4839.5,Other Oil,NA,Combustion turbine,NA,NA,NA,NA,CAIROS
NY,Gowanus Generating Station,2494,CT04-8,CP0001,2012,18,18,270,NA,NA,NA,NA,NA,2.242,1.2,3737,"Diesel Oil, Other Oil",NA,Combustion turbine,NA,NA,NA,NA,CAIROS
NY,Gowanus Generating Station,2494,CT04-8,CP0001,2013,27,27,405,NA,NA,NA,NA,NA,2.387,0.74,6450.3,Diesel Oil,NA,Combustion turbine,NA,NA,NA,NA,CAIROS
NY,Gowanus Generating Station,2494,CT04-8,CP0001,2014,3,2,30,NA,NA,NA,NA,NA,0.131,0.7397,355.2,Diesel Oil,NA,Combustion turbine,NA,NA,NA,NA,CAIROS
NY,Gowanus Generating Station,2494,CT04-8,CP0001,2015,5,3.1,46.5,NA,NA,NA,NA,NA,0.265,0.7402,716.5,Diesel Oil,NA,Combustion turbine,NA,NA,NA,NA,SIPNOX
NY,Gowanus Generating Station,2494,CT04-8,CP0001,2016,8,4.9,73.5,NA,NA,NA,NA,NA,0.408,0.7401,1103,Diesel Oil,NA,Combustion turbine,NA,NA,NA,NA,SIPNOX
NY,Gowanus Generating Station,2494,CT04-8,CP0001,2017,3,1.9,28.5,NA,NA,NA,NA,NA,0.162,0.7403,436.4,Diesel Oil,NA,Combustion turbine,NA,NA,NA,NA,SIPNOX
NY,Gowanus Generating Station,2494,CT04-8,CP0001,2018,3,2,30,NA,NA,NA,NA,NA,0.16,0.69,463.8,Diesel Oil,NA,Combustion turbine,NA,NA,NA,NA,SIPNOX
NY,Gowanus Generating Station,2494,CT04-8,CP0001,2019,2,0.6,9,NA,NA,NA,NA,NA,0.049,0.69,140.6,Diesel Oil,NA,Combustion turbine,NA,NA,NA,NA,SIPNOX
NY,Gowanus Generating Station,2494,CT04-8,CP0001,2020,10,5.9,88.5,NA,NA,NA,NA,NA,0.505,0.69,1464.1,Diesel Oil,NA,Combustion turbine,NA,NA,NA,NA,SIPNOX
NY,Gowanus Generating Station,2494,CT04-8,CP0001,2021,15,8.1,144.9,NA,NA,NA,181.1,0.0811,0.772,0.6899,2237.5,Diesel Oil,NA,Combustion turbine,NA,NA,NA,NA,"RGGI, SIPNOX"
NY,Gowanus Generating Station,2494,CT04-8,CP0001,2022,6,3.8,27.1,NA,NA,NA,35.9,0.0805,0.153,0.6885,444.3,Diesel Oil,NA,Combustion turbine,NA,NA,NA,NA,"RGGI, SIPNOX"
NY,Gowanus Generating Station,2494,CT04-8,CP0001,2023,0,0,NA,NA,NA,NA,NA,NA,NA,NA,NA,Diesel Oil,NA,Combustion turbine,NA,NA,NA,NA,"RGGI, SIPNOX"
NY,Gowanus Generating Station,2494,CT04-8,CP0001,2024,0,0,NA,NA,NA,NA,NA,NA,NA,NA,NA,Diesel Oil,NA,Combustion turbine,NA,NA,NA,NA,"RGGI, SIPNOX"
NY,Hudson Avenue,2496,BLR071,CS0004,1999,3637,3584.25,NA,758983.25,NA,NA,NA,NA,286.094,0.3767,1529090.121,Residual Oil,NA,Dry bottom wall-fired boiler,NA,NA,NA,NA,OTC
NY,Hudson Avenue,2496,BLR071,CS0004,2000,6820,6795.5,NA,1305143.5,NA,NA,NA,NA,751.582,0.344,4310108.972,Residual Oil,NA,Dry bottom wall-fired boiler,NA,NA,NA,NA,OTC
NY,Hudson Avenue,2496,BLR071,CS0004,2001,6335,6287,NA,1136712.5,NA,NA,NA,NA,346.706,0.2844,2349127.989,Residual Oil,NA,Dry bottom wall-fired boiler,NA,NA,NA,NA,OTC
NY,Hudson Avenue,2496,BLR071,CS0004,2002,4738,4723.75,NA,711387.75,NA,NA,NA,NA,161.088,0.2899,1052208.058,Residual Oil,NA,Dry bottom wall-fired boiler,NA,NA,NA,NA,OTC
NY,Hudson Avenue,2496,BLR071,CS0004,2003,5938,5923.25,NA,836418.75,NA,NA,NA,NA,159.978,0.244,1251803.618,Residual Oil,NA,Dry bottom wall-fired boiler,NA,NA,NA,NA,NBP
NY,Hudson Avenue,2496,BLR071,CS0004,2004,3794,3780,NA,551680.5,NA,NA,NA,NA,110.713,0.2558,823964.359,Residual Oil,NA,Dry bottom wall-fired boiler,NA,NA,NA,NA,NBP
NY,Hudson Avenue,2496,BLR071,CS0004,2005,5045,5029.25,NA,804100.5,NA,NA,NA,NA,165.908,0.2588,1232430.576,Residual Oil,NA,Dry bottom wall-fired boiler,NA,NA,NA,NA,NBP
NY,Hudson Avenue,2496,BLR071,CS0004,2006,3197,3179,NA,534292.75,NA,NA,NA,NA,87.642,0.2121,797675.057,Residual Oil,NA,Dry bottom wall-fired boiler,NA,NA,NA,NA,NBP
NY,Hudson Avenue,2496,BLR071,CS0004,2007,2596,2569.5,NA,527225.25,NA,NA,NA,NA,88.337,0.2354,722049.45,Residual Oil,NA,Dry bottom wall-fired boiler,NA,NA,NA,NA,NBP
NY,Hudson Avenue,2496,BLR071,CS0004,2008,3257,3236.75,NA,604905.25,NA,NA,NA,NA,91.145,0.211,822458.408,Residual Oil,NA,Dry bottom wall-fired boiler,NA,NA,NA,NA,"CAIROS, NBP"
NY,Hudson Avenue,2496,BLR071,CS0004,2009,2509,2495.5,NA,453892.5,NA,NA,NA,NA,77.449,0.2257,644966.375,Residual Oil,NA,Dry bottom wall-fired boiler,NA,NA,NA,NA,CAIROS
NY,Hudson Avenue,2496,BLR071,CS0004,2010,702,694.75,NA,109076,NA,NA,NA,NA,14.582,0.1692,168649.3,Residual Oil,NA,Dry bottom wall-fired boiler,NA,NA,NA,NA,CAIROS
NY,Hudson Avenue,2496,BLR071,CS0004,2011,0,0,NA,NA,NA,NA,NA,NA,NA,NA,NA,Residual Oil,NA,Dry bottom wall-fired boiler,NA,NA,NA,NA,NA
NY,Hudson Avenue,2496,BLR072,CS0004,1999,4761,4743.75,NA,929116.5,NA,NA,NA,NA,289.708,0.381,1527761.285,Residual Oil,NA,Dry bottom wall-fired boiler,NA,NA,NA,NA,OTC
NY,Hudson Avenue,2496,BLR072,CS0004,2000,6567,6527,NA,1346843,NA,NA,NA,NA,791.688,0.3602,4326320.026,Residual Oil,NA,Dry bottom wall-fired boiler,NA,NA,NA,NA,OTC
NY,Hudson Avenue,2496,BLR072,CS0004,2001,6759,6729.75,NA,1289494,NA,NA,NA,NA,373.606,0.2871,2525930.757,Residual Oil,NA,Dry bottom wall-fired boiler,NA,NA,NA,NA,OTC
NY,Hudson Avenue,2496,BLR072,CS0004,2002,5569,5550.75,NA,1055973,NA,NA,NA,NA,204.289,0.2832,1352344.425,Residual Oil,NA,Dry bottom wall-fired boiler,NA,NA,NA,NA,OTC
NY,Hudson Avenue,2496,BLR072,CS0004,2003,6073,6065.25,NA,1118035.25,NA,NA,NA,NA,204.563,0.2518,1541209.765,Residual Oil,NA,Dry bottom wall-fired boiler,NA,NA,NA,NA,NBP
NY,Hudson Avenue,2496,BLR072,CS0004,2004,6120,6098,NA,1130130.25,NA,NA,NA,NA,203.558,0.2456,1534499.434,Residual Oil,NA,Dry bottom wall-fired boiler,NA,NA,NA,NA,NBP
NY,Hudson Avenue,2496,BLR072,CS0004,2005,4642,4629.75,NA,909511.5,NA,NA,NA,NA,176.625,0.2667,1263539.202,Residual Oil,NA,Dry bottom wall-fired boiler,NA,NA,NA,NA,NBP
NY,Hudson Avenue,2496,BLR072,CS0004,2006,1887,1874.25,NA,341021,NA,NA,NA,NA,53.865,0.214,486131.828,Residual Oil,NA,Dry bottom wall-fired boiler,NA,NA,NA,NA,NBP
NY,Hudson Avenue,2496,BLR072,CS0004,2007,3953,3932,NA,628111.25,NA,NA,NA,NA,115.166,0.2235,994023.663,Residual Oil,NA,Dry bottom wall-fired boiler,NA,NA,NA,NA,NBP
NY,Hudson Avenue,2496,BLR072,CS0004,2008,3960,3933,NA,667171.25,NA,NA,NA,NA,104.57,0.1961,1015797.957,Residual Oil,NA,Dry bottom wall-fired boiler,NA,NA,NA,NA,"CAIROS, NBP"
NY,Hudson Avenue,2496,BLR072,CS0004,2009,2182,2168,NA,381312.75,NA,NA,NA,NA,70.724,0.2342,581994.625,Residual Oil,NA,Dry bottom wall-fired boiler,NA,NA,NA,NA,CAIROS
NY,Hudson Avenue,2496,BLR072,CS0004,2010,1513,1499.5,NA,208636.5,NA,NA,NA,NA,29.948,0.1661,348909.2,Residual Oil,NA,Dry bottom wall-fired boiler,NA,NA,NA,NA,CAIROS
NY,Hudson Avenue,2496,BLR072,CS0004,2011,579,578.25,NA,85547,NA,NA,NA,NA,7.36,0.1121,130333.75,Residual Oil,NA,Dry bottom wall-fired boiler,NA,NA,NA,NA,NA
NY,Hudson Avenue,2496,BLR081,CS0004,1999,5347,5342,NA,954139.75,NA,NA,NA,NA,313.341,0.3807,1670032.778,Residual Oil,NA,Dry bottom wall-fired boiler,NA,NA,NA,NA,OTC
NY,Hudson Avenue,2496,BLR081,CS0004,2000,7815,7806,NA,1393270.5,NA,NA,NA,NA,799.239,0.3452,4558110.883,Residual Oil,NA,Dry bottom wall-fired boiler,NA,NA,NA,NA,OTC
NY,Hudson Avenue,2496,BLR081,CS0004,2001,7716,7698.75,NA,1275791.75,NA,NA,NA,NA,402.409,0.2679,2873363.082,Residual Oil,NA,Dry bottom wall-fired boiler,NA,NA,NA,NA,OTC
NY,Hudson Avenue,2496,BLR081,CS0004,2002,6826,6814.75,NA,944147.75,NA,NA,NA,NA,193.881,0.2372,1478641.84,Residual Oil,NA,Dry bottom wall-fired boiler,NA,NA,NA,NA,OTC
NY,Hudson Avenue,2496,BLR081,CS0004,2003,7171,7162.5,NA,1144611.25,NA,NA,NA,NA,217.914,0.2397,1713860.629,Residual Oil,NA,Dry bottom wall-fired boiler,NA,NA,NA,NA,NBP
NY,Hudson Avenue,2496,BLR081,CS0004,2004,6662,6649.5,NA,1169197.75,NA,NA,NA,NA,228.787,0.2443,1743307.688,Residual Oil,NA,Dry bottom wall-fired boiler,NA,NA,NA,NA,NBP
NY,Hudson Avenue,2496,BLR081,CS0004,2005,6563,6548.75,NA,1185188.25,NA,NA,NA,NA,241.232,0.2579,1774211.121,Residual Oil,NA,Dry bottom wall-fired boiler,NA,NA,NA,NA,NBP
NY,Hudson Avenue,2496,BLR081,CS0004,2006,4344,4330.75,NA,797458.5,NA,NA,NA,NA,136.345,0.2254,1149444.622,Residual Oil,NA,Dry bottom wall-fired boiler,NA,NA,NA,NA,NBP
NY,Hudson Avenue,2496,BLR081,CS0004,2007,4752,4729,NA,905247.5,NA,NA,NA,NA,162.005,0.2348,1322314.593,Residual Oil,NA,Dry bottom wall-fired boiler,NA,NA,NA,NA,NBP
NY,Hudson Avenue,2496,BLR081,CS0004,2008,3144,3132.75,NA,580297,NA,NA,NA,NA,100.593,0.2261,850732.324,Residual Oil,NA,Dry bottom wall-fired boiler,NA,NA,NA,NA,"CAIROS, NBP"
NY,Hudson Avenue,2496,BLR081,CS0004,2009,3504,3492.25,NA,710123.75,NA,NA,NA,NA,119.513,0.2311,970274.35,Residual Oil,NA,Dry bottom wall-fired boiler,NA,NA,NA,NA,CAIROS
NY,Hudson Avenue,2496,BLR081,CS0004,2010,1810,1800.5,NA,342464.5,NA,NA,NA,NA,47.795,0.1927,466723.625,Residual Oil,NA,Dry bottom wall-fired boiler,NA,NA,NA,NA,CAIROS
NY,Hudson Avenue,2496,BLR081,CS0004,2011,299,295.75,NA,49086.5,NA,NA,NA,NA,5.701,0.1568,72134.8,Residual Oil,NA,Dry bottom wall-fired boiler,NA,NA,NA,NA,NA
NY,Hudson Avenue,2496,BLR082,CS0004,1999,1464,1444.5,NA,265666.25,NA,NA,NA,NA,78.971,0.3777,414504.965,Residual Oil,NA,Dry bottom wall-fired boiler,NA,NA,NA,NA,OTC
NY,Hudson Avenue,2496,BLR082,CS0004,2000,3610,3568.25,NA,665206.25,NA,NA,NA,NA,283.398,0.3588,1551497.221,Residual Oil,NA,Dry bottom wall-fired boiler,NA,NA,NA,NA,OTC
NY,Hudson Avenue,2496,BLR082,CS0004,2001,2805,2768.75,NA,398891.25,NA,NA,NA,NA,134.747,0.3045,879946.478,Residual Oil,NA,Dry bottom wall-fired boiler,NA,NA,NA,NA,OTC
NY,Hudson Avenue,2496,BLR082,CS0004,2002,2785,2759.75,NA,265091.5,NA,NA,NA,NA,77.651,0.2921,477903.925,Residual Oil,NA,Dry bottom wall-fired boiler,NA,NA,NA,NA,OTC
NY,Hudson Avenue,2496,BLR082,CS0004,2003,1858,1846.25,NA,210294.25,NA,NA,NA,NA,57.875,0.2642,426347.134,Residual Oil,NA,Dry bottom wall-fired boiler,NA,NA,NA,NA,NBP
NY,Hudson Avenue,2496,BLR082,CS0004,2004,2318,2294.75,NA,312498,NA,NA,NA,NA,110.593,0.2696,787685.118,Residual Oil,NA,Dry bottom wall-fired boiler,NA,NA,NA,NA,NBP
NY,Hudson Avenue,2496,BLR082,CS0004,2005,1881,1864.5,NA,309191.25,NA,NA,NA,NA,95.364,0.278,657548.752,Residual Oil,NA,Dry bottom wall-fired boiler,NA,NA,NA,NA,NBP
NY,Hudson Avenue,2496,BLR082,CS0004,2006,320,310.25,NA,62874.25,NA,NA,NA,NA,11.307,0.2948,74238.796,Residual Oil,NA,Dry bottom wall-fired boiler,NA,NA,NA,NA,NBP
NY,Hudson Avenue,2496,BLR082,CS0004,2007,521,512.25,NA,102871.25,NA,NA,NA,NA,17.876,0.2744,126079.699,Residual Oil,NA,Dry bottom wall-fired boiler,NA,NA,NA,NA,NBP
NY,Hudson Avenue,2496,BLR082,CS0004,2008,642,635.25,NA,110074.5,NA,NA,NA,NA,18.143,0.2511,136687.137,Residual Oil,NA,Dry bottom wall-fired boiler,NA,NA,NA,NA,"CAIROS, NBP"
NY,Hudson Avenue,2496,BLR082,CS0004,2009,783,767.75,NA,120189.5,NA,NA,NA,NA,25.362,0.2887,162220.7,Residual Oil,NA,Dry bottom wall-fired boiler,NA,NA,NA,NA,CAIROS
NY,Hudson Avenue,2496,BLR082,CS0004,2010,77,73.75,NA,8939.75,NA,NA,NA,NA,2.258,0.2968,14617.8,Residual Oil,NA,Dry bottom wall-fired boiler,NA,NA,NA,NA,CAIROS
NY,Hudson Avenue,2496,BLR082,CS0004,2011,0,0,NA,NA,NA,NA,NA,NA,NA,NA,NA,Residual Oil,NA,Dry bottom wall-fired boiler,NA,NA,NA,NA,NA
NY,Hudson Avenue,2496,BLR100,NA,2001,1799,1795,NA,834809.25,NA,NA,NA,NA,135.592,0.231,1110343.325,Residual Oil,NA,"Dry bottom wall-fired boiler (Started Jul 06, 2001)",NA,"Combustion Modification/Fuel Reburning (Began Jul 06, 2001)|Low NOx Burner Technology (Dry Bottom only) (Began Jul 06, 2001)|Other (Began Jul 06, 2001)",NA,NA,OTC
NY,Hudson Avenue,2496,BLR100,NA,2002,2412,2406.75,NA,1424073.75,NA,NA,NA,NA,220.18,0.2386,1784519.475,Residual Oil,NA,Dry bottom wall-fired boiler,NA,Combustion Modification/Fuel Reburning|Low NOx Burner Technology (Dry Bottom only)|Other,NA,NA,OTC
NY,Hudson Avenue,2496,BLR100,NA,2003,2142,2136,NA,739309.25,NA,NA,NA,NA,121.109,0.2465,936986.7,Residual Oil,NA,Dry bottom wall-fired boiler,NA,Combustion Modification/Fuel Reburning|Low NOx Burner Technology (Dry Bottom only)|Other,NA,NA,NBP
NY,Hudson Avenue,2496,BLR100,NA,2004,3044,3039.25,NA,1491641.25,NA,NA,NA,NA,232.981,0.2425,1804211.25,Residual Oil,NA,Dry bottom wall-fired boiler,NA,Combustion Modification/Fuel Reburning|Low NOx Burner Technology (Dry Bottom only)|Other,NA,NA,NBP
NY,Hudson Avenue,2496,CT0003,NA,1999,180,180,2967,NA,NA,NA,NA,NA,9.873,0.467,42300,"Diesel Oil, Other Oil",NA,Combustion turbine,NA,NA,NA,NA,OTC
NY,Hudson Avenue,2496,CT0003,NA,2000,61,61,915,NA,NA,NA,NA,NA,3.35,0.4671,14335,"Diesel Oil, Other Oil",NA,Combustion turbine,NA,NA,NA,NA,OTC
NY,Hudson Avenue,2496,CT0003,NA,2001,168,168,2016,NA,NA,NA,NA,NA,9.24,0.468,39480,"Diesel Oil, Other Oil",NA,Combustion turbine,NA,NA,NA,NA,OTC
NY,Hudson Avenue,2496,CT0003,NA,2002,152,152,1824,NA,NA,NA,NA,NA,9.181,0.514,35720,"Diesel Oil, Other Oil",NA,Combustion turbine,NA,NA,NA,NA,OTC
NY,Hudson Avenue,2496,CT0003,NA,2003,68,68,816,NA,0,0,0,0,4.11,0.5144,15980,Other Oil,NA,Combustion turbine,NA,NA,NA,NA,NBP
NY,Hudson Avenue,2496,CT0003,NA,2004,4,4,50,NA,0,0,0,0,0.242,0.5138,940,Other Oil,NA,Combustion turbine,NA,NA,NA,NA,NBP
NY,Hudson Avenue,2496,CT0003,NA,2005,0,0,NA,NA,NA,NA,NA,NA,NA,NA,NA,Other Oil,NA,Combustion turbine,NA,NA,NA,NA,NBP
NY,Hudson Avenue,2496,CT0003,NA,2006,59,49.25,623,NA,0,0,0,0,2.974,0.5144,11574.3,Other Oil,NA,Combustion turbine,NA,NA,NA,NA,NBP
NY,Hudson Avenue,2496,CT0003,NA,2007,41,41,560,NA,0,0,0,0,2.472,0.513,9635,Other Oil,NA,Combustion turbine,NA,NA,NA,NA,NBP
NY,Hudson Avenue,2496,CT0003,NA,2008,38,38,532,NA,0,0,0,0,2.291,0.513,8930,Other Oil,NA,Combustion turbine,NA,NA,NA,NA,"CAIROS, NBP"
NY,Hudson Avenue,2496,CT0003,NA,2009,10,7.65,107.1,NA,NA,NA,NA,NA,0.461,0.513,1797.8,Other Oil,NA,Combustion turbine,NA,NA,NA,NA,CAIROS
NY,Hudson Avenue,2496,CT0003,NA,2010,27,20,280,NA,NA,NA,NA,NA,1.206,0.5131,4700,Other Oil,NA,Combustion turbine,NA,NA,NA,NA,CAIROS
NY,Hudson Avenue,2496,CT0003,NA,2011,20,19.5,273,NA,NA,NA,NA,NA,1.176,0.513,4582.5,Other Oil,NA,Combustion turbine,NA,NA,NA,NA,CAIROS
NY,Hudson Avenue,2496,CT0003,NA,2012,13,12.48,174.72,NA,NA,NA,NA,NA,0.753,0.513,2932.8,Other Oil,NA,Combustion turbine,NA,NA,NA,NA,CAIROS
NY,Hudson Avenue,2496,CT0003,NA,2013,25,25,350,NA,NA,NA,NA,NA,1.736,0.591,5875,Other Oil,NA,Combustion turbine,NA,NA,NA,NA,CAIROS
NY,Hudson Avenue,2496,CT0003,NA,2014,4,4,56,NA,NA,NA,NA,NA,0.278,0.591,940,Other Oil,NA,Combustion turbine,NA,NA,NA,NA,CAIROS
NY,Hudson Avenue,2496,CT0003,NA,2015,5,5,70,NA,NA,NA,NA,NA,0.347,0.591,1175,Other Oil,NA,Combustion turbine,NA,NA,NA,NA,SIPNOX
NY,Hudson Avenue,2496,CT0003,NA,2016,30,27.59,386.26,NA,NA,NA,NA,NA,2.94,0.9551,6483.7,Other Oil,NA,Combustion turbine,NA,NA,NA,NA,SIPNOX
NY,Hudson Avenue,2496,CT0003,NA,2017,89,89,1246,NA,NA,NA,NA,NA,15.686,1.5,20915,Other Oil,NA,Combustion turbine,NA,NA,NA,NA,SIPNOX
NY,Hudson Avenue,2496,CT0003,NA,2018,22,22,308,NA,NA,NA,NA,NA,3.878,1.5,5170,Other Oil,NA,Combustion turbine,NA,NA,NA,NA,SIPNOX
NY,Hudson Avenue,2496,CT0003,NA,2019,5,5,70,NA,NA,NA,NA,NA,0.881,1.5,1175,Other Oil,NA,Combustion turbine,NA,NA,NA,NA,SIPNOX
NY,Hudson Avenue,2496,CT0003,NA,2020,15,15,210,NA,NA,NA,NA,NA,2.644,1.5,3525,Other Oil,NA,Combustion turbine,NA,NA,NA,NA,SIPNOX
NY,Hudson Avenue,2496,CT0003,NA,2021,35,28.44,398.16,NA,NA,NA,540.8,0.0811,1.975,0.5908,6683.8,Other Oil,NA,Combustion turbine,NA,NA,NA,NA,"RGGI, SIPNOX"
NY,Hudson Avenue,2496,CT0003,NA,2022,30,23.09,323.26,NA,NA,NA,439.1,0.0811,3.256,1.2,5426.5,Other Oil,NA,Combustion turbine,NA,NA,NA,NA,"RGGI, SIPNOX"
NY,Hudson Avenue,2496,CT0003,NA,2023,0,0,NA,NA,NA,NA,NA,NA,NA,NA,NA,Other Oil,NA,Combustion turbine,NA,NA,NA,NA,NA
NY,Hudson Avenue,2496,CT0004,NA,1999,164,164,2460,NA,NA,NA,NA,NA,8.995,0.467,38540,"Diesel Oil, Other Oil",NA,Combustion turbine,NA,NA,NA,NA,OTC
NY,Hudson Avenue,2496,CT0004,NA,2000,105,105,1575,NA,NA,NA,NA,NA,5.77,0.4675,24675,"Diesel Oil, Other Oil",NA,Combustion turbine,NA,NA,NA,NA,OTC
NY,Hudson Avenue,2496,CT0004,NA,2001,85,85,1190,NA,NA,NA,NA,NA,4.675,0.468,19975,"Diesel Oil, Other Oil",NA,Combustion turbine,NA,NA,NA,NA,OTC
NY,Hudson Avenue,2496,CT0004,NA,2002,136,136,1806,NA,NA,NA,NA,NA,7.792,0.514,30315,"Diesel Oil, Other Oil",NA,Combustion turbine,NA,NA,NA,NA,OTC
NY,Hudson Avenue,2496,CT0004,NA,2003,29,29,406,NA,NA,NA,NA,NA,1.755,0.515,6815,Other Oil,NA,Combustion turbine,NA,NA,NA,NA,NBP
NY,Hudson Avenue,2496,CT0004,NA,2004,13,13,182,NA,0,0,0,0,0.784,0.5134,3055,Other Oil,NA,Combustion turbine,NA,NA,NA,NA,NBP
NY,Hudson Avenue,2496,CT0004,NA,2005,87,76.25,1067.5,NA,0,0,0,0,4.598,0.5131,17919.4,Other Oil,NA,Combustion turbine,NA,NA,NA,NA,NBP
NY,Hudson Avenue,2496,CT0004,NA,2006,74,66,879,NA,0,0,0,0,4.387,0.563,15510.7,Other Oil,NA,Combustion turbine,NA,NA,NA,NA,NBP
NY,Hudson Avenue,2496,CT0004,NA,2007,34,34,412,NA,0,0,0,0,2.05,0.513,7990,Other Oil,NA,Combustion turbine,NA,NA,NA,NA,NBP
NY,Hudson Avenue,2496,CT0004,NA,2008,13,13,182,NA,0,0,0,0,0.784,0.513,3055,Other Oil,NA,Combustion turbine,NA,NA,NA,NA,"CAIROS, NBP"
NY,Hudson Avenue,2496,CT0004,NA,2009,6,4.23,59.22,NA,NA,NA,NA,NA,0.255,0.513,994.1,Other Oil,NA,Combustion turbine,NA,NA,NA,NA,CAIROS
NY,Hudson Avenue,2496,CT0004,NA,2010,28,21.4,299.6,NA,NA,NA,NA,NA,1.29,0.5131,5029,Other Oil,NA,Combustion turbine,NA,NA,NA,NA,CAIROS
NY,Hudson Avenue,2496,CT0004,NA,2011,21,19.5,273,NA,NA,NA,NA,NA,1.176,0.513,4582.5,Other Oil,NA,Combustion turbine,NA,NA,NA,NA,CAIROS
NY,Hudson Avenue,2496,CT0004,NA,2012,8,7.23,101.22,NA,NA,NA,NA,NA,0.436,0.5131,1699.1,Other Oil,NA,Combustion turbine,NA,NA,NA,NA,CAIROS
NY,Hudson Avenue,2496,CT0004,NA,2013,14,14,196,NA,NA,NA,NA,NA,0.796,0.484,3290,Other Oil,NA,Combustion turbine,NA,NA,NA,NA,CAIROS
NY,Hudson Avenue,2496,CT0004,NA,2014,10,10,140,NA,NA,NA,NA,NA,0.569,0.484,2350,Other Oil,NA,Combustion turbine,NA,NA,NA,NA,CAIROS
NY,Hudson Avenue,2496,CT0004,NA,2015,5,5,70,NA,NA,NA,NA,NA,0.284,0.484,1175,Other Oil,NA,Combustion turbine,NA,NA,NA,NA,SIPNOX
NY,Hudson Avenue,2496,CT0004,NA,2016,18,17.5,245,NA,NA,NA,NA,NA,2.01,0.992,4112.5,Other Oil,NA,Combustion turbine,NA,NA,NA,NA,SIPNOX
NY,Hudson Avenue,2496,CT0004,NA,2017,25,25,350,NA,NA,NA,NA,NA,4.406,1.5,5875,Other Oil,NA,Combustion turbine,NA,NA,NA,NA,SIPNOX
NY,Hudson Avenue,2496,CT0004,NA,2018,0,0,NA,NA,NA,NA,NA,NA,NA,NA,NA,Other Oil,NA,Combustion turbine,NA,NA,NA,NA,SIPNOX
NY,Hudson Avenue,2496,CT0004,NA,2019,0,0,NA,NA,NA,NA,NA,NA,NA,NA,NA,Other Oil,NA,Combustion turbine,NA,NA,NA,NA,SIPNOX
NY,Hudson Avenue,2496,CT0004,NA,2020,0,0,NA,NA,NA,NA,NA,NA,NA,NA,NA,Other Oil,NA,Combustion turbine,NA,NA,NA,NA,NA
NY,Hudson Avenue,2496,CT0004,NA,2021,0,0,NA,NA,NA,NA,NA,NA,NA,NA,NA,Other Oil,NA,Combustion turbine,NA,NA,NA,NA,NA
NY,Hudson Avenue,2496,CT0004,NA,2022,0,0,NA,NA,NA,NA,NA,NA,NA,NA,NA,Other Oil,NA,Combustion turbine,NA,NA,NA,NA,NA
NY,Hudson Avenue,2496,CT0004,NA,2023,0,0,NA,NA,NA,NA,NA,NA,NA,NA,NA,Other Oil,NA,Combustion turbine,NA,NA,NA,NA,NA
NY,Hudson Avenue,2496,CT0005,NA,1999,219,219,3285,NA,NA,NA,NA,NA,12.012,0.467,51465,"Diesel Oil, Other Oil",NA,Combustion turbine,NA,NA,NA,NA,OTC
NY,Hudson Avenue,2496,CT0005,NA,2000,103,103,1545,NA,NA,NA,NA,NA,5.66,0.4675,24205,"Diesel Oil, Other Oil",NA,Combustion turbine,NA,NA,NA,NA,OTC
NY,Hudson Avenue,2496,CT0005,NA,2001,161,161,2254,NA,NA,NA,NA,NA,8.855,0.468,37835,"Diesel Oil, Other Oil",NA,Combustion turbine,NA,NA,NA,NA,OTC
NY,Hudson Avenue,2496,CT0005,NA,2002,99,99,1288,NA,NA,NA,NA,NA,5.557,0.514,21620,"Diesel Oil, Other Oil",NA,Combustion turbine,NA,NA,NA,NA,OTC
NY,Hudson Avenue,2496,CT0005,NA,2003,52,52,728,NA,0,0,0,0,3.144,0.5147,12220,Other Oil,NA,Combustion turbine,NA,NA,NA,NA,NBP
NY,Hudson Avenue,2496,CT0005,NA,2004,24,24,336,NA,0,0,0,0,1.448,0.5134,5640,Other Oil,NA,Combustion turbine,NA,NA,NA,NA,NBP
NY,Hudson Avenue,2496,CT0005,NA,2005,98,91.25,1277.5,NA,0,0,0,0,5.521,0.5146,21444.1,Other Oil,NA,Combustion turbine,NA,NA,NA,NA,NBP
NY,Hudson Avenue,2496,CT0005,NA,2006,63,55.5,768.5,NA,0,0,0,0,3.365,0.5155,13042.9,Other Oil,NA,Combustion turbine,NA,NA,NA,NA,NBP
NY,Hudson Avenue,2496,CT0005,NA,2007,34,34,462,NA,0,0,0,0,2.05,0.513,7990,Other Oil,NA,Combustion turbine,NA,NA,NA,NA,NBP
NY,Hudson Avenue,2496,CT0005,NA,2008,37,37,518,NA,0,0,0,0,2.217,0.5096,8695,Other Oil,NA,Combustion turbine,NA,NA,NA,NA,"CAIROS, NBP"
NY,Hudson Avenue,2496,CT0005,NA,2009,6,3.93,55.02,NA,NA,NA,NA,NA,0.223,0.482,923.7,Other Oil,NA,Combustion turbine,NA,NA,NA,NA,CAIROS
NY,Hudson Avenue,2496,CT0005,NA,2010,28,20.9,292.6,NA,NA,NA,NA,NA,1.184,0.482,4911.6,Other Oil,NA,Combustion turbine,NA,NA,NA,NA,CAIROS
NY,Hudson Avenue,2496,CT0005,NA,2011,20,19,266,NA,NA,NA,NA,NA,1.076,0.482,4465,Other Oil,NA,Combustion turbine,NA,NA,NA,NA,CAIROS
NY,Hudson Avenue,2496,CT0005,NA,2012,32,31.37,439.18,NA,NA,NA,NA,NA,1.777,0.482,7372,Other Oil,NA,Combustion turbine,NA,NA,NA,NA,CAIROS
NY,Hudson Avenue,2496,CT0005,NA,2013,16,16,224,NA,NA,NA,NA,NA,1.135,0.604,3760,Other Oil,NA,Combustion turbine,NA,NA,NA,NA,CAIROS
NY,Hudson Avenue,2496,CT0005,NA,2014,14,14,196,NA,NA,NA,NA,NA,0.993,0.604,3290,Other Oil,NA,Combustion turbine,NA,NA,NA,NA,CAIROS
NY,Hudson Avenue,2496,CT0005,NA,2015,5,5,70,NA,NA,NA,NA,NA,0.355,0.604,1175,Other Oil,NA,Combustion turbine,NA,NA,NA,NA,SIPNOX
NY,Hudson Avenue,2496,CT0005,NA,2016,18,17.5,245,NA,NA,NA,NA,NA,2.347,1.1516,4112.5,Other Oil,NA,Combustion turbine,NA,NA,NA,NA,SIPNOX
NY,Hudson Avenue,2496,CT0005,NA,2017,50,50,700,NA,NA,NA,NA,NA,8.813,1.5,11750,Other Oil,NA,Combustion turbine,NA,NA,NA,NA,SIPNOX
NY,Hudson Avenue,2496,CT0005,NA,2018,20,20,280,NA,NA,NA,NA,NA,3.525,1.5,4700,Other Oil,NA,Combustion turbine,NA,NA,NA,NA,SIPNOX
NY,Hudson Avenue,2496,CT0005,NA,2019,40,40,560,NA,NA,NA,NA,NA,7.05,1.5,9400,Other Oil,NA,Combustion turbine,NA,NA,NA,NA,SIPNOX
NY,Hudson Avenue,2496,CT0005,NA,2020,7,7,98,NA,NA,NA,NA,NA,1.234,1.5,1645,Other Oil,NA,Combustion turbine,NA,NA,NA,NA,SIPNOX
NY,Hudson Avenue,2496,CT0005,NA,2021,15,10.57,147.98,NA,NA,NA,201,0.0813,1.863,1.5001,2484.2,Other Oil,NA,Combustion turbine,NA,NA,NA,NA,"RGGI, SIPNOX"
NY,Hudson Avenue,2496,CT0005,NA,2022,18,18,252,NA,NA,NA,342,0.081,2.538,1.2,4230,Other Oil,NA,Combustion turbine,NA,NA,NA,NA,"RGGI, SIPNOX"
NY,Hudson Avenue,2496,CT0005,NA,2023,0,0,NA,NA,NA,NA,NA,NA,NA,NA,NA,Other Oil,NA,Combustion turbine,NA,NA,NA,NA,NA
NY,Indian Point,2497,CT0001,NA,1999,252,252,6048,NA,NA,NA,NA,NA,25.25,0.581,86940,Diesel Oil,NA,Combustion turbine,NA,NA,NA,NA,OTC
NY,Indian Point,2497,CT0001,NA,2000,33,33,792,NA,NA,NA,NA,NA,3.304,0.5805,11385,Diesel Oil,NA,Combustion turbine,NA,NA,NA,NA,OTC
NY,Indian Point,2497,CT0001,NA,2001,1,1,19,NA,NA,NA,NA,NA,0.207,1.2,345,Diesel Oil,NA,Combustion turbine,NA,NA,NA,NA,OTC
NY,Narrows Generating Station,2499,CT01-1,NA,1999,730,730,16002,NA,NA,NA,NA,NA,54.322,0.5145,215975,"Diesel Oil, Pipeline Natural Gas",Other Oil,Combustion turbine,NA,NA,NA,NA,OTC
NY,Narrows Generating Station,2499,CT01-1,NA,2000,699,699,11883,NA,NA,NA,NA,NA,38.309,0.3691,205227,"Diesel Oil, Pipeline Natural Gas",Other Oil,Combustion turbine,NA,NA,NA,NA,OTC
NY,Narrows Generating Station,2499,CT01-1,NA,2001,760,760,12920,NA,NA,NA,NA,NA,41.86,0.3709,225720,"Diesel Oil, Pipeline Natural Gas",Other Oil,Combustion turbine,NA,NA,NA,NA,OTC
NY,Narrows Generating Station,2499,CT01-1,CP0001,2002,1022,1022,17374,NA,0,0,0,0,52.823,0.4284,246612.1,Pipeline Natural Gas,Other Oil,Combustion turbine,NA,NA,NA,NA,OTC
NY,Narrows Generating Station,2499,CT01-1,CP0001,2003,687,687,11679,NA,0,0,0,0,33.922,0.4189,161953,Pipeline Natural Gas,Other Oil,Combustion turbine,NA,NA,NA,NA,NBP
NY,Narrows Generating Station,2499,CT01-1,CP0001,2004,897,819,13923,NA,0,0,0,0,43.409,0.4184,207476.1,Pipeline Natural Gas,Other Oil,Combustion turbine,NA,NA,NA,NA,NBP
NY,Narrows Generating Station,2499,CT01-1,CP0001,2005,1017,1017,17289,NA,0,0,0,0,45.009,0.375,240012.4,Pipeline Natural Gas,Other Oil,Combustion turbine,NA,NA,NA,NA,NBP
NY,Narrows Generating Station,2499,CT01-1,CP0001,2006,805,805,13685,NA,0,0,0,0,37.066,0.3765,196841.5,Pipeline Natural Gas,Other Oil,Combustion turbine,NA,NA,NA,NA,NBP
NY,Narrows Generating Station,2499,CT01-1,CP0001,2007,356,356,6052,NA,0,0,0,0,17.097,0.3941,86768.6,Pipeline Natural Gas,Other Oil,Combustion turbine,NA,NA,NA,NA,NBP
NY,Narrows Generating Station,2499,CT01-1,CP0001,2008,548,548,9316,NA,0,0,0,0,25.714,0.3816,134821.8,Pipeline Natural Gas,Other Oil,Combustion turbine,NA,NA,NA,NA,"CAIROS, NBP"
NY,Narrows Generating Station,2499,CT01-1,CP0001,2009,76,76,1292,NA,NA,NA,NA,NA,3.754,0.4225,17746,Pipeline Natural Gas,Other Oil,Combustion turbine,NA,NA,NA,NA,CAIROS
NY,Narrows Generating Station,2499,CT01-1,CP0001,2010,453,453,7701,NA,NA,NA,NA,NA,22.873,0.3901,117205.4,Pipeline Natural Gas,Other Oil,Combustion turbine,NA,NA,NA,NA,CAIROS
NY,Narrows Generating Station,2499,CT01-1,CP0001,2011,292,292,4964,NA,NA,NA,NA,NA,13.617,0.3823,71262.4,Pipeline Natural Gas,Other Oil,Combustion turbine,NA,NA,NA,NA,CAIROS
NY,Narrows Generating Station,2499,CT01-1,CP0001,2012,339,339,5763,NA,NA,NA,NA,NA,18.314,0.447,81912.6,Pipeline Natural Gas,"Diesel Oil, Other Oil",Combustion turbine,NA,NA,NA,NA,CAIROS
NY,Narrows Generating Station,2499,CT01-1,CP0001,2013,347,347,5899,NA,NA,NA,NA,NA,18.928,0.447,84712.7,Pipeline Natural Gas,Diesel Oil,Combustion turbine,NA,NA,NA,NA,CAIROS
NY,Narrows Generating Station,2499,CT01-1,CP0001,2014,69,55.8,948.6,NA,NA,NA,NA,NA,3.198,0.447,14306.5,Pipeline Natural Gas,Diesel Oil,Combustion turbine,NA,NA,NA,NA,CAIROS
NY,Narrows Generating Station,2499,CT01-1,CP0001,2015,280,232,3944,NA,NA,NA,NA,NA,13.936,0.447,62360.6,Pipeline Natural Gas,Diesel Oil,Combustion turbine,NA,NA,NA,NA,SIPNOX
NY,Narrows Generating Station,2499,CT01-1,CP0001,2016,259,217.3,3694.1,NA,NA,NA,NA,NA,9.834,0.3349,58706.3,Pipeline Natural Gas,Diesel Oil,Combustion turbine,NA,NA,NA,NA,SIPNOX
NY,Narrows Generating Station,2499,CT01-1,CP0001,2017,135,111.8,1900.6,NA,NA,NA,NA,NA,4.983,0.335,29761.4,Pipeline Natural Gas,Diesel Oil,Combustion turbine,NA,NA,NA,NA,SIPNOX
NY,Narrows Generating Station,2499,CT01-1,CP0001,2018,408,369.5,6281.5,NA,NA,NA,NA,NA,16.559,0.335,98900,Pipeline Natural Gas,Diesel Oil,Combustion turbine,NA,NA,NA,NA,SIPNOX
NY,Narrows Generating Station,2499,CT01-1,CP0001,2019,141,121.4,2063.8,NA,NA,NA,NA,NA,5.446,0.335,32517.3,Pipeline Natural Gas,Diesel Oil,Combustion turbine,NA,NA,NA,NA,SIPNOX
NY,Narrows Generating Station,2499,CT01-1,CP0001,2020,218,176.6,3002.2,NA,NA,NA,NA,NA,7.798,0.3349,46558,Pipeline Natural Gas,Diesel Oil,Combustion turbine,NA,NA,NA,NA,SIPNOX
NY,Narrows Generating Station,2499,CT01-1,CP0001,2021,182,153,2546.1,NA,NA,NA,2503.1,0.0591,7.644,0.36,42468,Pipeline Natural Gas,Diesel Oil,Combustion turbine,NA,NA,NA,NA,"RGGI, SIPNOX"
NY,Narrows Generating Station,2499,CT01-1,CP0001,2022,207,174.1,2941.1,NA,NA,NA,3573.2,0.0601,10.971,0.369,59096.2,Pipeline Natural Gas,Diesel Oil,Combustion turbine,NA,NA,NA,NA,"RGGI, SIPNOX"
NY,Narrows Generating Station,2499,CT01-1,CP0001,2023,145,124.4,2051.9,NA,NA,NA,2078.8,0.0592,6.338,0.3611,35207.8,Pipeline Natural Gas,Diesel Oil,Combustion turbine,NA,NA,NA,NA,"RGGI, SIPNOX"
NY,Narrows Generating Station,2499,CT01-1,CP0001,2024,201,166.3,2736.6,NA,NA,NA,2867,0.0613,8.84,0.3775,46341.2,Pipeline Natural Gas,Diesel Oil,Combustion turbine,NA,NA,NA,NA,"RGGI, SIPNOX"
NY,Narrows Generating Station,2499,CT01-2,NA,1999,724,724,15853,NA,NA,NA,NA,NA,46.672,0.4349,214611,"Diesel Oil, Pipeline Natural Gas",Other Oil,Combustion turbine,NA,NA,NA,NA,OTC
NY,Narrows Generating Station,2499,CT01-2,NA,2000,728,728,12376,NA,NA,NA,NA,NA,39.966,0.3697,215919,"Diesel Oil, Pipeline Natural Gas",Other Oil,Combustion turbine,NA,NA,NA,NA,OTC
NY,Narrows Generating Station,2499,CT01-2,NA,2001,818,818,13906,NA,NA,NA,NA,NA,45.066,0.371,242946,"Diesel Oil, Pipeline Natural Gas",Other Oil,Combustion turbine,NA,NA,NA,NA,OTC
NY,Narrows Generating Station,2499,CT01-2,CP0001,2002,1286,1286,21862,NA,0,0,0,0,67.849,0.4376,310209.3,Pipeline Natural Gas,Other Oil,Combustion turbine,NA,NA,NA,NA,OTC
NY,Narrows Generating Station,2499,CT01-2,CP0001,2003,687,687,11679,NA,0,0,0,0,33.849,0.418,161945.7,Pipeline Natural Gas,Other Oil,Combustion turbine,NA,NA,NA,NA,NBP
NY,Narrows Generating Station,2499,CT01-2,CP0001,2004,911,884.75,15040.75,NA,0,0,0,0,44.341,0.4184,211921.9,Pipeline Natural Gas,Other Oil,Combustion turbine,NA,NA,NA,NA,NBP
NY,Narrows Generating Station,2499,CT01-2,CP0001,2005,1059,1059,18003,NA,0,0,0,0,46.873,0.375,249957.3,Pipeline Natural Gas,Other Oil,Combustion turbine,NA,NA,NA,NA,NBP
NY,Narrows Generating Station,2499,CT01-2,CP0001,2006,781,781,13277,NA,0,0,0,0,35.855,0.375,191140.4,Pipeline Natural Gas,Other Oil,Combustion turbine,NA,NA,NA,NA,NBP
NY,Narrows Generating Station,2499,CT01-2,CP0001,2007,325,325,5525,NA,0,0,0,0,15.335,0.3873,79189.1,Pipeline Natural Gas,Other Oil,Combustion turbine,NA,NA,NA,NA,NBP
NY,Narrows Generating Station,2499,CT01-2,CP0001,2008,488,488,8296,NA,0,0,0,0,22.74,0.3799,119734.7,Pipeline Natural Gas,Other Oil,Combustion turbine,NA,NA,NA,NA,"CAIROS, NBP"
NY,Narrows Generating Station,2499,CT01-2,CP0001,2009,74,74,1258,NA,NA,NA,NA,NA,3.627,0.4238,17068.4,Pipeline Natural Gas,Other Oil,Combustion turbine,NA,NA,NA,NA,CAIROS
NY,Narrows Generating Station,2499,CT01-2,CP0001,2010,382,382,6494,NA,NA,NA,NA,NA,19.244,0.3889,98922.2,Pipeline Natural Gas,Other Oil,Combustion turbine,NA,NA,NA,NA,CAIROS
NY,Narrows Generating Station,2499,CT01-2,CP0001,2011,268,268,4556,NA,NA,NA,NA,NA,12.635,0.388,65168.8,Pipeline Natural Gas,Other Oil,Combustion turbine,NA,NA,NA,NA,CAIROS
NY,Narrows Generating Station,2499,CT01-2,CP0001,2012,390,390,6630,NA,NA,NA,NA,NA,21.055,0.447,94168.6,Pipeline Natural Gas,"Diesel Oil, Other Oil",Combustion turbine,NA,NA,NA,NA,CAIROS
NY,Narrows Generating Station,2499,CT01-2,CP0001,2013,363,363,6171,NA,NA,NA,NA,NA,19.821,0.447,88711.6,Pipeline Natural Gas,Diesel Oil,Combustion turbine,NA,NA,NA,NA,CAIROS
NY,Narrows Generating Station,2499,CT01-2,CP0001,2014,74,61.9,1052.3,NA,NA,NA,NA,NA,3.518,0.447,15736.5,Pipeline Natural Gas,Diesel Oil,Combustion turbine,NA,NA,NA,NA,CAIROS
NY,Narrows Generating Station,2499,CT01-2,CP0001,2015,281,238.1,4047.7,NA,NA,NA,NA,NA,14.303,0.447,64002.1,Pipeline Natural Gas,Diesel Oil,Combustion turbine,NA,NA,NA,NA,SIPNOX
NY,Narrows Generating Station,2499,CT01-2,CP0001,2016,353,307.1,5220.7,NA,NA,NA,NA,NA,13.895,0.3349,82949.6,Pipeline Natural Gas,Diesel Oil,Combustion turbine,NA,NA,NA,NA,SIPNOX
NY,Narrows Generating Station,2499,CT01-2,CP0001,2017,93,75.5,1283.5,NA,NA,NA,NA,NA,3.365,0.335,20098.5,Pipeline Natural Gas,Diesel Oil,Combustion turbine,NA,NA,NA,NA,SIPNOX
NY,Narrows Generating Station,2499,CT01-2,CP0001,2018,257,229.9,3908.3,NA,NA,NA,NA,NA,10.305,0.335,61547.6,Pipeline Natural Gas,Diesel Oil,Combustion turbine,NA,NA,NA,NA,SIPNOX
NY,Narrows Generating Station,2499,CT01-2,CP0001,2019,100,85.1,1446.7,NA,NA,NA,NA,NA,3.817,0.3351,22789.1,Pipeline Natural Gas,Diesel Oil,Combustion turbine,NA,NA,NA,NA,SIPNOX
NY,Narrows Generating Station,2499,CT01-2,CP0001,2020,282,243.3,4136.1,NA,NA,NA,NA,NA,10.76,0.335,64239.6,Pipeline Natural Gas,Diesel Oil,Combustion turbine,NA,NA,NA,NA,SIPNOX
NY,Narrows Generating Station,2499,CT01-2,CP0001,2021,232,192.6,2960.4,NA,NA,NA,2888,0.0593,8.826,0.3614,49015.7,Pipeline Natural Gas,Diesel Oil,Combustion turbine,NA,NA,NA,NA,"RGGI, SIPNOX"
NY,Narrows Generating Station,2499,CT01-2,CP0001,2022,184,154.5,2438.4,NA,NA,NA,2960.2,0.06,9.12,0.3684,48081,Pipeline Natural Gas,Diesel Oil,Combustion turbine,NA,NA,NA,NA,"RGGI, SIPNOX"
NY,Narrows Generating Station,2499,CT01-2,CP0001,2023,63,49.7,754.7,NA,NA,NA,766.6,0.0594,2.337,0.3627,12979.2,Pipeline Natural Gas,Diesel Oil,Combustion turbine,NA,NA,NA,NA,"RGGI, SIPNOX"
NY,Narrows Generating Station,2499,CT01-2,CP0001,2024,138,111.6,1700.4,NA,NA,NA,1693.6,0.0592,5.168,0.3612,28700,Pipeline Natural Gas,Diesel Oil,Combustion turbine,NA,NA,NA,NA,"RGGI, SIPNOX"
NY,Narrows Generating Station,2499,CT01-3,NA,1999,680,680,14960,NA,NA,NA,NA,NA,37.162,0.3751,201502,"Diesel Oil, Pipeline Natural Gas",Other Oil,Combustion turbine,NA,NA,NA,NA,OTC
NY,Narrows Generating Station,2499,CT01-3,NA,2000,642,642,10914,NA,NA,NA,NA,NA,35.375,0.371,190674,"Diesel Oil, Pipeline Natural Gas",Other Oil,Combustion turbine,NA,NA,NA,NA,OTC
NY,Narrows Generating Station,2499,CT01-3,NA,2001,760,760,12920,NA,NA,NA,NA,NA,41.86,0.3709,225720,"Diesel Oil, Pipeline Natural Gas",Other Oil,Combustion turbine,NA,NA,NA,NA,OTC
NY,Narrows Generating Station,2499,CT01-3,CP0001,2002,1166,1166,19822,NA,0,0,0,0,60.771,0.4322,281263.3,Pipeline Natural Gas,Other Oil,Combustion turbine,NA,NA,NA,NA,OTC
NY,Narrows Generating Station,2499,CT01-3,CP0001,2003,605,605,10285,NA,0,0,0,0,29.818,0.418,142662,Pipeline Natural Gas,Other Oil,Combustion turbine,NA,NA,NA,NA,NBP
NY,Narrows Generating Station,2499,CT01-3,CP0001,2004,910,886.75,15074.75,NA,0,0,0,0,44.434,0.4184,212357.6,Pipeline Natural Gas,Other Oil,Combustion turbine,NA,NA,NA,NA,NBP
NY,Narrows Generating Station,2499,CT01-3,CP0001,2005,1047,1047,17799,NA,0,0,0,0,46.328,0.375,247047.3,Pipeline Natural Gas,Other Oil,Combustion turbine,NA,NA,NA,NA,NBP
NY,Narrows Generating Station,2499,CT01-3,CP0001,2006,796,796,13532,NA,0,0,0,0,36.679,0.3765,194778.2,Pipeline Natural Gas,Other Oil,Combustion turbine,NA,NA,NA,NA,NBP
NY,Narrows Generating Station,2499,CT01-3,CP0001,2007,322,322,5474,NA,0,0,0,0,15.531,0.3962,78417.9,Pipeline Natural Gas,Other Oil,Combustion turbine,NA,NA,NA,NA,NBP
NY,Narrows Generating Station,2499,CT01-3,CP0001,2008,488,488,8296,NA,0,0,0,0,22.978,0.3824,120235.7,Pipeline Natural Gas,Other Oil,Combustion turbine,NA,NA,NA,NA,"CAIROS, NBP"
NY,Narrows Generating Station,2499,CT01-3,CP0001,2009,96,96,1632,NA,NA,NA,NA,NA,4.678,0.4168,22418.7,Pipeline Natural Gas,Other Oil,Combustion turbine,NA,NA,NA,NA,CAIROS
NY,Narrows Generating Station,2499,CT01-3,CP0001,2010,468,468,7956,NA,NA,NA,NA,NA,23.298,0.385,120983.2,Pipeline Natural Gas,Other Oil,Combustion turbine,NA,NA,NA,NA,CAIROS
NY,Narrows Generating Station,2499,CT01-3,CP0001,2011,324,324,5508,NA,NA,NA,NA,NA,15.192,0.3856,78840,Pipeline Natural Gas,Other Oil,Combustion turbine,NA,NA,NA,NA,CAIROS
NY,Narrows Generating Station,2499,CT01-3,CP0001,2012,406,406,6902,NA,NA,NA,NA,NA,21.919,0.447,98033.8,Pipeline Natural Gas,"Diesel Oil, Other Oil",Combustion turbine,NA,NA,NA,NA,CAIROS
NY,Narrows Generating Station,2499,CT01-3,CP0001,2013,339,339,5763,NA,NA,NA,NA,NA,18.484,0.447,82727.1,Pipeline Natural Gas,Diesel Oil,Combustion turbine,NA,NA,NA,NA,CAIROS
NY,Narrows Generating Station,2499,CT01-3,CP0001,2014,67,54.2,921.4,NA,NA,NA,NA,NA,3.165,0.4469,14156.3,Pipeline Natural Gas,Diesel Oil,Combustion turbine,NA,NA,NA,NA,CAIROS
NY,Narrows Generating Station,2499,CT01-3,CP0001,2015,202,168,2856,NA,NA,NA,NA,NA,10.08,0.447,45105.3,Pipeline Natural Gas,Diesel Oil,Combustion turbine,NA,NA,NA,NA,SIPNOX
NY,Narrows Generating Station,2499,CT01-3,CP0001,2016,456,397.6,6759.2,NA,NA,NA,NA,NA,17.992,0.335,107401.7,Pipeline Natural Gas,Diesel Oil,Combustion turbine,NA,NA,NA,NA,SIPNOX
NY,Narrows Generating Station,2499,CT01-3,CP0001,2017,120,97.4,1655.8,NA,NA,NA,NA,NA,4.329,0.335,25858.7,Pipeline Natural Gas,Diesel Oil,Combustion turbine,NA,NA,NA,NA,SIPNOX
NY,Narrows Generating Station,2499,CT01-3,CP0001,2018,224,193.5,3289.5,NA,NA,NA,NA,NA,8.673,0.3351,51800.9,Pipeline Natural Gas,Diesel Oil,Combustion turbine,NA,NA,NA,NA,SIPNOX
NY,Narrows Generating Station,2499,CT01-3,CP0001,2019,234,197.8,3362.6,NA,NA,NA,NA,NA,8.865,0.335,52933.3,Pipeline Natural Gas,Diesel Oil,Combustion turbine,NA,NA,NA,NA,SIPNOX
NY,Narrows Generating Station,2499,CT01-3,CP0001,2020,329,283.2,4814.4,NA,NA,NA,NA,NA,12.525,0.335,74776.2,Pipeline Natural Gas,Diesel Oil,Combustion turbine,NA,NA,NA,NA,SIPNOX
NY,Narrows Generating Station,2499,CT01-3,CP0001,2021,161,133.1,2137.7,NA,NA,NA,2063.8,0.0591,6.307,0.36,35031.9,Pipeline Natural Gas,Diesel Oil,Combustion turbine,NA,NA,NA,NA,"RGGI, SIPNOX"
NY,Narrows Generating Station,2499,CT01-3,CP0001,2022,167,139.3,2186.4,NA,NA,NA,2416.6,0.0601,7.412,0.3691,40087.8,Pipeline Natural Gas,Diesel Oil,Combustion turbine,NA,NA,NA,NA,"RGGI, SIPNOX"
NY,Narrows Generating Station,2499,CT01-3,CP0001,2023,89,77,1181.1,NA,NA,NA,1196,0.0593,3.646,0.3619,20248.2,Pipeline Natural Gas,Diesel Oil,Combustion turbine,NA,NA,NA,NA,"RGGI, SIPNOX"
NY,Narrows Generating Station,2499,CT01-3,CP0001,2024,159,127.2,2021.2,NA,NA,NA,1989,0.0591,6.065,0.3611,33689.5,Pipeline Natural Gas,Diesel Oil,Combustion turbine,NA,NA,NA,NA,"RGGI, SIPNOX"
NY,Narrows Generating Station,2499,CT01-4,NA,1999,730,730,16060,NA,NA,NA,NA,NA,39.895,0.368,216810,"Diesel Oil, Pipeline Natural Gas",Other Oil,Combustion turbine,NA,NA,NA,NA,OTC
NY,Narrows Generating Station,2499,CT01-4,NA,2000,748,748,12716,NA,NA,NA,NA,NA,43.923,0.3954,222156,"Diesel Oil, Pipeline Natural Gas",Other Oil,Combustion turbine,NA,NA,NA,NA,OTC
NY,Narrows Generating Station,2499,CT01-4,NA,2001,798,798,13566,NA,NA,NA,NA,NA,43.937,0.3708,237006,"Diesel Oil, Pipeline Natural Gas",Other Oil,Combustion turbine,NA,NA,NA,NA,OTC
NY,Narrows Generating Station,2499,CT01-4,CP0001,2002,1144,1144,19448,NA,0,0,0,0,59.21,0.4289,276150.2,Pipeline Natural Gas,Other Oil,Combustion turbine,NA,NA,NA,NA,OTC
NY,Narrows Generating Station,2499,CT01-4,CP0001,2003,670,670,11390,NA,0,0,0,0,33.053,0.4184,157967,Pipeline Natural Gas,Other Oil,Combustion turbine,NA,NA,NA,NA,NBP
NY,Narrows Generating Station,2499,CT01-4,CP0001,2004,900,828.75,14088.75,NA,0,0,0,0,43.846,0.4184,209554.2,Pipeline Natural Gas,Other Oil,Combustion turbine,NA,NA,NA,NA,NBP
NY,Narrows Generating Station,2499,CT01-4,CP0001,2005,999,999,16983,NA,0,0,0,0,44.227,0.375,235848.3,Pipeline Natural Gas,Other Oil,Combustion turbine,NA,NA,NA,NA,NBP
NY,Narrows Generating Station,2499,CT01-4,CP0001,2006,719,719,12223,NA,0,0,0,0,33.156,0.3761,176246.4,Pipeline Natural Gas,Other Oil,Combustion turbine,NA,NA,NA,NA,NBP
NY,Narrows Generating Station,2499,CT01-4,CP0001,2007,298,298,5066,NA,0,0,0,0,14.586,0.4019,72598.6,Pipeline Natural Gas,Other Oil,Combustion turbine,NA,NA,NA,NA,NBP
NY,Narrows Generating Station,2499,CT01-4,CP0001,2008,458,458,7786,NA,0,0,0,0,21.519,0.382,112650.4,Pipeline Natural Gas,Other Oil,Combustion turbine,NA,NA,NA,NA,"CAIROS, NBP"
NY,Narrows Generating Station,2499,CT01-4,CP0001,2009,97,97,1649,NA,NA,NA,NA,NA,4.883,0.4329,22501,Pipeline Natural Gas,Other Oil,Combustion turbine,NA,NA,NA,NA,CAIROS
NY,Narrows Generating Station,2499,CT01-4,CP0001,2010,397,397,6749,NA,NA,NA,NA,NA,19.998,0.3895,102618.1,Pipeline Natural Gas,Other Oil,Combustion turbine,NA,NA,NA,NA,CAIROS
NY,Narrows Generating Station,2499,CT01-4,CP0001,2011,315,315,5355,NA,NA,NA,NA,NA,14.847,0.387,76784.4,Pipeline Natural Gas,Other Oil,Combustion turbine,NA,NA,NA,NA,CAIROS
NY,Narrows Generating Station,2499,CT01-4,CP0001,2012,332,332,5644,NA,NA,NA,NA,NA,17.928,0.447,80186.3,Pipeline Natural Gas,"Diesel Oil, Other Oil",Combustion turbine,NA,NA,NA,NA,CAIROS
NY,Narrows Generating Station,2499,CT01-4,CP0001,2013,289,289,4913,NA,NA,NA,NA,NA,15.779,0.447,70621.8,Pipeline Natural Gas,Diesel Oil,Combustion turbine,NA,NA,NA,NA,CAIROS
NY,Narrows Generating Station,2499,CT01-4,CP0001,2014,46,30.8,523.6,NA,NA,NA,NA,NA,1.729,0.447,7735.7,Pipeline Natural Gas,Diesel Oil,Combustion turbine,NA,NA,NA,NA,CAIROS
NY,Narrows Generating Station,2499,CT01-4,CP0001,2015,266,221.8,3770.6,NA,NA,NA,NA,NA,13.32,0.447,59606,Pipeline Natural Gas,Diesel Oil,Combustion turbine,NA,NA,NA,NA,SIPNOX
NY,Narrows Generating Station,2499,CT01-4,CP0001,2016,306,268.4,4562.8,NA,NA,NA,NA,NA,12.145,0.335,72499.6,Pipeline Natural Gas,Diesel Oil,Combustion turbine,NA,NA,NA,NA,SIPNOX
NY,Narrows Generating Station,2499,CT01-4,CP0001,2017,102,85.1,1446.7,NA,NA,NA,NA,NA,3.783,0.3349,22598.2,Pipeline Natural Gas,Diesel Oil,Combustion turbine,NA,NA,NA,NA,SIPNOX
NY,Narrows Generating Station,2499,CT01-4,CP0001,2018,169,146.6,2492.2,NA,NA,NA,NA,NA,6.571,0.3351,39243.8,Pipeline Natural Gas,Diesel Oil,Combustion turbine,NA,NA,NA,NA,SIPNOX
NY,Narrows Generating Station,2499,CT01-4,CP0001,2019,134,112.3,1909.1,NA,NA,NA,NA,NA,5.034,0.335,30059.8,Pipeline Natural Gas,Diesel Oil,Combustion turbine,NA,NA,NA,NA,SIPNOX
NY,Narrows Generating Station,2499,CT01-4,CP0001,2020,215,181.9,3092.3,NA,NA,NA,NA,NA,8.042,0.335,48014.6,Pipeline Natural Gas,Diesel Oil,Combustion turbine,NA,NA,NA,NA,SIPNOX
NY,Narrows Generating Station,2499,CT01-4,CP0001,2021,154,128.9,2154.4,NA,NA,NA,2086.6,0.0591,6.374,0.36,35407.3,Pipeline Natural Gas,Diesel Oil,Combustion turbine,NA,NA,NA,NA,"RGGI, SIPNOX"
NY,Narrows Generating Station,2499,CT01-4,CP0001,2022,168,138.9,2248.3,NA,NA,NA,2530.4,0.0599,7.758,0.3671,42048.6,Pipeline Natural Gas,Diesel Oil,Combustion turbine,NA,NA,NA,NA,"RGGI, SIPNOX"
NY,Narrows Generating Station,2499,CT01-4,CP0001,2023,130,109.3,1781.6,NA,NA,NA,1803.9,0.0592,5.5,0.3612,30552.5,Pipeline Natural Gas,Diesel Oil,Combustion turbine,NA,NA,NA,NA,"RGGI, SIPNOX"
NY,Narrows Generating Station,2499,CT01-4,CP0001,2024,184,150.9,2473.6,NA,NA,NA,2479.3,0.0598,7.584,0.3664,41410.5,Pipeline Natural Gas,Diesel Oil,Combustion turbine,NA,NA,NA,NA,"RGGI, SIPNOX"
NY,Narrows Generating Station,2499,CT01-5,NA,1999,694,694,15268,NA,NA,NA,NA,NA,45.431,0.4408,206118,"Diesel Oil, Pipeline Natural Gas",Other Oil,Combustion turbine,NA,NA,NA,NA,OTC
NY,Narrows Generating Station,2499,CT01-5,NA,2000,592,592,10064,NA,NA,NA,NA,NA,32.643,0.3713,175824,"Diesel Oil, Pipeline Natural Gas",Other Oil,Combustion turbine,NA,NA,NA,NA,OTC
NY,Narrows Generating Station,2499,CT01-5,NA,2001,723,723,12291,NA,NA,NA,NA,NA,39.911,0.3717,214731,"Diesel Oil, Pipeline Natural Gas",Other Oil,Combustion turbine,NA,NA,NA,NA,OTC
NY,Narrows Generating Station,2499,CT01-5,CP0001,2002,1380,1380,23460,NA,0,0,0,0,71.736,0.4311,332861.5,Pipeline Natural Gas,Other Oil,Combustion turbine,NA,NA,NA,NA,OTC
NY,Narrows Generating Station,2499,CT01-5,CP0001,2003,694,694,11798,NA,0,0,0,0,34.2,0.418,163626.5,Pipeline Natural Gas,Other Oil,Combustion turbine,NA,NA,NA,NA,NBP
NY,Narrows Generating Station,2499,CT01-5,CP0001,2004,864,791,13447,NA,0,0,0,0,42.056,0.4184,200989.2,Pipeline Natural Gas,Other Oil,Combustion turbine,NA,NA,NA,NA,NBP
NY,Narrows Generating Station,2499,CT01-5,CP0001,2005,1003,1003,17051,NA,0,0,0,0,44.424,0.375,236896.7,Pipeline Natural Gas,Other Oil,Combustion turbine,NA,NA,NA,NA,NBP
NY,Narrows Generating Station,2499,CT01-5,CP0001,2006,701,701,11917,NA,0,0,0,0,32.385,0.3773,171637.2,Pipeline Natural Gas,Other Oil,Combustion turbine,NA,NA,NA,NA,NBP
NY,Narrows Generating Station,2499,CT01-5,CP0001,2007,281,281,4777,NA,0,0,0,0,13.376,0.3907,68480.6,Pipeline Natural Gas,Other Oil,Combustion turbine,NA,NA,NA,NA,NBP
NY,Narrows Generating Station,2499,CT01-5,CP0001,2008,393,393,6681,NA,0,0,0,0,19.798,0.4107,96596.9,Pipeline Natural Gas,Other Oil,Combustion turbine,NA,NA,NA,NA,"CAIROS, NBP"
NY,Narrows Generating Station,2499,CT01-5,CP0001,2009,73,73,1241,NA,NA,NA,NA,NA,3.543,0.4244,16729.6,Pipeline Natural Gas,Other Oil,Combustion turbine,NA,NA,NA,NA,CAIROS
NY,Narrows Generating Station,2499,CT01-5,CP0001,2010,326,326,5542,NA,NA,NA,NA,NA,16.294,0.3868,84216.6,Pipeline Natural Gas,Other Oil,Combustion turbine,NA,NA,NA,NA,CAIROS
NY,Narrows Generating Station,2499,CT01-5,CP0001,2011,278,278,4726,NA,NA,NA,NA,NA,12.963,0.3837,67580,Pipeline Natural Gas,Other Oil,Combustion turbine,NA,NA,NA,NA,CAIROS
NY,Narrows Generating Station,2499,CT01-5,CP0001,2012,357,357,6069,NA,NA,NA,NA,NA,19.282,0.447,86240.2,Pipeline Natural Gas,"Diesel Oil, Other Oil",Combustion turbine,NA,NA,NA,NA,CAIROS
NY,Narrows Generating Station,2499,CT01-5,CP0001,2013,291,291,4947,NA,NA,NA,NA,NA,15.822,0.447,70813.5,Pipeline Natural Gas,Diesel Oil,Combustion turbine,NA,NA,NA,NA,CAIROS
NY,Narrows Generating Station,2499,CT01-5,CP0001,2014,64,46,782,NA,NA,NA,NA,NA,2.635,0.447,11783.8,Pipeline Natural Gas,Diesel Oil,Combustion turbine,NA,NA,NA,NA,CAIROS
NY,Narrows Generating Station,2499,CT01-5,CP0001,2015,308,251.9,4282.3,NA,NA,NA,NA,NA,15.392,0.4543,67768,Pipeline Natural Gas,Diesel Oil,Combustion turbine,NA,NA,NA,NA,SIPNOX
NY,Narrows Generating Station,2499,CT01-5,CP0001,2016,274,233.3,3966.1,NA,NA,NA,NA,NA,10.557,0.335,63017.6,Pipeline Natural Gas,Diesel Oil,Combustion turbine,NA,NA,NA,NA,SIPNOX
NY,Narrows Generating Station,2499,CT01-5,CP0001,2017,99,79.1,1344.7,NA,NA,NA,NA,NA,3.512,0.335,20978.4,Pipeline Natural Gas,Diesel Oil,Combustion turbine,NA,NA,NA,NA,SIPNOX
NY,Narrows Generating Station,2499,CT01-5,CP0001,2018,192,167.5,2847.5,NA,NA,NA,NA,NA,7.507,0.3351,44837.6,Pipeline Natural Gas,Diesel Oil,Combustion turbine,NA,NA,NA,NA,SIPNOX
NY,Narrows Generating Station,2499,CT01-5,CP0001,2019,208,183.9,3126.3,NA,NA,NA,NA,NA,8.242,0.335,49214.6,Pipeline Natural Gas,Diesel Oil,Combustion turbine,NA,NA,NA,NA,SIPNOX
NY,Narrows Generating Station,2499,CT01-5,CP0001,2020,87,71.1,1208.7,NA,NA,NA,NA,NA,3.281,0.3489,18661,Pipeline Natural Gas,Diesel Oil,Combustion turbine,NA,NA,NA,NA,SIPNOX
NY,Narrows Generating Station,2499,CT01-5,CP0001,2021,218,182.2,3318.7,NA,NA,NA,3262.9,0.0591,9.951,0.3599,55297.5,Pipeline Natural Gas,Diesel Oil,Combustion turbine,NA,NA,NA,NA,"RGGI, SIPNOX"
NY,Narrows Generating Station,2499,CT01-5,CP0001,2022,287,239.8,4084.4,NA,NA,NA,4775.2,0.0608,14.744,0.3746,77141.7,Pipeline Natural Gas,Diesel Oil,Combustion turbine,NA,NA,NA,NA,"RGGI, SIPNOX"
NY,Narrows Generating Station,2499,CT01-5,CP0001,2023,194,163.8,2763.4,NA,NA,NA,2804.4,0.0591,8.556,0.3609,47515.4,Pipeline Natural Gas,Diesel Oil,Combustion turbine,NA,NA,NA,NA,"RGGI, SIPNOX"
NY,Narrows Generating Station,2499,CT01-5,CP0001,2024,269,227.1,3838.9,NA,NA,NA,3798.9,0.0591,11.596,0.3606,64358.4,Pipeline Natural Gas,Diesel Oil,Combustion turbine,NA,NA,NA,NA,"RGGI, SIPNOX"
NY,Narrows Generating Station,2499,CT01-6,NA,1999,735,735,16170,NA,NA,NA,NA,NA,40.168,0.368,218295,"Diesel Oil, Pipeline Natural Gas",Other Oil,Combustion turbine,NA,NA,NA,NA,OTC
NY,Narrows Generating Station,2499,CT01-6,NA,2000,717,717,12189,NA,NA,NA,NA,NA,39.402,0.37,212949,"Diesel Oil, Pipeline Natural Gas",Other Oil,Combustion turbine,NA,NA,NA,NA,OTC
NY,Narrows Generating Station,2499,CT01-6,NA,2001,801,801,13617,NA,NA,NA,NA,NA,44.137,0.371,237897,"Diesel Oil, Pipeline Natural Gas",Other Oil,Combustion turbine,NA,NA,NA,NA,OTC
NY,Narrows Generating Station,2499,CT01-6,CP0001,2002,1407,1407,23919,NA,0,0,0,0,73.216,0.4315,339442.6,Pipeline Natural Gas,Other Oil,Combustion turbine,NA,NA,NA,NA,OTC
NY,Narrows Generating Station,2499,CT01-6,CP0001,2003,736,736,12512,NA,0,0,0,0,36.25,0.418,173433.9,Pipeline Natural Gas,Other Oil,Combustion turbine,NA,NA,NA,NA,NBP
NY,Narrows Generating Station,2499,CT01-6,CP0001,2004,893,862.5,14662.5,NA,0,0,0,0,43.435,0.4184,207588.7,Pipeline Natural Gas,Other Oil,Combustion turbine,NA,NA,NA,NA,NBP
NY,Narrows Generating Station,2499,CT01-6,CP0001,2005,1023,1023,17391,NA,0,0,0,0,45.286,0.375,241491.9,Pipeline Natural Gas,Other Oil,Combustion turbine,NA,NA,NA,NA,NBP
NY,Narrows Generating Station,2499,CT01-6,CP0001,2006,729,729,12393,NA,0,0,0,0,33.608,0.3761,178658.9,Pipeline Natural Gas,Other Oil,Combustion turbine,NA,NA,NA,NA,NBP
NY,Narrows Generating Station,2499,CT01-6,CP0001,2007,304,304,5168,NA,0,0,0,0,15.059,0.4067,74075.9,Pipeline Natural Gas,Other Oil,Combustion turbine,NA,NA,NA,NA,NBP
NY,Narrows Generating Station,2499,CT01-6,CP0001,2008,398,398,6766,NA,0,0,0,0,19.01,0.3891,97680.2,Pipeline Natural Gas,Other Oil,Combustion turbine,NA,NA,NA,NA,"CAIROS, NBP"
NY,Narrows Generating Station,2499,CT01-6,CP0001,2009,78,78,1326,NA,NA,NA,NA,NA,4.117,0.4521,18167.1,Pipeline Natural Gas,Other Oil,Combustion turbine,NA,NA,NA,NA,CAIROS
NY,Narrows Generating Station,2499,CT01-6,CP0001,2010,392,392,6664,NA,NA,NA,NA,NA,19.526,0.3858,101182.9,Pipeline Natural Gas,Other Oil,Combustion turbine,NA,NA,NA,NA,CAIROS
NY,Narrows Generating Station,2499,CT01-6,CP0001,2011,319,319,5423,NA,NA,NA,NA,NA,14.85,0.3822,77753.2,Pipeline Natural Gas,Other Oil,Combustion turbine,NA,NA,NA,NA,CAIROS
NY,Narrows Generating Station,2499,CT01-6,CP0001,2012,385,385,6545,NA,NA,NA,NA,NA,20.783,0.447,92954.5,Pipeline Natural Gas,"Diesel Oil, Other Oil",Combustion turbine,NA,NA,NA,NA,CAIROS
NY,Narrows Generating Station,2499,CT01-6,CP0001,2013,289,289,4913,NA,NA,NA,NA,NA,15.798,0.447,70704.9,Pipeline Natural Gas,Diesel Oil,Combustion turbine,NA,NA,NA,NA,CAIROS
NY,Narrows Generating Station,2499,CT01-6,CP0001,2014,51,37,629,NA,NA,NA,NA,NA,2.155,0.447,9640.4,Pipeline Natural Gas,Diesel Oil,Combustion turbine,NA,NA,NA,NA,CAIROS
NY,Narrows Generating Station,2499,CT01-6,CP0001,2015,302,255.2,4338.4,NA,NA,NA,NA,NA,15.338,0.447,68636,Pipeline Natural Gas,Diesel Oil,Combustion turbine,NA,NA,NA,NA,SIPNOX
NY,Narrows Generating Station,2499,CT01-6,CP0001,2016,243,201.9,3432.3,NA,NA,NA,NA,NA,9.141,0.335,54567.4,Pipeline Natural Gas,Diesel Oil,Combustion turbine,NA,NA,NA,NA,SIPNOX
NY,Narrows Generating Station,2499,CT01-6,CP0001,2017,87,68.8,1169.6,NA,NA,NA,NA,NA,3.056,0.335,18249.4,Pipeline Natural Gas,Diesel Oil,Combustion turbine,NA,NA,NA,NA,SIPNOX
NY,Narrows Generating Station,2499,CT01-6,CP0001,2018,216,187.7,3190.9,NA,NA,NA,NA,NA,8.413,0.3351,50249.6,Pipeline Natural Gas,Diesel Oil,Combustion turbine,NA,NA,NA,NA,SIPNOX
NY,Narrows Generating Station,2499,CT01-6,CP0001,2019,171,149.7,2544.9,NA,NA,NA,NA,NA,6.711,0.335,40068.2,Pipeline Natural Gas,Diesel Oil,Combustion turbine,NA,NA,NA,NA,SIPNOX
NY,Narrows Generating Station,2499,CT01-6,CP0001,2020,186,153.2,2604.4,NA,NA,NA,NA,NA,6.909,0.3415,40433.7,Pipeline Natural Gas,Diesel Oil,Combustion turbine,NA,NA,NA,NA,SIPNOX
NY,Narrows Generating Station,2499,CT01-6,CP0001,2021,121,99.6,1404.1,NA,NA,NA,1385.2,0.0591,4.232,0.36,23515,Pipeline Natural Gas,Diesel Oil,Combustion turbine,NA,NA,NA,NA,"RGGI, SIPNOX"
NY,Narrows Generating Station,2499,CT01-6,CP0001,2022,148,117.6,1698.7,NA,NA,NA,1924.2,0.0604,5.916,0.3717,31495.6,Pipeline Natural Gas,Diesel Oil,Combustion turbine,NA,NA,NA,NA,"RGGI, SIPNOX"
NY,Narrows Generating Station,2499,CT01-6,CP0001,2023,60,49.6,690.5,NA,NA,NA,700.8,0.0594,2.136,0.3628,11860.7,Pipeline Natural Gas,Diesel Oil,Combustion turbine,NA,NA,NA,NA,"RGGI, SIPNOX"
NY,Narrows Generating Station,2499,CT01-6,CP0001,2024,150,118.8,1901.8,NA,NA,NA,1862.6,0.0592,5.681,0.3612,31551.5,Pipeline Natural Gas,Diesel Oil,Combustion turbine,NA,NA,NA,NA,"RGGI, SIPNOX"
NY,Narrows Generating Station,2499,CT01-7,NA,1999,739,739,16258,NA,NA,NA,NA,NA,40.386,0.368,219483,"Diesel Oil, Pipeline Natural Gas",Other Oil,Combustion turbine,NA,NA,NA,NA,OTC
NY,Narrows Generating Station,2499,CT01-7,NA,2000,715,715,12155,NA,NA,NA,NA,NA,42.7,0.4021,212355,"Diesel Oil, Pipeline Natural Gas",Other Oil,Combustion turbine,NA,NA,NA,NA,OTC
NY,Narrows Generating Station,2499,CT01-7,NA,2001,584,584,9928,NA,NA,NA,NA,NA,32.278,0.3722,173448,"Diesel Oil, Pipeline Natural Gas",Other Oil,Combustion turbine,NA,NA,NA,NA,OTC
NY,Narrows Generating Station,2499,CT01-7,CP0001,2002,1326,1326,22542,NA,0,0,0,0,68.669,0.4294,319884.8,Pipeline Natural Gas,Other Oil,Combustion turbine,NA,NA,NA,NA,OTC
NY,Narrows Generating Station,2499,CT01-7,CP0001,2003,703,703,11951,NA,0,0,0,0,34.639,0.418,165726,Pipeline Natural Gas,Other Oil,Combustion turbine,NA,NA,NA,NA,NBP
NY,Narrows Generating Station,2499,CT01-7,CP0001,2004,868,790,13430,NA,0,0,0,0,42.27,0.4184,202015.4,Pipeline Natural Gas,Other Oil,Combustion turbine,NA,NA,NA,NA,NBP
NY,Narrows Generating Station,2499,CT01-7,CP0001,2005,999,999,16983,NA,0,0,0,0,44.275,0.375,236108,Pipeline Natural Gas,Other Oil,Combustion turbine,NA,NA,NA,NA,NBP
NY,Narrows Generating Station,2499,CT01-7,CP0001,2006,740,740,12580,NA,0,0,0,0,34.19,0.3766,181509.5,Pipeline Natural Gas,Other Oil,Combustion turbine,NA,NA,NA,NA,NBP
NY,Narrows Generating Station,2499,CT01-7,CP0001,2007,245,245,4165,NA,0,0,0,0,11.543,0.3865,59737.7,Pipeline Natural Gas,Other Oil,Combustion turbine,NA,NA,NA,NA,NBP
NY,Narrows Generating Station,2499,CT01-7,CP0001,2008,211,211,3587,NA,0,0,0,0,9.901,0.3902,50678.5,Pipeline Natural Gas,Other Oil,Combustion turbine,NA,NA,NA,NA,"CAIROS, NBP"
NY,Narrows Generating Station,2499,CT01-7,CP0001,2009,63,63,1071,NA,NA,NA,NA,NA,2.836,0.3941,14367.6,Pipeline Natural Gas,Other Oil,Combustion turbine,NA,NA,NA,NA,CAIROS
NY,Narrows Generating Station,2499,CT01-7,CP0001,2010,432,432,7344,NA,NA,NA,NA,NA,21.676,0.3888,111417.8,Pipeline Natural Gas,Other Oil,Combustion turbine,NA,NA,NA,NA,CAIROS
NY,Narrows Generating Station,2499,CT01-7,CP0001,2011,289,289,4913,NA,NA,NA,NA,NA,13.502,0.3836,70433.2,Pipeline Natural Gas,Other Oil,Combustion turbine,NA,NA,NA,NA,CAIROS
NY,Narrows Generating Station,2499,CT01-7,CP0001,2012,391,391,6647,NA,NA,NA,NA,NA,21.103,0.447,94383.2,Pipeline Natural Gas,"Diesel Oil, Other Oil",Combustion turbine,NA,NA,NA,NA,CAIROS
NY,Narrows Generating Station,2499,CT01-7,CP0001,2013,311,311,5287,NA,NA,NA,NA,NA,16.925,0.447,75749.8,Pipeline Natural Gas,Diesel Oil,Combustion turbine,NA,NA,NA,NA,CAIROS
NY,Narrows Generating Station,2499,CT01-7,CP0001,2014,105,84.8,1441.6,NA,NA,NA,NA,NA,4.933,0.447,22062.9,Pipeline Natural Gas,Diesel Oil,Combustion turbine,NA,NA,NA,NA,CAIROS
NY,Narrows Generating Station,2499,CT01-7,CP0001,2015,287,241.7,4108.9,NA,NA,NA,NA,NA,14.523,0.447,64989.9,Pipeline Natural Gas,Diesel Oil,Combustion turbine,NA,NA,NA,NA,SIPNOX
NY,Narrows Generating Station,2499,CT01-7,CP0001,2016,203,169.6,2883.2,NA,NA,NA,NA,NA,7.678,0.335,45831.4,Pipeline Natural Gas,Diesel Oil,Combustion turbine,NA,NA,NA,NA,SIPNOX
NY,Narrows Generating Station,2499,CT01-7,CP0001,2017,80,62.2,1057.4,NA,NA,NA,NA,NA,2.762,0.335,16495.4,Pipeline Natural Gas,Diesel Oil,Combustion turbine,NA,NA,NA,NA,SIPNOX
NY,Narrows Generating Station,2499,CT01-7,CP0001,2018,372,339.1,5764.7,NA,NA,NA,NA,NA,15.197,0.3351,90768.7,Pipeline Natural Gas,Diesel Oil,Combustion turbine,NA,NA,NA,NA,SIPNOX
NY,Narrows Generating Station,2499,CT01-7,CP0001,2019,158,135,2295,NA,NA,NA,NA,NA,6.052,0.335,36138.9,Pipeline Natural Gas,Diesel Oil,Combustion turbine,NA,NA,NA,NA,SIPNOX
NY,Narrows Generating Station,2499,CT01-7,CP0001,2020,251,216.1,3673.7,NA,NA,NA,NA,NA,9.548,0.335,57004.4,Pipeline Natural Gas,Diesel Oil,Combustion turbine,NA,NA,NA,NA,SIPNOX
NY,Narrows Generating Station,2499,CT01-7,CP0001,2021,132,110.7,1831.2,NA,NA,NA,1807.4,0.0591,5.521,0.3598,30671.9,Pipeline Natural Gas,Diesel Oil,Combustion turbine,NA,NA,NA,NA,"RGGI, SIPNOX"
NY,Narrows Generating Station,2499,CT01-7,CP0001,2022,216,184.7,3034.5,NA,NA,NA,3237,0.059,9.882,0.3608,54843.8,Pipeline Natural Gas,Diesel Oil,Combustion turbine,NA,NA,NA,NA,"RGGI, SIPNOX"
NY,Narrows Generating Station,2499,CT01-7,CP0001,2023,125,105.2,1744.7,NA,NA,NA,1770.5,0.0592,5.399,0.3612,29988.8,Pipeline Natural Gas,Diesel Oil,Combustion turbine,NA,NA,NA,NA,"RGGI, SIPNOX"
NY,Narrows Generating Station,2499,CT01-7,CP0001,2024,218,180.6,2986.5,NA,NA,NA,3104,0.0609,9.546,0.3746,50692.3,Pipeline Natural Gas,Diesel Oil,Combustion turbine,NA,NA,NA,NA,"RGGI, SIPNOX"
NY,Narrows Generating Station,2499,CT01-8,NA,1999,736,736,16505,NA,NA,NA,NA,NA,40.222,0.368,218295,"Diesel Oil, Pipeline Natural Gas",Other Oil,Combustion turbine,NA,NA,NA,NA,OTC
NY,Narrows Generating Station,2499,CT01-8,NA,2000,575,575,9775,NA,NA,NA,NA,NA,35.846,0.4198,170775,"Diesel Oil, Pipeline Natural Gas",Other Oil,Combustion turbine,NA,NA,NA,NA,OTC
NY,Narrows Generating Station,2499,CT01-8,NA,2001,680,680,11560,NA,NA,NA,NA,NA,37.525,0.3716,201960,"Diesel Oil, Pipeline Natural Gas",Other Oil,Combustion turbine,NA,NA,NA,NA,OTC
NY,Narrows Generating Station,2499,CT01-8,CP0001,2002,1013,1013,17221,NA,0,0,0,0,53.654,0.439,244488.4,Pipeline Natural Gas,Other Oil,Combustion turbine,NA,NA,NA,NA,OTC
NY,Narrows Generating Station,2499,CT01-8,CP0001,2003,641,641,10897,NA,0,0,0,0,31.592,0.418,151147.6,Pipeline Natural Gas,Other Oil,Combustion turbine,NA,NA,NA,NA,NBP
NY,Narrows Generating Station,2499,CT01-8,CP0001,2004,894,826.53,14051.01,NA,0,0,0,0,43.466,0.4184,207738,Pipeline Natural Gas,Other Oil,Combustion turbine,NA,NA,NA,NA,NBP
NY,Narrows Generating Station,2499,CT01-8,CP0001,2005,1010,1010,17170,NA,0,0,0,0,44.74,0.375,238584.4,Pipeline Natural Gas,Other Oil,Combustion turbine,NA,NA,NA,NA,NBP
NY,Narrows Generating Station,2499,CT01-8,CP0001,2006,738,738,12546,NA,0,0,0,0,34.098,0.3761,181268.3,Pipeline Natural Gas,Other Oil,Combustion turbine,NA,NA,NA,NA,NBP
NY,Narrows Generating Station,2499,CT01-8,CP0001,2007,259,259,4403,NA,0,0,0,0,12.415,0.3936,63096.9,Pipeline Natural Gas,Other Oil,Combustion turbine,NA,NA,NA,NA,NBP
NY,Narrows Generating Station,2499,CT01-8,CP0001,2008,337,337,5729,NA,0,0,0,0,16.563,0.3976,83441.9,Pipeline Natural Gas,Other Oil,Combustion turbine,NA,NA,NA,NA,"CAIROS, NBP"
NY,Narrows Generating Station,2499,CT01-8,CP0001,2009,79,79,1343,NA,NA,NA,NA,NA,3.619,0.4004,18146.8,Pipeline Natural Gas,Other Oil,Combustion turbine,NA,NA,NA,NA,CAIROS
NY,Narrows Generating Station,2499,CT01-8,CP0001,2010,420,420,7140,NA,NA,NA,NA,NA,20.905,0.3855,108417.4,Pipeline Natural Gas,Other Oil,Combustion turbine,NA,NA,NA,NA,CAIROS
NY,Narrows Generating Station,2499,CT01-8,CP0001,2011,288,288,4896,NA,NA,NA,NA,NA,13.653,0.3888,70272,Pipeline Natural Gas,Other Oil,Combustion turbine,NA,NA,NA,NA,CAIROS
NY,Narrows Generating Station,2499,CT01-8,CP0001,2012,355,355,6035,NA,NA,NA,NA,NA,19.168,0.447,85728,Pipeline Natural Gas,"Diesel Oil, Other Oil",Combustion turbine,NA,NA,NA,NA,CAIROS
NY,Narrows Generating Station,2499,CT01-8,CP0001,2013,296,296,5032,NA,NA,NA,NA,NA,16.192,0.447,72470,Pipeline Natural Gas,Diesel Oil,Combustion turbine,NA,NA,NA,NA,CAIROS
NY,Narrows Generating Station,2499,CT01-8,CP0001,2014,54,40.9,695.3,NA,NA,NA,NA,NA,2.409,0.447,10773.4,Pipeline Natural Gas,Diesel Oil,Combustion turbine,NA,NA,NA,NA,CAIROS
NY,Narrows Generating Station,2499,CT01-8,CP0001,2015,263,219.9,3738.3,NA,NA,NA,NA,NA,13.289,0.4498,59121.7,Pipeline Natural Gas,Diesel Oil,Combustion turbine,NA,NA,NA,NA,SIPNOX
NY,Narrows Generating Station,2499,CT01-8,CP0001,2016,353,306.7,5213.9,NA,NA,NA,NA,NA,13.885,0.335,82886,Pipeline Natural Gas,Diesel Oil,Combustion turbine,NA,NA,NA,NA,SIPNOX
NY,Narrows Generating Station,2499,CT01-8,CP0001,2017,124,104.7,1779.9,NA,NA,NA,NA,NA,4.653,0.335,27791.7,Pipeline Natural Gas,Diesel Oil,Combustion turbine,NA,NA,NA,NA,SIPNOX
NY,Narrows Generating Station,2499,CT01-8,CP0001,2018,311,282.2,4797.4,NA,NA,NA,NA,NA,12.646,0.3351,75531.3,Pipeline Natural Gas,Diesel Oil,Combustion turbine,NA,NA,NA,NA,SIPNOX
NY,Narrows Generating Station,2499,CT01-8,CP0001,2019,125,95.7,1626.9,NA,NA,NA,NA,NA,4.293,0.3351,25633.7,Pipeline Natural Gas,Diesel Oil,Combustion turbine,NA,NA,NA,NA,SIPNOX
NY,Narrows Generating Station,2499,CT01-8,CP0001,2020,169,139.3,2368.1,NA,NA,NA,NA,NA,6.158,0.3349,36763.9,Pipeline Natural Gas,Diesel Oil,Combustion turbine,NA,NA,NA,NA,SIPNOX
NY,Narrows Generating Station,2499,CT01-8,CP0001,2021,129,107.2,1570.1,NA,NA,NA,1554.3,0.0591,4.751,0.36,26391.2,Pipeline Natural Gas,Diesel Oil,Combustion turbine,NA,NA,NA,NA,"RGGI, SIPNOX"
NY,Narrows Generating Station,2499,CT01-8,CP0001,2022,156,127,1931,NA,NA,NA,2152.2,0.0601,6.602,0.3686,35612.1,Pipeline Natural Gas,Diesel Oil,Combustion turbine,NA,NA,NA,NA,"RGGI, SIPNOX"
NY,Narrows Generating Station,2499,CT01-8,CP0001,2023,80,67.7,988.7,NA,NA,NA,1001.5,0.0593,3.054,0.3621,16957.5,Pipeline Natural Gas,Diesel Oil,Combustion turbine,NA,NA,NA,NA,"RGGI, SIPNOX"
NY,Narrows Generating Station,2499,CT01-8,CP0001,2024,151,119.3,1909.6,NA,NA,NA,1874.1,0.0592,5.717,0.3611,31747.9,Pipeline Natural Gas,Diesel Oil,Combustion turbine,NA,NA,NA,NA,"RGGI, SIPNOX"
NY,Narrows Generating Station,2499,CT02-1,NA,1999,603,603,13266,NA,NA,NA,NA,NA,54.813,0.612,179091,"Diesel Oil, Pipeline Natural Gas",Other Oil,Combustion turbine,NA,NA,NA,NA,OTC
NY,Narrows Generating Station,2499,CT02-1,NA,2000,537,537,9129,NA,NA,NA,NA,NA,30.108,0.3775,159489,"Diesel Oil, Pipeline Natural Gas",Other Oil,Combustion turbine,NA,NA,NA,NA,OTC
NY,Narrows Generating Station,2499,CT02-1,NA,2001,614,614,10438,NA,NA,NA,NA,NA,33.555,0.368,182358,"Diesel Oil, Pipeline Natural Gas",Other Oil,Combustion turbine,NA,NA,NA,NA,OTC
NY,Narrows Generating Station,2499,CT02-1,CP0001,2002,958,958,16286,NA,0,0,0,0,49.353,0.427,231189.4,Pipeline Natural Gas,Other Oil,Combustion turbine,NA,NA,NA,NA,OTC
NY,Narrows Generating Station,2499,CT02-1,CP0001,2003,729,729,12393,NA,0,0,0,0,35.927,0.418,171891.8,Pipeline Natural Gas,Other Oil,Combustion turbine,NA,NA,NA,NA,NBP
NY,Narrows Generating Station,2499,CT02-1,CP0001,2004,661,606.5,10310.5,NA,0,0,0,0,32.117,0.418,153646.1,Pipeline Natural Gas,Other Oil,Combustion turbine,NA,NA,NA,NA,NBP
NY,Narrows Generating Station,2499,CT02-1,CP0001,2005,1071,1071,18207,NA,0,0,0,0,47.43,0.375,252926.1,Pipeline Natural Gas,Other Oil,Combustion turbine,NA,NA,NA,NA,NBP
NY,Narrows Generating Station,2499,CT02-1,CP0001,2006,869,869,14773,NA,0,0,0,0,39.844,0.375,212408.5,Pipeline Natural Gas,Other Oil,Combustion turbine,NA,NA,NA,NA,NBP
NY,Narrows Generating Station,2499,CT02-1,CP0001,2007,314,314,5338,NA,0,0,0,0,14.992,0.3916,76585.6,Pipeline Natural Gas,Other Oil,Combustion turbine,NA,NA,NA,NA,NBP
NY,Narrows Generating Station,2499,CT02-1,CP0001,2008,499,499,8483,NA,0,0,0,0,23.764,0.3879,122505.4,Pipeline Natural Gas,Other Oil,Combustion turbine,NA,NA,NA,NA,"CAIROS, NBP"
NY,Narrows Generating Station,2499,CT02-1,CP0001,2009,207,207,3519,NA,NA,NA,NA,NA,9.777,0.4118,47610.9,Pipeline Natural Gas,Other Oil,Combustion turbine,NA,NA,NA,NA,CAIROS
NY,Narrows Generating Station,2499,CT02-1,CP0001,2010,533,533,9061,NA,NA,NA,NA,NA,26.897,0.3901,137784.4,Pipeline Natural Gas,Other Oil,Combustion turbine,NA,NA,NA,NA,CAIROS
NY,Narrows Generating Station,2499,CT02-1,CP0001,2011,350,350,5950,NA,NA,NA,NA,NA,16.28,0.3831,84996.8,Pipeline Natural Gas,Other Oil,Combustion turbine,NA,NA,NA,NA,CAIROS
NY,Narrows Generating Station,2499,CT02-1,CP0001,2012,362,362,6154,NA,NA,NA,NA,NA,19.555,0.447,87462.6,Pipeline Natural Gas,"Diesel Oil, Other Oil",Combustion turbine,NA,NA,NA,NA,CAIROS
NY,Narrows Generating Station,2499,CT02-1,CP0001,2013,438,438,7446,NA,NA,NA,NA,NA,23.992,0.447,107382,Pipeline Natural Gas,Diesel Oil,Combustion turbine,NA,NA,NA,NA,CAIROS
NY,Narrows Generating Station,2499,CT02-1,CP0001,2014,65,49.5,841.5,NA,NA,NA,NA,NA,2.871,0.4471,12842.6,Pipeline Natural Gas,Diesel Oil,Combustion turbine,NA,NA,NA,NA,CAIROS
NY,Narrows Generating Station,2499,CT02-1,CP0001,2015,344,287.9,4894.3,NA,NA,NA,NA,NA,17.317,0.447,77491.7,Pipeline Natural Gas,Diesel Oil,Combustion turbine,NA,NA,NA,NA,SIPNOX
NY,Narrows Generating Station,2499,CT02-1,CP0001,2016,252,212.9,3619.3,NA,NA,NA,NA,NA,9.639,0.335,57538.1,Pipeline Natural Gas,Diesel Oil,Combustion turbine,NA,NA,NA,NA,SIPNOX
NY,Narrows Generating Station,2499,CT02-1,CP0001,2017,117,97.5,1657.5,NA,NA,NA,NA,NA,4.337,0.335,25905.4,Pipeline Natural Gas,Diesel Oil,Combustion turbine,NA,NA,NA,NA,SIPNOX
NY,Narrows Generating Station,2499,CT02-1,CP0001,2018,185,161.4,2743.8,NA,NA,NA,NA,NA,7.232,0.3351,43190.8,Pipeline Natural Gas,Diesel Oil,Combustion turbine,NA,NA,NA,NA,SIPNOX
NY,Narrows Generating Station,2499,CT02-1,CP0001,2019,169,147.9,2514.3,NA,NA,NA,NA,NA,6.63,0.335,39587.2,Pipeline Natural Gas,Diesel Oil,Combustion turbine,NA,NA,NA,NA,SIPNOX
NY,Narrows Generating Station,2499,CT02-1,CP0001,2020,280,244.1,4149.7,NA,NA,NA,NA,NA,10.786,0.335,64393.3,Pipeline Natural Gas,Diesel Oil,Combustion turbine,NA,NA,NA,NA,SIPNOX
NY,Narrows Generating Station,2499,CT02-1,CP0001,2021,261,225.6,3874.7,NA,NA,NA,3773.9,0.0591,11.521,0.3599,64013.7,Pipeline Natural Gas,Diesel Oil,Combustion turbine,NA,NA,NA,NA,"RGGI, SIPNOX"
NY,Narrows Generating Station,2499,CT02-1,CP0001,2022,242,203,3446,NA,NA,NA,4209.4,0.0608,13.004,0.3746,67819.9,Pipeline Natural Gas,Diesel Oil,Combustion turbine,NA,NA,NA,NA,"RGGI, SIPNOX"
NY,Narrows Generating Station,2499,CT02-1,CP0001,2023,182,149,2444.7,NA,NA,NA,2496.9,0.059,7.614,0.3599,42296.6,Pipeline Natural Gas,Diesel Oil,Combustion turbine,NA,NA,NA,NA,"RGGI, SIPNOX"
NY,Narrows Generating Station,2499,CT02-1,CP0001,2024,264,219.9,3699.4,NA,NA,NA,3724.7,0.06,11.415,0.3677,62098.5,Pipeline Natural Gas,Diesel Oil,Combustion turbine,NA,NA,NA,NA,"RGGI, SIPNOX"
NY,Narrows Generating Station,2499,CT02-2,NA,1999,626,626,13772,NA,NA,NA,NA,NA,34.211,0.368,185922,"Diesel Oil, Pipeline Natural Gas",Other Oil,Combustion turbine,NA,NA,NA,NA,OTC
NY,Narrows Generating Station,2499,CT02-2,NA,2000,539,539,9163,NA,NA,NA,NA,NA,29.891,0.3734,160083,"Diesel Oil, Pipeline Natural Gas",Other Oil,Combustion turbine,NA,NA,NA,NA,OTC
NY,Narrows Generating Station,2499,CT02-2,NA,2001,512,512,8704,NA,NA,NA,NA,NA,27.981,0.368,152064,"Diesel Oil, Pipeline Natural Gas",Other Oil,Combustion turbine,NA,NA,NA,NA,OTC
NY,Narrows Generating Station,2499,CT02-2,CP0001,2002,753,753,12801,NA,0,0,0,0,38.495,0.4235,181777.9,Pipeline Natural Gas,Other Oil,Combustion turbine,NA,NA,NA,NA,OTC
NY,Narrows Generating Station,2499,CT02-2,CP0001,2003,544,544,9248,NA,0,0,0,0,26.842,0.418,128428,Pipeline Natural Gas,Other Oil,Combustion turbine,NA,NA,NA,NA,NBP
NY,Narrows Generating Station,2499,CT02-2,CP0001,2004,814,743.25,12635.25,NA,0,0,0,0,39.364,0.4184,188126.6,Pipeline Natural Gas,Other Oil,Combustion turbine,NA,NA,NA,NA,NBP
NY,Narrows Generating Station,2499,CT02-2,CP0001,2005,1054,1054,17918,NA,0,0,0,0,46.652,0.375,248779.1,Pipeline Natural Gas,Other Oil,Combustion turbine,NA,NA,NA,NA,NBP
NY,Narrows Generating Station,2499,CT02-2,CP0001,2006,835,835,14195,NA,0,0,0,0,38.4,0.376,204206,Pipeline Natural Gas,Other Oil,Combustion turbine,NA,NA,NA,NA,NBP
NY,Narrows Generating Station,2499,CT02-2,CP0001,2007,296,296,5032,NA,0,0,0,0,13.634,0.3777,72194,Pipeline Natural Gas,Other Oil,Combustion turbine,NA,NA,NA,NA,NBP
NY,Narrows Generating Station,2499,CT02-2,CP0001,2008,480,480,8160,NA,0,0,0,0,22.473,0.3817,117791,Pipeline Natural Gas,Other Oil,Combustion turbine,NA,NA,NA,NA,"CAIROS, NBP"
NY,Narrows Generating Station,2499,CT02-2,CP0001,2009,244,244,4148,NA,NA,NA,NA,NA,11.01,0.3914,56401.6,Pipeline Natural Gas,Other Oil,Combustion turbine,NA,NA,NA,NA,CAIROS
NY,Narrows Generating Station,2499,CT02-2,CP0001,2010,490,490,8330,NA,NA,NA,NA,NA,24.586,0.3879,126699.3,Pipeline Natural Gas,Other Oil,Combustion turbine,NA,NA,NA,NA,CAIROS
NY,Narrows Generating Station,2499,CT02-2,CP0001,2011,453,453,7701,NA,NA,NA,NA,NA,21.556,0.3909,110326.8,Pipeline Natural Gas,Other Oil,Combustion turbine,NA,NA,NA,NA,CAIROS
NY,Narrows Generating Station,2499,CT02-2,CP0001,2012,355,355,6035,NA,NA,NA,NA,NA,19.173,0.447,85752.9,Pipeline Natural Gas,"Diesel Oil, Other Oil",Combustion turbine,NA,NA,NA,NA,CAIROS
NY,Narrows Generating Station,2499,CT02-2,CP0001,2013,459,459,7803,NA,NA,NA,NA,NA,25.23,0.447,112926.6,Pipeline Natural Gas,Diesel Oil,Combustion turbine,NA,NA,NA,NA,CAIROS
NY,Narrows Generating Station,2499,CT02-2,CP0001,2014,56,41.5,705.5,NA,NA,NA,NA,NA,2.366,0.447,10580.9,Pipeline Natural Gas,Diesel Oil,Combustion turbine,NA,NA,NA,NA,CAIROS
NY,Narrows Generating Station,2499,CT02-2,CP0001,2015,297,250.8,4263.6,NA,NA,NA,NA,NA,15.087,0.447,67514.6,Pipeline Natural Gas,Diesel Oil,Combustion turbine,NA,NA,NA,NA,SIPNOX
NY,Narrows Generating Station,2499,CT02-2,CP0001,2016,381,326.7,5553.9,NA,NA,NA,NA,NA,14.796,0.335,88321.3,Pipeline Natural Gas,Diesel Oil,Combustion turbine,NA,NA,NA,NA,SIPNOX
NY,Narrows Generating Station,2499,CT02-2,CP0001,2017,104,82.9,1409.3,NA,NA,NA,NA,NA,3.685,0.335,22009.4,Pipeline Natural Gas,Diesel Oil,Combustion turbine,NA,NA,NA,NA,SIPNOX
NY,Narrows Generating Station,2499,CT02-2,CP0001,2018,230,197.6,3359.2,NA,NA,NA,NA,NA,8.856,0.3351,52891.4,Pipeline Natural Gas,Diesel Oil,Combustion turbine,NA,NA,NA,NA,SIPNOX
NY,Narrows Generating Station,2499,CT02-2,CP0001,2019,121,103.3,1756.1,NA,NA,NA,NA,NA,4.631,0.335,27652.7,Pipeline Natural Gas,Diesel Oil,Combustion turbine,NA,NA,NA,NA,SIPNOX
NY,Narrows Generating Station,2499,CT02-2,CP0001,2020,231,196.7,3343.9,NA,NA,NA,NA,NA,8.825,0.3394,51888.8,Pipeline Natural Gas,Diesel Oil,Combustion turbine,NA,NA,NA,NA,SIPNOX
NY,Narrows Generating Station,2499,CT02-2,CP0001,2021,146,121.9,1757.8,NA,NA,NA,1726.6,0.0591,5.274,0.3598,29304.3,Pipeline Natural Gas,Diesel Oil,Combustion turbine,NA,NA,NA,NA,"RGGI, SIPNOX"
NY,Narrows Generating Station,2499,CT02-2,CP0001,2022,140,113.3,1640.7,NA,NA,NA,1806.7,0.0607,5.57,0.3732,29237.3,Pipeline Natural Gas,Diesel Oil,Combustion turbine,NA,NA,NA,NA,"RGGI, SIPNOX"
NY,Narrows Generating Station,2499,CT02-2,CP0001,2023,111,90.5,1337.8,NA,NA,NA,1370.5,0.0591,4.179,0.3615,23211.5,Pipeline Natural Gas,Diesel Oil,Combustion turbine,NA,NA,NA,NA,"RGGI, SIPNOX"
NY,Narrows Generating Station,2499,CT02-2,CP0001,2024,148,122.4,1938.5,NA,NA,NA,1961.7,0.0605,6.023,0.3715,32331,Pipeline Natural Gas,Diesel Oil,Combustion turbine,NA,NA,NA,NA,"RGGI, SIPNOX"
NY,Narrows Generating Station,2499,CT02-3,NA,1999,510,510,11198,NA,NA,NA,NA,NA,27.872,0.368,151173,"Diesel Oil, Pipeline Natural Gas",Other Oil,Combustion turbine,NA,NA,NA,NA,OTC
NY,Narrows Generating Station,2499,CT02-3,NA,2000,512,512,8704,NA,NA,NA,NA,NA,28.017,0.3685,152064,"Diesel Oil, Pipeline Natural Gas",Other Oil,Combustion turbine,NA,NA,NA,NA,OTC
NY,Narrows Generating Station,2499,CT02-3,NA,2001,459,459,7803,NA,NA,NA,NA,NA,25.084,0.368,136323,"Diesel Oil, Pipeline Natural Gas",Other Oil,Combustion turbine,NA,NA,NA,NA,OTC
NY,Narrows Generating Station,2499,CT02-3,CP0001,2002,1116,1116,18972,NA,0,0,0,0,58.179,0.4323,269173.3,Pipeline Natural Gas,Other Oil,Combustion turbine,NA,NA,NA,NA,OTC
NY,Narrows Generating Station,2499,CT02-3,CP0001,2003,356,356,6052,NA,0,0,0,0,17.619,0.418,84303.3,Pipeline Natural Gas,Other Oil,Combustion turbine,NA,NA,NA,NA,NBP
NY,Narrows Generating Station,2499,CT02-3,CP0001,2004,851,783.75,13323.75,NA,0,0,0,0,41.44,0.4184,198042.1,Pipeline Natural Gas,Other Oil,Combustion turbine,NA,NA,NA,NA,NBP
NY,Narrows Generating Station,2499,CT02-3,CP0001,2005,1012,1012,17204,NA,0,0,0,0,44.843,0.375,239138,Pipeline Natural Gas,Other Oil,Combustion turbine,NA,NA,NA,NA,NBP
NY,Narrows Generating Station,2499,CT02-3,CP0001,2006,787,787,13379,NA,0,0,0,0,36.218,0.376,192575.2,Pipeline Natural Gas,Other Oil,Combustion turbine,NA,NA,NA,NA,NBP
NY,Narrows Generating Station,2499,CT02-3,CP0001,2007,125,125,2125,NA,0,0,0,0,5.719,0.375,30504.8,Pipeline Natural Gas,Other Oil,Combustion turbine,NA,NA,NA,NA,NBP
NY,Narrows Generating Station,2499,CT02-3,CP0001,2008,284,284,4828,NA,0,0,0,0,13.174,0.3792,69494,Pipeline Natural Gas,Other Oil,Combustion turbine,NA,NA,NA,NA,"CAIROS, NBP"
NY,Narrows Generating Station,2499,CT02-3,CP0001,2009,176,176,2992,NA,NA,NA,NA,NA,8.275,0.4092,40340,Pipeline Natural Gas,Other Oil,Combustion turbine,NA,NA,NA,NA,CAIROS
NY,Narrows Generating Station,2499,CT02-3,CP0001,2010,212,212,3604,NA,NA,NA,NA,NA,10.398,0.381,54575.3,Pipeline Natural Gas,Other Oil,Combustion turbine,NA,NA,NA,NA,CAIROS
NY,Narrows Generating Station,2499,CT02-3,CP0001,2011,347,347,5899,NA,NA,NA,NA,NA,16.185,0.3842,84254,Pipeline Natural Gas,Other Oil,Combustion turbine,NA,NA,NA,NA,CAIROS
NY,Narrows Generating Station,2499,CT02-3,CP0001,2012,339,339,5763,NA,NA,NA,NA,NA,18.333,0.447,81995.6,Pipeline Natural Gas,"Diesel Oil, Other Oil",Combustion turbine,NA,NA,NA,NA,CAIROS
NY,Narrows Generating Station,2499,CT02-3,CP0001,2013,463,463,7871,NA,NA,NA,NA,NA,25.434,0.447,113836.3,Pipeline Natural Gas,Diesel Oil,Combustion turbine,NA,NA,NA,NA,CAIROS
NY,Narrows Generating Station,2499,CT02-3,CP0001,2014,42,30.1,511.7,NA,NA,NA,NA,NA,1.728,0.447,7729,Pipeline Natural Gas,Diesel Oil,Combustion turbine,NA,NA,NA,NA,CAIROS
NY,Narrows Generating Station,2499,CT02-3,CP0001,2015,292,248.6,4226.2,NA,NA,NA,NA,NA,14.953,0.447,66914.6,Pipeline Natural Gas,Diesel Oil,Combustion turbine,NA,NA,NA,NA,SIPNOX
NY,Narrows Generating Station,2499,CT02-3,CP0001,2016,448,393.9,6696.3,NA,NA,NA,NA,NA,17.838,0.335,106479.2,Pipeline Natural Gas,Diesel Oil,Combustion turbine,NA,NA,NA,NA,SIPNOX
NY,Narrows Generating Station,2499,CT02-3,CP0001,2017,89,70.2,1193.4,NA,NA,NA,NA,NA,3.116,0.335,18613.5,Pipeline Natural Gas,Diesel Oil,Combustion turbine,NA,NA,NA,NA,SIPNOX
NY,Narrows Generating Station,2499,CT02-3,CP0001,2018,219,189.6,3223.2,NA,NA,NA,NA,NA,8.496,0.3351,50742.3,Pipeline Natural Gas,Diesel Oil,Combustion turbine,NA,NA,NA,NA,SIPNOX
NY,Narrows Generating Station,2499,CT02-3,CP0001,2019,220,196.8,3345.6,NA,NA,NA,NA,NA,8.821,0.335,52668.6,Pipeline Natural Gas,Diesel Oil,Combustion turbine,NA,NA,NA,NA,SIPNOX
NY,Narrows Generating Station,2499,CT02-3,CP0001,2020,243,208.2,3539.4,NA,NA,NA,NA,NA,9.333,0.34,54890.7,Pipeline Natural Gas,Diesel Oil,Combustion turbine,NA,NA,NA,NA,SIPNOX
NY,Narrows Generating Station,2499,CT02-3,CP0001,2021,161,135.7,2136.2,NA,NA,NA,2062.8,0.0591,6.304,0.36,35022.5,Pipeline Natural Gas,Diesel Oil,Combustion turbine,NA,NA,NA,NA,"RGGI, SIPNOX"
NY,Narrows Generating Station,2499,CT02-3,CP0001,2022,186,150.7,2332.7,NA,NA,NA,2676,0.0606,8.238,0.3727,43635.8,Pipeline Natural Gas,Diesel Oil,Combustion turbine,NA,NA,NA,NA,"RGGI, SIPNOX"
NY,Narrows Generating Station,2499,CT02-3,CP0001,2023,112,90.8,1405.2,NA,NA,NA,1442,0.0589,4.397,0.36,24423.8,Pipeline Natural Gas,Diesel Oil,Combustion turbine,NA,NA,NA,NA,"RGGI, SIPNOX"
NY,Narrows Generating Station,2499,CT02-3,CP0001,2024,166,139.1,2228.5,NA,NA,NA,2237,0.0602,6.854,0.3692,37147.2,Pipeline Natural Gas,Diesel Oil,Combustion turbine,NA,NA,NA,NA,"RGGI, SIPNOX"
NY,Narrows Generating Station,2499,CT02-4,NA,1999,437,437,9614,NA,NA,NA,NA,NA,23.882,0.368,129789,"Diesel Oil, Pipeline Natural Gas",Other Oil,Combustion turbine,NA,NA,NA,NA,OTC
NY,Narrows Generating Station,2499,CT02-4,NA,2000,357,357,6069,NA,NA,NA,NA,NA,20.09,0.3789,106029,"Diesel Oil, Pipeline Natural Gas",Other Oil,Combustion turbine,NA,NA,NA,NA,OTC
NY,Narrows Generating Station,2499,CT02-4,NA,2001,320,320,5440,NA,NA,NA,NA,NA,17.488,0.368,95040,"Diesel Oil, Pipeline Natural Gas",Other Oil,Combustion turbine,NA,NA,NA,NA,OTC
NY,Narrows Generating Station,2499,CT02-4,CP0001,2002,802,802,13634,NA,0,0,0,0,41.846,0.4328,193412.6,Pipeline Natural Gas,Other Oil,Combustion turbine,NA,NA,NA,NA,OTC
NY,Narrows Generating Station,2499,CT02-4,CP0001,2003,661,661,11237,NA,0,0,0,0,32.571,0.418,155831,Pipeline Natural Gas,Other Oil,Combustion turbine,NA,NA,NA,NA,NBP
NY,Narrows Generating Station,2499,CT02-4,CP0001,2004,856,785.75,13357.75,NA,0,0,0,0,41.644,0.4184,199022.6,Pipeline Natural Gas,Other Oil,Combustion turbine,NA,NA,NA,NA,NBP
NY,Narrows Generating Station,2499,CT02-4,CP0001,2005,1065,1065,18105,NA,0,0,0,0,47.196,0.375,251686.7,Pipeline Natural Gas,Other Oil,Combustion turbine,NA,NA,NA,NA,NBP
NY,Narrows Generating Station,2499,CT02-4,CP0001,2006,736,736,12512,NA,0,0,0,0,33.923,0.3766,180087.3,Pipeline Natural Gas,Other Oil,Combustion turbine,NA,NA,NA,NA,NBP
NY,Narrows Generating Station,2499,CT02-4,CP0001,2007,207,207,3519,NA,0,0,0,0,9.671,0.3827,50546.8,Pipeline Natural Gas,Other Oil,Combustion turbine,NA,NA,NA,NA,NBP
NY,Narrows Generating Station,2499,CT02-4,CP0001,2008,384,384,6528,NA,0,0,0,0,17.835,0.376,94850.7,Pipeline Natural Gas,Other Oil,Combustion turbine,NA,NA,NA,NA,"CAIROS, NBP"
NY,Narrows Generating Station,2499,CT02-4,CP0001,2009,114,114,1938,NA,NA,NA,NA,NA,5.15,0.3961,26054.7,Pipeline Natural Gas,Other Oil,Combustion turbine,NA,NA,NA,NA,CAIROS
NY,Narrows Generating Station,2499,CT02-4,CP0001,2010,370,370,6290,NA,NA,NA,NA,NA,18.238,0.382,95466.8,Pipeline Natural Gas,Other Oil,Combustion turbine,NA,NA,NA,NA,CAIROS
NY,Narrows Generating Station,2499,CT02-4,CP0001,2011,393,393,6681,NA,NA,NA,NA,NA,18.821,0.3953,95384.4,Pipeline Natural Gas,Other Oil,Combustion turbine,NA,NA,NA,NA,CAIROS
NY,Narrows Generating Station,2499,CT02-4,CP0001,2012,309,309,5253,NA,NA,NA,NA,NA,16.702,0.447,74702.7,Pipeline Natural Gas,"Diesel Oil, Other Oil",Combustion turbine,NA,NA,NA,NA,CAIROS
NY,Narrows Generating Station,2499,CT02-4,CP0001,2013,336,336,5712,NA,NA,NA,NA,NA,18.459,0.447,82619.6,Pipeline Natural Gas,Diesel Oil,Combustion turbine,NA,NA,NA,NA,CAIROS
NY,Narrows Generating Station,2499,CT02-4,CP0001,2014,73,56.4,958.8,NA,NA,NA,NA,NA,3.226,0.447,14427.7,Pipeline Natural Gas,Diesel Oil,Combustion turbine,NA,NA,NA,NA,CAIROS
NY,Narrows Generating Station,2499,CT02-4,CP0001,2015,290,247.2,4202.4,NA,NA,NA,NA,NA,14.866,0.447,66524.1,Pipeline Natural Gas,Diesel Oil,Combustion turbine,NA,NA,NA,NA,SIPNOX
NY,Narrows Generating Station,2499,CT02-4,CP0001,2016,202,168.1,2857.7,NA,NA,NA,NA,NA,7.608,0.3349,45417.1,Pipeline Natural Gas,Diesel Oil,Combustion turbine,NA,NA,NA,NA,SIPNOX
NY,Narrows Generating Station,2499,CT02-4,CP0001,2017,104,85.2,1448.4,NA,NA,NA,NA,NA,3.789,0.335,22632.7,Pipeline Natural Gas,Diesel Oil,Combustion turbine,NA,NA,NA,NA,SIPNOX
NY,Narrows Generating Station,2499,CT02-4,CP0001,2018,443,400.5,6808.5,NA,NA,NA,NA,NA,17.945,0.3351,107178.3,Pipeline Natural Gas,Diesel Oil,Combustion turbine,NA,NA,NA,NA,SIPNOX
NY,Narrows Generating Station,2499,CT02-4,CP0001,2019,201,174.4,2964.8,NA,NA,NA,NA,NA,7.819,0.335,46688,Pipeline Natural Gas,Diesel Oil,Combustion turbine,NA,NA,NA,NA,SIPNOX
NY,Narrows Generating Station,2499,CT02-4,CP0001,2020,70,56.1,953.7,NA,NA,NA,NA,NA,2.61,0.3494,14815.1,Pipeline Natural Gas,Diesel Oil,Combustion turbine,NA,NA,NA,NA,SIPNOX
NY,Narrows Generating Station,2499,CT02-4,CP0001,2021,230,193.7,3463.6,NA,NA,NA,3361.9,0.0601,10.294,0.368,56237.3,Pipeline Natural Gas,Diesel Oil,Combustion turbine,NA,NA,NA,NA,"RGGI, SIPNOX"
NY,Narrows Generating Station,2499,CT02-4,CP0001,2022,265,219.4,3730.4,NA,NA,NA,4158.5,0.0601,12.775,0.3689,68608.7,Pipeline Natural Gas,Diesel Oil,Combustion turbine,NA,NA,NA,NA,"RGGI, SIPNOX"
NY,Narrows Generating Station,2499,CT02-4,CP0001,2023,218,177.8,2986.8,NA,NA,NA,3048.5,0.0591,9.299,0.3607,51649,Pipeline Natural Gas,Diesel Oil,Combustion turbine,NA,NA,NA,NA,"RGGI, SIPNOX"
NY,Narrows Generating Station,2499,CT02-4,CP0001,2024,198,167.4,2768.2,NA,NA,NA,2806.5,0.0601,8.592,0.3685,46682.1,Pipeline Natural Gas,Diesel Oil,Combustion turbine,NA,NA,NA,NA,"RGGI, SIPNOX"
NY,Narrows Generating Station,2499,CT02-5,NA,1999,619,619,13618,NA,NA,NA,NA,NA,56.267,0.6244,183568,"Diesel Oil, Pipeline Natural Gas",Other Oil,Combustion turbine,NA,NA,NA,NA,OTC
NY,Narrows Generating Station,2499,CT02-5,NA,2000,563,563,9571,NA,NA,NA,NA,NA,31.42,0.3758,167211,"Diesel Oil, Pipeline Natural Gas",Other Oil,Combustion turbine,NA,NA,NA,NA,OTC
NY,Narrows Generating Station,2499,CT02-5,NA,2001,553,553,9401,NA,NA,NA,NA,NA,30.221,0.368,164241,"Diesel Oil, Pipeline Natural Gas",Other Oil,Combustion turbine,NA,NA,NA,NA,OTC
NY,Narrows Generating Station,2499,CT02-5,CP0001,2002,816,816,13872,NA,0,0,0,0,41.433,0.4205,197011.3,Pipeline Natural Gas,Other Oil,Combustion turbine,NA,NA,NA,NA,OTC
NY,Narrows Generating Station,2499,CT02-5,CP0001,2003,537,537,9129,NA,0,0,0,0,26.511,0.418,126842.1,Pipeline Natural Gas,Other Oil,Combustion turbine,NA,NA,NA,NA,NBP
NY,Narrows Generating Station,2499,CT02-5,CP0001,2004,852,785,13345,NA,0,0,0,0,41.393,0.4184,197824.8,Pipeline Natural Gas,Other Oil,Combustion turbine,NA,NA,NA,NA,NBP
NY,Narrows Generating Station,2499,CT02-5,CP0001,2005,1056,1056,17952,NA,0,0,0,0,46.786,0.375,249494.4,Pipeline Natural Gas,Other Oil,Combustion turbine,NA,NA,NA,NA,NBP
NY,Narrows Generating Station,2499,CT02-5,CP0001,2006,768,768,13056,NA,0,0,0,0,35.293,0.376,187642.2,Pipeline Natural Gas,Other Oil,Combustion turbine,NA,NA,NA,NA,NBP
NY,Narrows Generating Station,2499,CT02-5,CP0001,2007,265,265,4505,NA,0,0,0,0,12.598,0.3901,64592.8,Pipeline Natural Gas,Other Oil,Combustion turbine,NA,NA,NA,NA,NBP
NY,Narrows Generating Station,2499,CT02-5,CP0001,2008,422,422,7174,NA,0,0,0,0,19.857,0.3855,103093.8,Pipeline Natural Gas,Other Oil,Combustion turbine,NA,NA,NA,NA,"CAIROS, NBP"
NY,Narrows Generating Station,2499,CT02-5,CP0001,2009,170,170,2890,NA,NA,NA,NA,NA,8.136,0.408,39846.2,Pipeline Natural Gas,Other Oil,Combustion turbine,NA,NA,NA,NA,CAIROS
NY,Narrows Generating Station,2499,CT02-5,CP0001,2010,441,441,7497,NA,NA,NA,NA,NA,22.077,0.3878,113786.4,Pipeline Natural Gas,Other Oil,Combustion turbine,NA,NA,NA,NA,CAIROS
NY,Narrows Generating Station,2499,CT02-5,CP0001,2011,405,405,6885,NA,NA,NA,NA,NA,19.11,0.3875,98787.6,Pipeline Natural Gas,Other Oil,Combustion turbine,NA,NA,NA,NA,CAIROS
NY,Narrows Generating Station,2499,CT02-5,CP0001,2012,252,252,4284,NA,NA,NA,NA,NA,13.639,0.447,61001.4,Pipeline Natural Gas,"Diesel Oil, Other Oil",Combustion turbine,NA,NA,NA,NA,CAIROS
NY,Narrows Generating Station,2499,CT02-5,CP0001,2013,489,489,8313,NA,NA,NA,NA,NA,26.734,0.447,119652.4,Pipeline Natural Gas,Diesel Oil,Combustion turbine,NA,NA,NA,NA,CAIROS
NY,Narrows Generating Station,2499,CT02-5,CP0001,2014,42,32.6,554.2,NA,NA,NA,NA,NA,1.825,0.447,8162.9,Pipeline Natural Gas,Diesel Oil,Combustion turbine,NA,NA,NA,NA,CAIROS
NY,Narrows Generating Station,2499,CT02-5,CP0001,2015,198,159.9,2718.3,NA,NA,NA,NA,NA,9.612,0.447,43009.8,Pipeline Natural Gas,Diesel Oil,Combustion turbine,NA,NA,NA,NA,SIPNOX
NY,Narrows Generating Station,2499,CT02-5,CP0001,2016,463,409.7,6964.9,NA,NA,NA,NA,NA,18.552,0.335,110740.8,Pipeline Natural Gas,Diesel Oil,Combustion turbine,NA,NA,NA,NA,SIPNOX
NY,Narrows Generating Station,2499,CT02-5,CP0001,2017,92,74.1,1259.7,NA,NA,NA,NA,NA,3.302,0.3349,19722.9,Pipeline Natural Gas,Diesel Oil,Combustion turbine,NA,NA,NA,NA,SIPNOX
NY,Narrows Generating Station,2499,CT02-5,CP0001,2018,318,276.4,4698.8,NA,NA,NA,NA,NA,12.387,0.3351,73980.5,Pipeline Natural Gas,Diesel Oil,Combustion turbine,NA,NA,NA,NA,SIPNOX
NY,Narrows Generating Station,2499,CT02-5,CP0001,2019,111,91.9,1562.3,NA,NA,NA,NA,NA,4.121,0.335,24603.3,Pipeline Natural Gas,Diesel Oil,Combustion turbine,NA,NA,NA,NA,SIPNOX
NY,Narrows Generating Station,2499,CT02-5,CP0001,2020,282,238.2,4049.4,NA,NA,NA,NA,NA,10.584,0.3364,62888.3,Pipeline Natural Gas,Diesel Oil,Combustion turbine,NA,NA,NA,NA,SIPNOX
NY,Narrows Generating Station,2499,CT02-5,CP0001,2021,260,219.45,4070.7,NA,NA,NA,4025.1,0.0591,12.275,0.36,68205.8,Pipeline Natural Gas,Diesel Oil,Combustion turbine,NA,NA,NA,NA,"RGGI, SIPNOX"
NY,Narrows Generating Station,2499,CT02-5,CP0001,2022,307,254.3,4486.8,NA,NA,NA,5484.8,0.0613,16.978,0.378,87740.4,Pipeline Natural Gas,Diesel Oil,Combustion turbine,NA,NA,NA,NA,"RGGI, SIPNOX"
NY,Narrows Generating Station,2499,CT02-5,CP0001,2023,236,188.8,3213.1,NA,NA,NA,3284.4,0.059,10.02,0.3599,55655.4,Pipeline Natural Gas,Diesel Oil,Combustion turbine,NA,NA,NA,NA,"RGGI, SIPNOX"
NY,Narrows Generating Station,2499,CT02-5,CP0001,2024,234,195.5,3298,NA,NA,NA,3434.1,0.0615,10.599,0.3787,55512.1,Pipeline Natural Gas,Diesel Oil,Combustion turbine,NA,NA,NA,NA,"RGGI, SIPNOX"
NY,Narrows Generating Station,2499,CT02-6,NA,1999,573,573,12606,NA,NA,NA,NA,NA,31.314,0.368,170181,"Diesel Oil, Pipeline Natural Gas",Other Oil,Combustion turbine,NA,NA,NA,NA,OTC
NY,Narrows Generating Station,2499,CT02-6,NA,2000,591,591,10047,NA,NA,NA,NA,NA,32.334,0.3684,175527,"Diesel Oil, Pipeline Natural Gas",Other Oil,Combustion turbine,NA,NA,NA,NA,OTC
NY,Narrows Generating Station,2499,CT02-6,NA,2001,597,597,10149,NA,NA,NA,NA,NA,32.626,0.368,177309,"Diesel Oil, Pipeline Natural Gas",Other Oil,Combustion turbine,NA,NA,NA,NA,OTC
NY,Narrows Generating Station,2499,CT02-6,CP0001,2002,990,990,16830,NA,0,0,0,0,51.668,0.4327,238864,Pipeline Natural Gas,Other Oil,Combustion turbine,NA,NA,NA,NA,OTC
NY,Narrows Generating Station,2499,CT02-6,CP0001,2003,599,599,10183,NA,0,0,0,0,29.55,0.418,141384,Pipeline Natural Gas,Other Oil,Combustion turbine,NA,NA,NA,NA,NBP
NY,Narrows Generating Station,2499,CT02-6,CP0001,2004,857,790,13430,NA,0,0,0,0,41.571,0.4184,198680.5,Pipeline Natural Gas,Other Oil,Combustion turbine,NA,NA,NA,NA,NBP
NY,Narrows Generating Station,2499,CT02-6,CP0001,2005,1063,1063,18071,NA,0,0,0,0,47.082,0.375,251074.3,Pipeline Natural Gas,Other Oil,Combustion turbine,NA,NA,NA,NA,NBP
NY,Narrows Generating Station,2499,CT02-6,CP0001,2006,780,780,13260,NA,0,0,0,0,35.734,0.375,190499.1,Pipeline Natural Gas,Other Oil,Combustion turbine,NA,NA,NA,NA,NBP
NY,Narrows Generating Station,2499,CT02-6,CP0001,2007,260,260,4420,NA,0,0,0,0,12.029,0.3796,63376.7,Pipeline Natural Gas,Other Oil,Combustion turbine,NA,NA,NA,NA,NBP
NY,Narrows Generating Station,2499,CT02-6,CP0001,2008,442,442,7514,NA,0,0,0,0,20.864,0.3859,108195.2,Pipeline Natural Gas,Other Oil,Combustion turbine,NA,NA,NA,NA,"CAIROS, NBP"
NY,Narrows Generating Station,2499,CT02-6,CP0001,2009,158,158,2686,NA,NA,NA,NA,NA,7.092,0.3852,36806.6,Pipeline Natural Gas,Other Oil,Combustion turbine,NA,NA,NA,NA,CAIROS
NY,Narrows Generating Station,2499,CT02-6,CP0001,2010,473,473,8041,NA,NA,NA,NA,NA,23.275,0.381,122163.6,Pipeline Natural Gas,Other Oil,Combustion turbine,NA,NA,NA,NA,CAIROS
NY,Narrows Generating Station,2499,CT02-6,CP0001,2011,380,380,6460,NA,NA,NA,NA,NA,17.843,0.384,92964.8,Pipeline Natural Gas,Other Oil,Combustion turbine,NA,NA,NA,NA,CAIROS
NY,Narrows Generating Station,2499,CT02-6,CP0001,2012,294,294,4998,NA,NA,NA,NA,NA,15.875,0.447,71002.3,Pipeline Natural Gas,"Diesel Oil, Other Oil",Combustion turbine,NA,NA,NA,NA,CAIROS
NY,Narrows Generating Station,2499,CT02-6,CP0001,2013,455,455,7735,NA,NA,NA,NA,NA,25.021,0.447,111989.2,Pipeline Natural Gas,Diesel Oil,Combustion turbine,NA,NA,NA,NA,CAIROS
NY,Narrows Generating Station,2499,CT02-6,CP0001,2014,43,33.6,571.2,NA,NA,NA,NA,NA,1.887,0.447,8441.8,Pipeline Natural Gas,Diesel Oil,Combustion turbine,NA,NA,NA,NA,CAIROS
NY,Narrows Generating Station,2499,CT02-6,CP0001,2015,190,159,2703,NA,NA,NA,NA,NA,9.56,0.447,42779.3,Pipeline Natural Gas,Diesel Oil,Combustion turbine,NA,NA,NA,NA,SIPNOX
NY,Narrows Generating Station,2499,CT02-6,CP0001,2016,148,119.3,2028.1,NA,NA,NA,NA,NA,5.4,0.335,32234.3,Pipeline Natural Gas,Diesel Oil,Combustion turbine,NA,NA,NA,NA,SIPNOX
NY,Narrows Generating Station,2499,CT02-6,CP0001,2017,160,135.1,2296.7,NA,NA,NA,NA,NA,6.01,0.335,35893.8,Pipeline Natural Gas,Diesel Oil,Combustion turbine,NA,NA,NA,NA,SIPNOX
NY,Narrows Generating Station,2499,CT02-6,CP0001,2018,166,139.8,2376.6,NA,NA,NA,NA,NA,6.265,0.3351,37416.7,Pipeline Natural Gas,Diesel Oil,Combustion turbine,NA,NA,NA,NA,SIPNOX
NY,Narrows Generating Station,2499,CT02-6,CP0001,2019,105,87.2,1482.4,NA,NA,NA,NA,NA,3.91,0.335,23345.1,Pipeline Natural Gas,Diesel Oil,Combustion turbine,NA,NA,NA,NA,SIPNOX
NY,Narrows Generating Station,2499,CT02-6,CP0001,2020,184,151.7,2578.9,NA,NA,NA,NA,NA,6.698,0.335,39988.3,Pipeline Natural Gas,Diesel Oil,Combustion turbine,NA,NA,NA,NA,SIPNOX
NY,Narrows Generating Station,2499,CT02-6,CP0001,2021,124,106.6,1438.2,NA,NA,NA,1421.7,0.0591,4.337,0.36,24095.3,Pipeline Natural Gas,Diesel Oil,Combustion turbine,NA,NA,NA,NA,"RGGI, SIPNOX"
NY,Narrows Generating Station,2499,CT02-6,CP0001,2022,146,118.1,1561.4,NA,NA,NA,1635.1,0.0591,4.982,0.361,27671.9,Pipeline Natural Gas,Diesel Oil,Combustion turbine,NA,NA,NA,NA,"RGGI, SIPNOX"
NY,Narrows Generating Station,2499,CT02-6,CP0001,2023,100,78.1,1136.6,NA,NA,NA,1167,0.059,3.558,0.36,19763.8,Pipeline Natural Gas,Diesel Oil,Combustion turbine,NA,NA,NA,NA,"RGGI, SIPNOX"
NY,Narrows Generating Station,2499,CT02-6,CP0001,2024,184,148.7,2436.4,NA,NA,NA,2420.8,0.0595,7.379,0.3639,40972.3,Pipeline Natural Gas,Diesel Oil,Combustion turbine,NA,NA,NA,NA,"RGGI, SIPNOX"
NY,Narrows Generating Station,2499,CT02-7,NA,1999,596,596,13112,NA,NA,NA,NA,NA,32.571,0.3685,176833.8,"Diesel Oil, Pipeline Natural Gas",Other Oil,Combustion turbine,NA,NA,NA,NA,OTC
NY,Narrows Generating Station,2499,CT02-7,NA,2000,603,603,10251,NA,NA,NA,NA,NA,34.041,0.3801,179091,"Diesel Oil, Pipeline Natural Gas",Other Oil,Combustion turbine,NA,NA,NA,NA,OTC
NY,Narrows Generating Station,2499,CT02-7,NA,2001,579,579,9843,NA,NA,NA,NA,NA,31.642,0.368,171963,"Diesel Oil, Pipeline Natural Gas",Other Oil,Combustion turbine,NA,NA,NA,NA,OTC
NY,Narrows Generating Station,2499,CT02-7,CP0001,2002,810,810,13770,NA,0,0,0,0,41.179,0.4213,195462.5,Pipeline Natural Gas,Other Oil,Combustion turbine,NA,NA,NA,NA,OTC
NY,Narrows Generating Station,2499,CT02-7,CP0001,2003,705,705,11985,NA,0,0,0,0,34.719,0.418,166108.2,Pipeline Natural Gas,Other Oil,Combustion turbine,NA,NA,NA,NA,NBP
NY,Narrows Generating Station,2499,CT02-7,CP0001,2004,848,819.25,13927.25,NA,0,0,0,0,41.159,0.4184,196705,Pipeline Natural Gas,Other Oil,Combustion turbine,NA,NA,NA,NA,NBP
NY,Narrows Generating Station,2499,CT02-7,CP0001,2005,463,463,7871,NA,0,0,0,0,20.515,0.375,109401.2,Pipeline Natural Gas,Other Oil,Combustion turbine,NA,NA,NA,NA,NBP
NY,Narrows Generating Station,2499,CT02-7,CP0001,2006,789,789,13413,NA,0,0,0,0,36.359,0.3775,192575.1,Pipeline Natural Gas,Other Oil,Combustion turbine,NA,NA,NA,NA,NBP
NY,Narrows Generating Station,2499,CT02-7,CP0001,2007,264,264,4488,NA,0,0,0,0,12.251,0.3811,64297.5,Pipeline Natural Gas,Other Oil,Combustion turbine,NA,NA,NA,NA,NBP
NY,Narrows Generating Station,2499,CT02-7,CP0001,2008,486,486,8262,NA,0,0,0,0,22.787,0.3824,119194.5,Pipeline Natural Gas,Other Oil,Combustion turbine,NA,NA,NA,NA,"CAIROS, NBP"
NY,Narrows Generating Station,2499,CT02-7,CP0001,2009,209,209,3553,NA,NA,NA,NA,NA,9.749,0.3999,48698.9,Pipeline Natural Gas,Other Oil,Combustion turbine,NA,NA,NA,NA,CAIROS
NY,Narrows Generating Station,2499,CT02-7,CP0001,2010,463,463,7871,NA,NA,NA,NA,NA,23.056,0.3859,119447.9,Pipeline Natural Gas,Other Oil,Combustion turbine,NA,NA,NA,NA,CAIROS
NY,Narrows Generating Station,2499,CT02-7,CP0001,2011,232,232,3944,NA,NA,NA,NA,NA,10.707,0.3826,55996,Pipeline Natural Gas,Other Oil,Combustion turbine,NA,NA,NA,NA,CAIROS
NY,Narrows Generating Station,2499,CT02-7,CP0001,2012,305,305,5185,NA,NA,NA,NA,NA,16.477,0.447,73694.9,Pipeline Natural Gas,"Diesel Oil, Other Oil",Combustion turbine,NA,NA,NA,NA,CAIROS
NY,Narrows Generating Station,2499,CT02-7,CP0001,2013,509,509,8653,NA,NA,NA,NA,NA,27.953,0.447,125115,Pipeline Natural Gas,Diesel Oil,Combustion turbine,NA,NA,NA,NA,CAIROS
NY,Narrows Generating Station,2499,CT02-7,CP0001,2014,41,33.4,567.8,NA,NA,NA,NA,NA,1.947,0.447,8708.5,Pipeline Natural Gas,Diesel Oil,Combustion turbine,NA,NA,NA,NA,CAIROS
NY,Narrows Generating Station,2499,CT02-7,CP0001,2015,189,155.7,2646.9,NA,NA,NA,NA,NA,9.358,0.447,41876.8,Pipeline Natural Gas,Diesel Oil,Combustion turbine,NA,NA,NA,NA,SIPNOX
NY,Narrows Generating Station,2499,CT02-7,CP0001,2016,548,485.8,8258.6,NA,NA,NA,NA,NA,22.004,0.335,131351.9,Pipeline Natural Gas,Diesel Oil,Combustion turbine,NA,NA,NA,NA,SIPNOX
NY,Narrows Generating Station,2499,CT02-7,CP0001,2017,160,139,2363,NA,NA,NA,NA,NA,6.189,0.335,36967.6,Pipeline Natural Gas,Diesel Oil,Combustion turbine,NA,NA,NA,NA,SIPNOX
NY,Narrows Generating Station,2499,CT02-7,CP0001,2018,382,339.2,5766.4,NA,NA,NA,NA,NA,15.198,0.3351,90773.1,Pipeline Natural Gas,Diesel Oil,Combustion turbine,NA,NA,NA,NA,SIPNOX
NY,Narrows Generating Station,2499,CT02-7,CP0001,2019,239,206.1,3503.7,NA,NA,NA,NA,NA,9.238,0.335,55161.8,Pipeline Natural Gas,Diesel Oil,Combustion turbine,NA,NA,NA,NA,SIPNOX
NY,Narrows Generating Station,2499,CT02-7,CP0001,2020,368,318,5406,NA,NA,NA,NA,NA,14.052,0.335,83894.9,Pipeline Natural Gas,Diesel Oil,Combustion turbine,NA,NA,NA,NA,SIPNOX
NY,Narrows Generating Station,2499,CT02-7,CP0001,2021,223,192.9,3168.2,NA,NA,NA,3117.8,0.0591,9.522,0.36,52898.1,Pipeline Natural Gas,Diesel Oil,Combustion turbine,NA,NA,NA,NA,"RGGI, SIPNOX"
NY,Narrows Generating Station,2499,CT02-7,CP0001,2022,204,170.2,2819,NA,NA,NA,3457.8,0.0613,10.699,0.3783,55295.2,Pipeline Natural Gas,Diesel Oil,Combustion turbine,NA,NA,NA,NA,"RGGI, SIPNOX"
NY,Narrows Generating Station,2499,CT02-7,CP0001,2023,157,125.4,2023.9,NA,NA,NA,2067.4,0.059,6.304,0.3599,35021.1,Pipeline Natural Gas,Diesel Oil,Combustion turbine,NA,NA,NA,NA,"RGGI, SIPNOX"
NY,Narrows Generating Station,2499,CT02-7,CP0001,2024,163,136.2,2230.4,NA,NA,NA,2242.5,0.0599,6.86,0.3663,37442.3,Pipeline Natural Gas,Diesel Oil,Combustion turbine,NA,NA,NA,NA,"RGGI, SIPNOX"
NY,Narrows Generating Station,2499,CT02-8,NA,1999,598,598,13156,NA,NA,NA,NA,NA,32.681,0.368,177606,"Diesel Oil, Pipeline Natural Gas",Other Oil,Combustion turbine,NA,NA,NA,NA,OTC
NY,Narrows Generating Station,2499,CT02-8,NA,2000,583,583,9911,NA,NA,NA,NA,NA,32.115,0.371,170775,"Diesel Oil, Pipeline Natural Gas",Other Oil,Combustion turbine,NA,NA,NA,NA,OTC
NY,Narrows Generating Station,2499,CT02-8,NA,2001,620,620,10540,NA,NA,NA,NA,NA,33.883,0.368,184140,"Diesel Oil, Pipeline Natural Gas",Other Oil,Combustion turbine,NA,NA,NA,NA,OTC
NY,Narrows Generating Station,2499,CT02-8,CP0001,2002,1022,1022,17374,NA,0,0,0,0,52.824,0.4284,246615.6,Pipeline Natural Gas,Other Oil,Combustion turbine,NA,NA,NA,NA,OTC
NY,Narrows Generating Station,2499,CT02-8,CP0001,2003,716,716,12172,NA,0,0,0,0,35.238,0.418,168589.9,Pipeline Natural Gas,Other Oil,Combustion turbine,NA,NA,NA,NA,NBP
NY,Narrows Generating Station,2499,CT02-8,CP0001,2004,834,805.25,13689.25,NA,0,0,0,0,41.069,0.4249,193359,Pipeline Natural Gas,Other Oil,Combustion turbine,NA,NA,NA,NA,NBP
NY,Narrows Generating Station,2499,CT02-8,CP0001,2005,1061,1061,18037,NA,0,0,0,0,47.012,0.375,250702,Pipeline Natural Gas,Other Oil,Combustion turbine,NA,NA,NA,NA,NBP
NY,Narrows Generating Station,2499,CT02-8,CP0001,2006,447,447,7599,NA,0,0,0,0,20.6,0.375,109813.6,Pipeline Natural Gas,Other Oil,Combustion turbine,NA,NA,NA,NA,NBP
NY,Narrows Generating Station,2499,CT02-8,CP0001,2007,173,173,2941,NA,0,0,0,0,8.211,0.3889,42239.5,Pipeline Natural Gas,Other Oil,Combustion turbine,NA,NA,NA,NA,NBP
NY,Narrows Generating Station,2499,CT02-8,CP0001,2008,235,235,3995,NA,0,0,0,0,10.794,0.375,57561.7,Pipeline Natural Gas,Other Oil,Combustion turbine,NA,NA,NA,NA,"CAIROS, NBP"
NY,Narrows Generating Station,2499,CT02-8,CP0001,2009,174,174,2958,NA,NA,NA,NA,NA,8.046,0.4004,40124.1,Pipeline Natural Gas,Other Oil,Combustion turbine,NA,NA,NA,NA,CAIROS
NY,Narrows Generating Station,2499,CT02-8,CP0001,2010,385,385,6545,NA,NA,NA,NA,NA,18.927,0.381,99344.7,Pipeline Natural Gas,Other Oil,Combustion turbine,NA,NA,NA,NA,CAIROS
NY,Narrows Generating Station,2499,CT02-8,CP0001,2011,378,378,6426,NA,NA,NA,NA,NA,17.986,0.3919,91972.8,Pipeline Natural Gas,Other Oil,Combustion turbine,NA,NA,NA,NA,CAIROS
NY,Narrows Generating Station,2499,CT02-8,CP0001,2012,227,227,3859,NA,NA,NA,NA,NA,12.256,0.447,54814.7,Pipeline Natural Gas,"Diesel Oil, Other Oil",Combustion turbine,NA,NA,NA,NA,CAIROS
NY,Narrows Generating Station,2499,CT02-8,CP0001,2013,448,448,7616,NA,NA,NA,NA,NA,24.657,0.447,110362.6,Pipeline Natural Gas,Diesel Oil,Combustion turbine,NA,NA,NA,NA,CAIROS
NY,Narrows Generating Station,2499,CT02-8,CP0001,2014,66,53.4,907.8,NA,NA,NA,NA,NA,3.127,0.447,13988.2,Pipeline Natural Gas,Diesel Oil,Combustion turbine,NA,NA,NA,NA,CAIROS
NY,Narrows Generating Station,2499,CT02-8,CP0001,2015,185,150.9,2565.3,NA,NA,NA,NA,NA,9.069,0.447,40584.4,Pipeline Natural Gas,Diesel Oil,Combustion turbine,NA,NA,NA,NA,SIPNOX
NY,Narrows Generating Station,2499,CT02-8,CP0001,2016,229,180.3,3065.1,NA,NA,NA,NA,NA,8.16,0.3349,48711.8,Pipeline Natural Gas,Diesel Oil,Combustion turbine,NA,NA,NA,NA,SIPNOX
NY,Narrows Generating Station,2499,CT02-8,CP0001,2017,149,127.8,2172.6,NA,NA,NA,NA,NA,5.692,0.335,33999.3,Pipeline Natural Gas,Diesel Oil,Combustion turbine,NA,NA,NA,NA,SIPNOX
NY,Narrows Generating Station,2499,CT02-8,CP0001,2018,487,436.9,7427.3,NA,NA,NA,NA,NA,19.571,0.3351,116890,Pipeline Natural Gas,Diesel Oil,Combustion turbine,NA,NA,NA,NA,SIPNOX
NY,Narrows Generating Station,2499,CT02-8,CP0001,2019,173,141.6,2407.2,NA,NA,NA,NA,NA,6.351,0.3351,37924.2,Pipeline Natural Gas,Diesel Oil,Combustion turbine,NA,NA,NA,NA,SIPNOX
NY,Narrows Generating Station,2499,CT02-8,CP0001,2020,211,176.9,3007.3,NA,NA,NA,NA,NA,7.813,0.335,46645.5,Pipeline Natural Gas,Diesel Oil,Combustion turbine,NA,NA,NA,NA,SIPNOX
NY,Narrows Generating Station,2499,CT02-8,CP0001,2021,151,130.3,1787.4,NA,NA,NA,1747.2,0.0591,5.33,0.36,29611.3,Pipeline Natural Gas,Diesel Oil,Combustion turbine,NA,NA,NA,NA,"RGGI, SIPNOX"
NY,Narrows Generating Station,2499,CT02-8,CP0001,2022,147,119.1,1616.6,NA,NA,NA,1689.8,0.0589,5.151,0.36,28611.6,Pipeline Natural Gas,Diesel Oil,Combustion turbine,NA,NA,NA,NA,"RGGI, SIPNOX"
NY,Narrows Generating Station,2499,CT02-8,CP0001,2023,94,71.9,1029.2,NA,NA,NA,1050.6,0.0589,3.203,0.3612,17791.9,Pipeline Natural Gas,Diesel Oil,Combustion turbine,NA,NA,NA,NA,"RGGI, SIPNOX"
NY,Narrows Generating Station,2499,CT02-8,CP0001,2024,119,95.2,1499.9,NA,NA,NA,1480,0.0595,4.519,0.3643,24937.9,Pipeline Natural Gas,Diesel Oil,Combustion turbine,NA,NA,NA,NA,"RGGI, SIPNOX"
NY,Ravenswood Generating Station,2500,10,NA,1995,NA,NA,NA,NA,18,NA,122213,NA,113,NA,2061974,NA,NA,Tangentially-fired,NA,NA,NA,NA,ARP
NY,Ravenswood Generating Station,2500,10,NA,1996,NA,NA,NA,NA,1.5,NA,288016,NA,262,NA,4865967,NA,NA,Tangentially-fired,NA,NA,NA,NA,ARP
NY,Ravenswood Generating Station,2500,10,NA,1997,2652,2618.5,546603.5,NA,11.135,0.0029,417890.05,0.0594,341.652,0.1033,7005006.625,NA,NA,Tangentially-fired,NA,NA,NA,NA,ARP
NY,Ravenswood Generating Station,2500,10,NA,1998,3016,2989.25,500018,NA,3.973,0.0014,378118.575,0.0591,326.42,0.1027,6370991.8,NA,NA,Tangentially-fired,NA,NA,NA,NA,ARP
NY,Ravenswood Generating Station,2500,10,NA,1999,2338,2313.75,380964.5,NA,13.631,0.0048,305798.375,0.0594,222.057,0.095,5123849.35,Pipeline Natural Gas,Residual Oil,Tangentially-fired,NA,NA,NA,NA,"ARP, OTC"
NY,Ravenswood Generating Station,2500,10,NA,2000,3512,3466.5,550288.5,NA,2.118,0.0011,627922.215,0.1015,260.255,0.089,6223089.4,Pipeline Natural Gas,Residual Oil,Tangentially-fired,NA,"Overfire Air (Began Dec 01, 2000)",NA,NA,"ARP, OTC"
NY,Ravenswood Generating Station,2500,10,NA,2001,4978,4953.25,1002285.75,NA,331.363,0.0776,707248.075,0.0645,563.679,0.1135,11131450.625,Pipeline Natural Gas,Residual Oil,Tangentially-fired,NA,Overfire Air,NA,NA,"ARP, OTC"
NY,Ravenswood Generating Station,2500,10,NA,2002,3965,3946.25,809210.75,NA,2.732,0.001,533217.45,0.059,315.775,0.0774,8972323.3,Pipeline Natural Gas,Residual Oil,Tangentially-fired,NA,Overfire Air,NA,NA,"ARP, OTC"
NY,Ravenswood Generating Station,2500,10,NA,2003,5082,5068.5,1056911,NA,670.275,0.1266,736212.325,0.068,618.24,0.1188,10830835.275,Pipeline Natural Gas,Residual Oil,Tangentially-fired,NA,Overfire Air,NA,NA,"ARP, NBP"
NY,Ravenswood Generating Station,2500,10,NA,2004,6674,6646.75,1365257,NA,1538.488,0.2047,1048558.45,0.0735,1096.848,0.1514,14046707.1,Pipeline Natural Gas,Residual Oil,Tangentially-fired,NA,Overfire Air,NA,NA,"ARP, NBP"
NY,Ravenswood Generating Station,2500,10,NA,2005,6536,6514.25,1360529.25,NA,1566.068,0.2005,1103975.825,0.0737,1014.329,0.1376,14802591.85,Pipeline Natural Gas,Residual Oil,Tangentially-fired,NA,Overfire Air,NA,NA,"ARP, NBP"
NY,Ravenswood Generating Station,2500,10,NA,2006,4448,4433.25,715962.75,NA,340.305,0.078,503558.5,0.0646,317.015,0.0833,7676970.875,Pipeline Natural Gas,Residual Oil,Tangentially-fired,NA,Overfire Air,NA,NA,"ARP, NBP"
NY,Ravenswood Generating Station,2500,10,NA,2007,5919,5903,1043052.25,NA,488.866,0.0721,721984.95,0.0642,451.834,0.078,11003112.05,Pipeline Natural Gas,Residual Oil,Tangentially-fired,NA,Overfire Air,NA,NA,"ARP, NBP"
NY,Ravenswood Generating Station,2500,10,NA,2008,3591,3580.5,662277.5,NA,100.268,0.0215,422852.45,0.0605,214.051,0.061,6885998.675,Pipeline Natural Gas,Residual Oil,Tangentially-fired,NA,Overfire Air,NA,NA,"ARP, CAIRNOX, CAIROS, NBP"
NY,Ravenswood Generating Station,2500,10,NA,2009,4475,4455.75,680432.75,NA,74.828,0.013,428372.075,0.0599,236.095,0.0656,7038324.8,Pipeline Natural Gas,Residual Oil,Tangentially-fired,NA,Overfire Air,NA,NA,"ARP, CAIRNOX, CAIROS, CAIRSO2, RGGI"
NY,Ravenswood Generating Station,2500,10,NA,2010,3630,3616.5,673788.5,NA,37.838,0.0076,415734.85,0.0595,212.495,0.0619,6911990.825,Pipeline Natural Gas,Residual Oil,Tangentially-fired,NA,Overfire Air,NA,NA,"ARP, CAIRNOX, CAIROS, CAIRSO2, RGGI"
NY,Ravenswood Generating Station,2500,10,NA,2011,3960,3935.39,645059.51,NA,23.376,0.005,402721.299,0.0593,214.711,0.0642,6726669.606,Pipeline Natural Gas,Residual Oil,Tangentially-fired,NA,Overfire Air,NA,NA,"ARP, CAIRNOX, CAIROS, CAIRSO2, RGGI"
NY,Ravenswood Generating Station,2500,10,NA,2012,5056,5039.8,969225.29,NA,8.451,0.0018,589483.836,0.0591,320.132,0.0664,9906227.401,Pipeline Natural Gas,Residual Oil,Tangentially-fired,NA,Overfire Air,NA,NA,"ARP, CAIRNOX, CAIROS, CAIRSO2, RGGI"
NY,Ravenswood Generating Station,2500,10,NA,2013,2891,2848.52,452911.6,NA,40.459,0.0117,290445.969,0.0598,176.796,0.0708,4794298.457,Pipeline Natural Gas,Residual Oil,Tangentially-fired,NA,Overfire Air,NA,NA,"ARP, CAIRNOX, CAIROS, CAIRSO2, RGGI"
NY,Ravenswood Generating Station,2500,10,NA,2014,3820,3802.81,725381.29,NA,77.78,0.0156,450505.916,0.0601,268.894,0.0711,7403729.61,Pipeline Natural Gas,Residual Oil,Tangentially-fired,NA,Overfire Air,NA,NA,"ARP, CAIRNOX, CAIROS, CAIRSO2, RGGI"
NY,Ravenswood Generating Station,2500,10,NA,2015,5111,5097.16,955341.08,NA,32.431,0.0075,585133.514,0.0595,324.215,0.068,9778097.794,Pipeline Natural Gas,Residual Oil,Tangentially-fired,NA,Overfire Air,NA,NA,"ARP, CSNOX, CSNOXOS, CSSO2G1, RGGI"
NY,Ravenswood Generating Station,2500,10,NA,2016,5404,5389.03,990640.07,NA,17.059,0.0035,602889.936,0.0592,359.308,0.0718,10112269.067,Pipeline Natural Gas,Residual Oil,Tangentially-fired,NA,Overfire Air,NA,NA,"ARP, CSNOX, CSNOXOS, CSSO2G1, RGGI"
NY,Ravenswood Generating Station,2500,10,NA,2017,4189,4180.67,565797.62,NA,26.697,0.0056,366716.121,0.0594,222.026,0.0729,6108214.673,Pipeline Natural Gas,Residual Oil,Tangentially-fired,NA,Overfire Air,NA,NA,"ARP, CSNOX, CSOSG2, CSSO2G1, RGGI"
NY,Ravenswood Generating Station,2500,10,NA,2018,4260,4246.61,533197.66,NA,95.48,0.0199,411026.217,0.0604,243.158,0.0718,6691387.249,Pipeline Natural Gas,Residual Oil,Tangentially-fired,NA,Overfire Air,NA,NA,"ARP, CSNOX, CSOSG2, CSSO2G1, RGGI"
NY,Ravenswood Generating Station,2500,10,NA,2019,2190,2172.4,265418.62,NA,9.629,0.008,172816.992,0.0596,92.662,0.0649,2886167.862,Pipeline Natural Gas,Residual Oil,Tangentially-fired,NA,Overfire Air,NA,NA,"ARP, CSNOX, CSOSG2, CSSO2G1, RGGI"
NY,Ravenswood Generating Station,2500,10,NA,2020,2392,2382.17,322076.3,NA,1.037,0.001,205397,0.059,114.397,0.07,3456223.043,Pipeline Natural Gas,Residual Oil,Tangentially-fired,NA,Overfire Air,NA,NA,"ARP, CSNOX, CSOSG2, CSSO2G1, RGGI"
NY,Ravenswood Generating Station,2500,10,NA,2021,1237,1223.39,154668.66,NA,0.605,0.0012,101192.825,0.059,52.297,0.0599,1702537.236,Pipeline Natural Gas,Residual Oil,Tangentially-fired,NA,Overfire Air,NA,NA,"ARP, CSNOX, CSOSG3, CSSO2G1, RGGI"
NY,Ravenswood Generating Station,2500,10,NA,2022,1116,1105.02,142552.49,NA,11.549,0.0128,93354.466,0.06,52.565,0.0664,1542827.946,Pipeline Natural Gas,Residual Oil,Tangentially-fired,NA,Overfire Air,NA,NA,"ARP, CSNOX, CSOSG3, CSSO2G1, RGGI"
NY,Ravenswood Generating Station,2500,10,NA,2023,1862,1822.64,280870.55,NA,12.696,0.0079,182796.115,0.0596,123.634,0.0793,3046114.705,Pipeline Natural Gas,Residual Oil,Tangentially-fired,NA,Overfire Air,NA,NA,"ARP, CSNOX, CSOSG3, CSSO2G1, RGGI"
NY,Ravenswood Generating Station,2500,10,NA,2024,995,986.73,145300.3,NA,1.32,0.0018,95368.818,0.0591,51.746,0.0624,1602610.042,Pipeline Natural Gas,Residual Oil,Tangentially-fired,NA,Overfire Air,NA,NA,"ARP, CSNOX, CSOSG2E, CSSO2G1, RGGI"
NY,Ravenswood Generating Station,2500,20,NA,1995,NA,NA,NA,NA,164,NA,666882,NA,531,NA,10083524,NA,NA,Tangentially-fired,NA,Overfire Air,NA,NA,ARP
NY,Ravenswood Generating Station,2500,20,NA,1996,NA,NA,NA,NA,41.6,NA,450821,NA,336,NA,7641414,NA,NA,Tangentially-fired,NA,Overfire Air,NA,NA,ARP
NY,Ravenswood Generating Station,2500,20,NA,1997,2896,2875.25,580653.75,NA,193.807,0.0552,409774.25,0.0627,373.44,0.1176,6489674.05,NA,NA,Tangentially-fired,NA,Overfire Air,NA,NA,ARP
NY,Ravenswood Generating Station,2500,20,NA,1998,2151,2144.5,491531.5,NA,1.899,0.001,342541.825,0.059,256.413,0.0953,5777869.3,NA,NA,Tangentially-fired,NA,Overfire Air,NA,NA,ARP
NY,Ravenswood Generating Station,2500,20,NA,1999,5545,5526.5,1280675.25,NA,197.309,0.0267,858888.45,0.0619,639.105,0.0969,13829966.3,Residual Oil,Pipeline Natural Gas,Tangentially-fired,NA,Overfire Air,NA,NA,"ARP, OTC"
NY,Ravenswood Generating Station,2500,20,NA,2000,7640,7610,1408049,NA,383.751,0.0481,1442119.07,0.0943,896.612,0.1204,15233678.6,Residual Oil,Pipeline Natural Gas,Tangentially-fired,NA,Overfire Air,NA,NA,"ARP, OTC"
NY,Ravenswood Generating Station,2500,20,NA,2001,6112,6086.25,1163493.5,NA,381.691,0.0631,797632.395,0.0629,619.892,0.1001,12820252.775,Residual Oil,Pipeline Natural Gas,Tangentially-fired,NA,Overfire Air,NA,NA,"ARP, OTC"
NY,Ravenswood Generating Station,2500,20,NA,2002,7518,7499.75,1640440.5,NA,326.706,0.0347,1027441.294,0.0591,765.55,0.092,17364419.775,Residual Oil,Pipeline Natural Gas,Tangentially-fired,NA,Overfire Air,NA,NA,"ARP, OTC"
NY,Ravenswood Generating Station,2500,20,NA,2003,6902,6884.25,1515466.75,NA,1176.362,0.1589,1070270.75,0.0703,917.613,0.1241,15271111.7,Residual Oil,Pipeline Natural Gas,Tangentially-fired,NA,Overfire Air,NA,NA,"ARP, NBP"
NY,Ravenswood Generating Station,2500,20,NA,2004,5245,5228.5,1125049.5,NA,1369.288,0.2337,864552.2,0.0756,836.13,0.1496,11345380.25,Residual Oil,Pipeline Natural Gas,Tangentially-fired,NA,Overfire Air,NA,NA,"ARP, NBP"
NY,Ravenswood Generating Station,2500,20,NA,2005,6862,6843.75,1550718.25,NA,1763.771,0.2155,1218145.625,0.0748,1100.753,0.1393,16246942.15,Residual Oil,Pipeline Natural Gas,Tangentially-fired,NA,Overfire Air,NA,NA,"ARP, NBP"
NY,Ravenswood Generating Station,2500,20,NA,2006,3615,3603.75,636456.5,NA,250.098,0.0746,427831.8,0.0644,276.568,0.0857,6613720.55,Residual Oil,Pipeline Natural Gas,Tangentially-fired,NA,Overfire Air,NA,NA,"ARP, NBP"
NY,Ravenswood Generating Station,2500,20,NA,2007,3427,3403.25,594729.25,NA,266.654,0.072,411077.15,0.0642,286.705,0.0866,6292454.825,Residual Oil,Pipeline Natural Gas,Tangentially-fired,NA,Overfire Air,NA,NA,"ARP, NBP"
NY,Ravenswood Generating Station,2500,20,NA,2008,4347,4319,615007.25,NA,99.705,0.0267,418276,0.0609,253.501,0.0753,6810272.975,Residual Oil,Pipeline Natural Gas,Tangentially-fired,NA,Overfire Air,NA,NA,"ARP, CAIRNOX, CAIROS, NBP"
NY,Ravenswood Generating Station,2500,20,NA,2009,1919,1905.25,216904.5,NA,82.759,0.0585,159805.775,0.0631,115.354,0.0901,2497670.9,Residual Oil,Pipeline Natural Gas,Tangentially-fired,NA,Overfire Air,NA,NA,"ARP, CAIRNOX, CAIROS, CAIRSO2, RGGI"
NY,Ravenswood Generating Station,2500,20,NA,2010,3230,3208.5,538805.5,NA,25.89,0.0071,344906.525,0.0595,206.788,0.0744,5747330.3,Residual Oil,Pipeline Natural Gas,Tangentially-fired,NA,Overfire Air,NA,NA,"ARP, CAIRNOX, CAIROS, CAIRSO2, RGGI"
NY,Ravenswood Generating Station,2500,20,NA,2011,2608,2592.25,417029.75,NA,20.368,0.0071,269302.35,0.0595,144.341,0.0608,4487090.65,Residual Oil,Pipeline Natural Gas,Tangentially-fired,NA,Overfire Air,NA,NA,"ARP, CAIRNOX, CAIROS, CAIRSO2, RGGI"
NY,Ravenswood Generating Station,2500,20,NA,2012,4900,4878.61,951887.3,NA,7.113,0.0015,580686.538,0.0591,323.737,0.0691,9761257.687,Residual Oil,Pipeline Natural Gas,Tangentially-fired,NA,Overfire Air,NA,NA,"ARP, CAIRNOX, CAIROS, CAIRSO2, RGGI"
NY,Ravenswood Generating Station,2500,20,NA,2013,4172,4149.72,660296.82,NA,32.748,0.0081,409086.594,0.0595,249.076,0.0771,6810572.499,Residual Oil,Pipeline Natural Gas,Tangentially-fired,NA,Overfire Air,NA,NA,"ARP, CAIRNOX, CAIROS, CAIRSO2, RGGI"
NY,Ravenswood Generating Station,2500,20,NA,2014,5739,5726.3,1060667.62,NA,63.62,0.0089,638613.429,0.0596,371.955,0.074,10603775.677,Residual Oil,Pipeline Natural Gas,Tangentially-fired,NA,Overfire Air,NA,NA,"ARP, CAIRNOX, CAIROS, CAIRSO2, RGGI"
NY,Ravenswood Generating Station,2500,20,NA,2015,5144,5126.28,943905.44,NA,48.411,0.0121,567101.852,0.0598,339.36,0.0758,9435384.19,Residual Oil,Pipeline Natural Gas,Tangentially-fired,NA,Overfire Air,NA,NA,"ARP, CSNOX, CSNOXOS, CSSO2G1, MATS, RGGI"
NY,Ravenswood Generating Station,2500,20,NA,2016,5231,5214.65,945441.86,NA,24.939,0.0056,566346.878,0.0593,326.907,0.0747,9478446.673,Residual Oil,Pipeline Natural Gas,Tangentially-fired,NA,Overfire Air,NA,NA,"ARP, CSNOX, CSNOXOS, CSSO2G1, MATS, RGGI"
NY,Ravenswood Generating Station,2500,20,NA,2017,4578,4561.01,647223.76,NA,21.188,0.0042,401437.881,0.0593,228.151,0.0701,6704761.905,Residual Oil,Pipeline Natural Gas,Tangentially-fired,NA,Overfire Air,NA,NA,"ARP, CSNOX, CSOSG2, CSSO2G1, MATS, RGGI"
NY,Ravenswood Generating Station,2500,20,NA,2018,4095,4077.33,619257.98,NA,56.122,0.0107,394817.032,0.0598,232.565,0.0717,6511612.217,Residual Oil,Pipeline Natural Gas,Tangentially-fired,NA,Overfire Air,NA,NA,"ARP, CSNOX, CSOSG2, CSSO2G1, MATS, RGGI"
NY,Ravenswood Generating Station,2500,20,NA,2019,3397,3372.44,433288.42,NA,15.835,0.0089,278048.799,0.0596,156.069,0.071,4643308.859,Residual Oil,Pipeline Natural Gas,Tangentially-fired,NA,Overfire Air,NA,NA,"ARP, CSNOX, CSOSG2, CSSO2G1, MATS, RGGI"
NY,Ravenswood Generating Station,2500,20,NA,2020,1853,1836.83,216892.24,NA,0.728,0.001,144220.789,0.059,81.42,0.0698,2426788.407,Residual Oil,Pipeline Natural Gas,Tangentially-fired,NA,Overfire Air,NA,NA,"ARP, CSNOX, CSOSG2, CSSO2G1, MATS, RGGI"
NY,Ravenswood Generating Station,2500,20,NA,2021,1968,1951.31,256068.55,NA,9.145,0.0052,167314.471,0.0594,102.366,0.075,2794375.141,Pipeline Natural Gas,Residual Oil,Tangentially-fired,NA,Overfire Air,NA,NA,"ARP, CSNOX, CSOSG3, CSSO2G1, MATS, RGGI"
NY,Ravenswood Generating Station,2500,20,NA,2022,1736,1716.58,208607.8,NA,3.357,0.0042,137781.977,0.0593,107.342,0.0974,2311713.564,Pipeline Natural Gas,Residual Oil,Tangentially-fired,NA,Overfire Air,NA,NA,"ARP, CSNOX, CSOSG3, CSSO2G1, MATS, RGGI"
NY,Ravenswood Generating Station,2500,20,NA,2023,1339,1320.52,225005.59,NA,0.714,0.001,141517.354,0.059,85.228,0.0747,2381287.804,Pipeline Natural Gas,Residual Oil,Tangentially-fired,NA,Overfire Air,NA,NA,"ARP, CSNOX, CSOSG3, CSSO2G1, MATS, RGGI"
NY,Ravenswood Generating Station,2500,20,NA,2024,1439,1422.95,230126.68,NA,2.159,0.0017,144073.754,0.0592,88.189,0.0801,2416355.609,Pipeline Natural Gas,Residual Oil,Tangentially-fired,NA,Overfire Air,NA,NA,"ARP, CSNOX, CSOSG2E, CSSO2G1, MATS, RGGI"
NY,Ravenswood Generating Station,2500,30,NA,1995,NA,NA,NA,NA,727,NA,2300319,NA,2316,NA,29363766,NA,NA,Tangentially-fired,NA,NA,NA,NA,ARP
NY,Ravenswood Generating Station,2500,30,NA,1996,NA,NA,NA,NA,1208,NA,2127947,NA,2560,NA,30644431,NA,NA,Tangentially-fired,NA,NA,NA,NA,ARP
NY,Ravenswood Generating Station,2500,30,NA,1997,6520,6500,3445962.25,NA,1108.818,0.0536,2554546.1,0.0652,2880.449,0.139,39129210.275,NA,NA,Tangentially-fired,NA,NA,NA,NA,ARP
NY,Ravenswood Generating Station,2500,30,NA,1998,5531,5521.5,2952663.5,NA,1115.657,0.0579,2331747.05,0.0641,2841.34,0.1448,36162356.475,NA,NA,Tangentially-fired,NA,NA,NA,NA,ARP
NY,Ravenswood Generating Station,2500,30,NA,1999,4601,4590.75,2766663.75,NA,963.632,0.0533,2218913.375,0.0646,2967.791,0.1658,34050470.575,Pipeline Natural Gas,Residual Oil,Tangentially-fired,NA,NA,NA,NA,"ARP, OTC"
NY,Ravenswood Generating Station,2500,30,NA,2000,7704,7694,3247578,NA,1569.668,0.0891,3062011.856,0.0916,2697.13,0.1528,34350995.4,Pipeline Natural Gas,Residual Oil,Tangentially-fired,NA,NA,NA,NA,"ARP, OTC"
NY,Ravenswood Generating Station,2500,30,NA,2001,7018,7001.5,3130079,NA,1933.375,0.1269,2135262.892,0.0691,2619.316,0.1608,31224193.1,Pipeline Natural Gas,Residual Oil,Tangentially-fired,NA,NA,NA,NA,"ARP, OTC"
NY,Ravenswood Generating Station,2500,30,NA,2002,6232,6224.75,2732648.75,NA,787.431,0.0472,1753370.797,0.0602,2156.382,0.1387,28895659.3,Pipeline Natural Gas,Residual Oil,Tangentially-fired,NA,NA,NA,NA,"ARP, OTC"
NY,Ravenswood Generating Station,2500,30,NA,2003,5010,5000,2289017.75,NA,2125.508,0.169,1696215.8,0.071,1827.097,0.1495,23591669,Pipeline Natural Gas,Residual Oil,Tangentially-fired,NA,NA,NA,NA,"ARP, NBP"
NY,Ravenswood Generating Station,2500,30,NA,2004,6030,6021,2495639.5,NA,3662.506,0.2614,2118962.05,0.0775,2379.351,0.1744,27087639.225,Pipeline Natural Gas,Residual Oil,Tangentially-fired,NA,NA,NA,NA,"ARP, NBP"
NY,Ravenswood Generating Station,2500,30,NA,2005,4866,4848.75,1929271.5,NA,2686.366,0.2458,1608626.925,0.0769,1786.277,0.1691,20591009.4,Pipeline Natural Gas,Residual Oil,Tangentially-fired,NA,NA,NA,NA,"ARP, NBP"
NY,Ravenswood Generating Station,2500,30,NA,2006,4978,4960.5,1534291,NA,558.617,0.052,1111002.2,0.0628,783.687,0.0813,17391292.425,Pipeline Natural Gas,Residual Oil,Tangentially-fired,NA,NA,NA,NA,"ARP, NBP"
NY,Ravenswood Generating Station,2500,30,NA,2007,5421,5405.25,1642605.25,NA,734.468,0.0644,1200714.325,0.0636,859.276,0.0829,18484440.95,Pipeline Natural Gas,Residual Oil,Tangentially-fired,NA,NA,NA,NA,"ARP, NBP"
NY,Ravenswood Generating Station,2500,30,NA,2008,2240,2230.5,882486,NA,242.312,0.0338,585725.325,0.0615,392.292,0.0694,9296620.425,Pipeline Natural Gas,Residual Oil,Tangentially-fired,NA,NA,NA,NA,"ARP, CAIRNOX, CAIROS, NBP"
NY,Ravenswood Generating Station,2500,30,NA,2009,3092,3083,921406,NA,135.066,0.0135,620522.75,0.06,352.414,0.0594,10133140.175,Pipeline Natural Gas,Residual Oil,Tangentially-fired,NA,NA,NA,NA,"ARP, CAIRNOX, CAIROS, CAIRSO2, RGGI"
NY,Ravenswood Generating Station,2500,30,NA,2010,3218,3206.5,1240603.75,NA,193.339,0.0162,796852.55,0.0602,502.575,0.0645,12966190.875,Pipeline Natural Gas,Residual Oil,Tangentially-fired,NA,NA,NA,NA,"ARP, CAIRNOX, CAIROS, CAIRSO2, RGGI"
NY,Ravenswood Generating Station,2500,30,NA,2011,2634,2623.5,844670.25,NA,44.964,0.0054,555750.5,0.0593,329.615,0.0587,9253034.425,Pipeline Natural Gas,Residual Oil,Tangentially-fired,NA,NA,NA,NA,"ARP, CAIRNOX, CAIROS, CAIRSO2, RGGI"
NY,Ravenswood Generating Station,2500,30,NA,2012,2540,2520.44,1153003.21,NA,13.278,0.0034,689236.634,0.0592,466.204,0.0691,11574617.643,Pipeline Natural Gas,Residual Oil,Tangentially-fired,NA,NA,NA,NA,"ARP, CAIRNOX, CAIROS, CAIRSO2, RGGI"
NY,Ravenswood Generating Station,2500,30,NA,2013,1676,1663.56,666332.6,NA,81.793,0.0139,418358.103,0.06,284.724,0.069,6849417.723,Pipeline Natural Gas,Residual Oil,Tangentially-fired,NA,NA,NA,NA,"ARP, CAIRNOX, CAIROS, CAIRSO2, RGGI"
NY,Ravenswood Generating Station,2500,30,NA,2014,3746,3733.28,1638129.38,NA,152.001,0.0139,1037693.213,0.06,739.819,0.0753,17090026.697,Pipeline Natural Gas,Residual Oil,Tangentially-fired,NA,NA,NA,NA,"ARP, CAIRNOX, CAIROS, CAIRSO2, RGGI"
NY,Ravenswood Generating Station,2500,30,NA,2015,3430,3411.89,1534910.42,NA,4.787,0.001,948254.202,0.059,645.761,0.0711,15956227.429,Pipeline Natural Gas,Residual Oil,Tangentially-fired,NA,NA,NA,NA,"ARP, CSNOX, CSNOXOS, CSSO2G1, MATS, RGGI"
NY,Ravenswood Generating Station,2500,30,NA,2016,4486,4476.26,1950292.98,NA,21.622,0.0019,1220174.175,0.0591,816.932,0.0722,20495848.566,Pipeline Natural Gas,Residual Oil,Tangentially-fired,NA,NA,NA,NA,"ARP, CSNOX, CSNOXOS, CSSO2G1, MATS, RGGI"
NY,Ravenswood Generating Station,2500,30,NA,2017,1438,1428.23,485247.92,NA,9.381,0.0023,311942.681,0.0591,202.757,0.0642,5230648.563,Pipeline Natural Gas,Residual Oil,Tangentially-fired,NA,NA,NA,NA,"ARP, CSNOX, CSOSG2, CSSO2G1, MATS, RGGI"
NY,Ravenswood Generating Station,2500,30,NA,2018,2858,2820.47,878156.19,NA,29.988,0.0038,568753.273,0.0592,341.778,0.0646,9505159.214,Pipeline Natural Gas,Residual Oil,Tangentially-fired,NA,NA,NA,NA,"ARP, CSNOX, CSOSG2, CSSO2G1, MATS, RGGI"
NY,Ravenswood Generating Station,2500,30,NA,2019,654,642.28,136082.2,NA,1.596,0.0016,94741.702,0.0591,55.784,0.0566,1591384.174,Pipeline Natural Gas,Residual Oil,Tangentially-fired,NA,NA,NA,NA,"ARP, CSNOX, CSOSG2, CSSO2G1, MATS, RGGI"
NY,Ravenswood Generating Station,2500,30,NA,2020,499,491.15,156100.5,NA,0.506,0.001,100171.424,0.0591,69.188,0.0642,1685590.154,Pipeline Natural Gas,Residual Oil,Tangentially-fired,NA,NA,NA,NA,"ARP, CSNOX, CSOSG2, CSSO2G1, MATS, RGGI"
NY,Ravenswood Generating Station,2500,30,NA,2021,423,415.25,93521,NA,0.617,0.0016,65233.262,0.0591,41.361,0.055,1096942.005,Pipeline Natural Gas,Residual Oil,Tangentially-fired,NA,NA,NA,NA,"ARP, CSNOX, CSOSG3, CSSO2G1, MATS, RGGI"
NY,Ravenswood Generating Station,2500,30,NA,2022,609,599.57,193743.21,NA,6.421,0.0046,124779.04,0.0594,88.571,0.059,2084997.331,Pipeline Natural Gas,Residual Oil,Tangentially-fired,NA,NA,NA,NA,"ARP, CSNOX, CSOSG3, CSSO2G1, MATS, RGGI"
NY,Ravenswood Generating Station,2500,30,NA,2023,1604,1581.6,374790.4,NA,1.293,0.001,256074.059,0.0591,169.788,0.0643,4308931.815,Pipeline Natural Gas,Residual Oil,Tangentially-fired,NA,NA,NA,NA,"ARP, CSNOX, CSOSG3, CSSO2G1, MATS, RGGI"
NY,Ravenswood Generating Station,2500,30,NA,2024,1007,993.1,332840.45,NA,1.68,0.0011,211928.161,0.059,149.02,0.0643,3564564.141,Pipeline Natural Gas,Residual Oil,Tangentially-fired,NA,NA,NA,NA,"ARP, CSNOX, CSOSG2E, CSSO2G1, MATS, RGGI"
NY,Ravenswood Generating Station,2500,BLR001,CS0001,1999,705,705,NA,123320,NA,NA,NA,NA,43.48,0.2603,312903.9,Residual Oil,Pipeline Natural Gas,Dry bottom wall-fired boiler,NA,NA,NA,NA,OTC
NY,Ravenswood Generating Station,2500,BLR001,CS0001,2000,1666,1623.25,NA,278852.25,NA,NA,NA,NA,51.813,0.2528,383403.97,Residual Oil,Pipeline Natural Gas,Dry bottom wall-fired boiler,NA,NA,NA,NA,OTC
NY,Ravenswood Generating Station,2500,BLR001,CS0001,2001,2059,2010,NA,350518,NA,NA,NA,NA,79.678,0.2731,567840.992,Residual Oil,Pipeline Natural Gas,Dry bottom wall-fired boiler,NA,NA,NA,NA,OTC
NY,Ravenswood Generating Station,2500,BLR001,CS0001,2002,3217,3153,NA,518046.25,NA,NA,NA,NA,133.257,0.2898,890300.8,Residual Oil,Pipeline Natural Gas,Dry bottom wall-fired boiler,NA,NA,NA,NA,OTC
NY,Ravenswood Generating Station,2500,BLR001,CS0001,2003,2927,2850.75,NA,481062,NA,NA,NA,NA,92.425,0.2642,688755.2,Residual Oil,Pipeline Natural Gas,Dry bottom wall-fired boiler,NA,NA,NA,NA,NBP
NY,Ravenswood Generating Station,2500,BLR001,CS0001,2004,3240,3162.25,NA,523464.75,NA,NA,NA,NA,99.147,0.2518,783191.1,Residual Oil,Pipeline Natural Gas,Dry bottom wall-fired boiler,NA,NA,NA,NA,NBP
NY,Ravenswood Generating Station,2500,BLR001,CS0001,2005,2499,2444.25,NA,403746,NA,NA,NA,NA,86.978,0.2613,665093.5,Residual Oil,Pipeline Natural Gas,Dry bottom wall-fired boiler,NA,NA,NA,NA,NBP
NY,Ravenswood Generating Station,2500,BLR001,CS0001,2006,1799,1738.25,NA,287947,NA,NA,NA,NA,58.445,0.2495,465519.6,Residual Oil,Pipeline Natural Gas,Dry bottom wall-fired boiler,NA,NA,NA,NA,NBP
NY,Ravenswood Generating Station,2500,BLR001,CS0001,2007,2214,2131.5,NA,344739,NA,NA,NA,NA,67.899,0.2349,573494.925,Residual Oil,Pipeline Natural Gas,Dry bottom wall-fired boiler,NA,NA,NA,NA,NBP
NY,Ravenswood Generating Station,2500,BLR001,CS0001,2008,1867,1770,NA,262740.25,NA,NA,NA,NA,49.893,0.2492,388250.928,Residual Oil,Pipeline Natural Gas,Dry bottom wall-fired boiler,NA,NA,NA,NA,"CAIROS, NBP"
NY,Ravenswood Generating Station,2500,BLR001,CS0001,2009,2243,2152.5,NA,294591.5,NA,NA,NA,NA,61.96,0.2511,482553.825,Residual Oil,Pipeline Natural Gas,Dry bottom wall-fired boiler,NA,NA,NA,NA,CAIROS
NY,Ravenswood Generating Station,2500,BLR002,CS0002,1999,1845,1845,NA,310638,NA,NA,NA,NA,117.755,0.2925,790779.286,Residual Oil,Pipeline Natural Gas,Dry bottom wall-fired boiler,NA,NA,NA,NA,OTC
NY,Ravenswood Generating Station,2500,BLR002,CS0002,2000,2495,2429,NA,435050.5,NA,NA,NA,NA,74.422,0.2768,525101.595,Residual Oil,Pipeline Natural Gas,Dry bottom wall-fired boiler,NA,NA,NA,NA,OTC
NY,Ravenswood Generating Station,2500,BLR002,CS0002,2001,2929,2850.5,NA,503743,NA,NA,NA,NA,101.97,0.2822,712660.16,Residual Oil,Pipeline Natural Gas,Dry bottom wall-fired boiler,NA,NA,NA,NA,OTC
NY,Ravenswood Generating Station,2500,BLR002,CS0002,2002,3691,3595.5,NA,626481.75,NA,NA,NA,NA,148.935,0.3175,924663.517,Residual Oil,Pipeline Natural Gas,Dry bottom wall-fired boiler,NA,NA,NA,NA,OTC
NY,Ravenswood Generating Station,2500,BLR002,CS0002,2003,3245,3168.25,NA,550475.75,NA,NA,NA,NA,107.147,0.2745,774086.428,Residual Oil,Pipeline Natural Gas,Dry bottom wall-fired boiler,NA,NA,NA,NA,NBP
NY,Ravenswood Generating Station,2500,BLR002,CS0002,2004,2734,2661.5,NA,427242.5,NA,NA,NA,NA,85.885,0.2621,653361.063,Residual Oil,Pipeline Natural Gas,Dry bottom wall-fired boiler,NA,NA,NA,NA,NBP
NY,Ravenswood Generating Station,2500,BLR002,CS0002,2005,2708,2641,NA,447355.75,NA,NA,NA,NA,104.859,0.263,794986.741,Residual Oil,Pipeline Natural Gas,Dry bottom wall-fired boiler,NA,NA,NA,NA,NBP
NY,Ravenswood Generating Station,2500,BLR002,CS0002,2006,2040,1967.75,NA,324448.75,NA,NA,NA,NA,75.706,0.2553,584522.567,Residual Oil,Pipeline Natural Gas,Dry bottom wall-fired boiler,NA,NA,NA,NA,NBP
NY,Ravenswood Generating Station,2500,BLR002,CS0002,2007,2269,2189.25,NA,357411.75,NA,NA,NA,NA,89.51,0.2455,728385.172,Residual Oil,Pipeline Natural Gas,Dry bottom wall-fired boiler,NA,NA,NA,NA,NBP
NY,Ravenswood Generating Station,2500,BLR002,CS0002,2008,1848,1768.25,NA,264034.25,NA,NA,NA,NA,51.851,0.2368,430804.486,Residual Oil,Pipeline Natural Gas,Dry bottom wall-fired boiler,NA,NA,NA,NA,"CAIROS, NBP"
NY,Ravenswood Generating Station,2500,BLR002,CS0002,2009,1935,1847,NA,247909.75,NA,NA,NA,NA,48.446,0.2316,401780.825,Residual Oil,Pipeline Natural Gas,Dry bottom wall-fired boiler,NA,NA,NA,NA,CAIROS
NY,Ravenswood Generating Station,2500,BLR003,CS0001,1999,275,275,NA,30692,NA,NA,NA,NA,11.763,0.2729,77368.7,Residual Oil,Pipeline Natural Gas,Dry bottom wall-fired boiler,NA,NA,NA,NA,OTC
NY,Ravenswood Generating Station,2500,BLR003,CS0001,2000,764,742.5,NA,133046.5,NA,NA,NA,NA,18.896,0.2331,150659.277,Residual Oil,Pipeline Natural Gas,Dry bottom wall-fired boiler,NA,NA,NA,NA,OTC
NY,Ravenswood Generating Station,2500,BLR003,CS0001,2001,4,1.75,NA,1.75,NA,NA,NA,NA,0,0.27,2.808,Residual Oil,Pipeline Natural Gas,Dry bottom wall-fired boiler,NA,NA,NA,NA,OTC
NY,Ravenswood Generating Station,2500,BLR003,CS0001,2002,0,0,NA,NA,NA,NA,NA,NA,NA,NA,NA,Residual Oil,Pipeline Natural Gas,Dry bottom wall-fired boiler,NA,NA,NA,NA,OTC
NY,Ravenswood Generating Station,2500,BLR003,CS0001,2003,7,4.25,NA,NA,NA,NA,NA,NA,0.007,0.0851,151.975,Residual Oil,Pipeline Natural Gas,Dry bottom wall-fired boiler,NA,NA,NA,NA,NBP
NY,Ravenswood Generating Station,2500,BLR003,CS0001,2004,NA,NA,NA,NA,NA,NA,NA,NA,NA,NA,NA,Residual Oil,Pipeline Natural Gas,Dry bottom wall-fired boiler,NA,NA,NA,NA,NBP
NY,Ravenswood Generating Station,2500,BLR003,CS0001,2005,0,0,NA,NA,NA,NA,NA,NA,NA,NA,NA,Residual Oil,Pipeline Natural Gas,Dry bottom wall-fired boiler,NA,NA,NA,NA,NBP
NY,Ravenswood Generating Station,2500,BLR003,CS0001,2006,1,1,NA,NA,NA,NA,NA,NA,0.014,0.221,124.75,Residual Oil,Pipeline Natural Gas,Dry bottom wall-fired boiler,NA,NA,NA,NA,NBP
NY,Ravenswood Generating Station,2500,BLR003,CS0001,2007,0,0,NA,NA,NA,NA,NA,NA,NA,NA,NA,Residual Oil,Pipeline Natural Gas,Dry bottom wall-fired boiler,NA,NA,NA,NA,NBP
NY,Ravenswood Generating Station,2500,BLR003,CS0001,2008,2235,2143.25,NA,321749.75,NA,NA,NA,NA,61.22,0.2563,463007.897,Residual Oil,Pipeline Natural Gas,Dry bottom wall-fired boiler,NA,NA,NA,NA,"CAIROS, NBP"
NY,Ravenswood Generating Station,2500,BLR003,CS0001,2009,2364,2286.75,NA,341916.25,NA,NA,NA,NA,70.04,0.2569,541029.925,Residual Oil,Pipeline Natural Gas,Dry bottom wall-fired boiler,NA,NA,NA,NA,CAIROS
NY,Ravenswood Generating Station,2500,BLR004,CS0002,1999,1781,1781,NA,296713,NA,NA,NA,NA,99.991,0.275,696921.615,Residual Oil,Pipeline Natural Gas,Dry bottom wall-fired boiler,NA,NA,NA,NA,OTC
NY,Ravenswood Generating Station,2500,BLR004,CS0002,2000,3245,3158.75,NA,582650.25,NA,NA,NA,NA,105.47,0.2766,728640.127,Residual Oil,Pipeline Natural Gas,Dry bottom wall-fired boiler,NA,NA,NA,NA,OTC
NY,Ravenswood Generating Station,2500,BLR004,CS0002,2001,2559,2486.25,NA,427600,NA,NA,NA,NA,87.803,0.2826,613068.865,Residual Oil,Pipeline Natural Gas,Dry bottom wall-fired boiler,NA,NA,NA,NA,OTC
NY,Ravenswood Generating Station,2500,BLR004,CS0002,2002,3465,3373.5,NA,556970.25,NA,NA,NA,NA,132.29,0.3134,837640.808,Residual Oil,Pipeline Natural Gas,Dry bottom wall-fired boiler,NA,NA,NA,NA,OTC
NY,Ravenswood Generating Station,2500,BLR004,CS0002,2003,3392,3297.5,NA,557376.25,NA,NA,NA,NA,108.748,0.2698,796558.597,Residual Oil,Pipeline Natural Gas,Dry bottom wall-fired boiler,NA,NA,NA,NA,NBP
NY,Ravenswood Generating Station,2500,BLR004,CS0002,2004,3329,3258.5,NA,540848,NA,NA,NA,NA,105.687,0.2572,818750.612,Residual Oil,Pipeline Natural Gas,Dry bottom wall-fired boiler,NA,NA,NA,NA,NBP
NY,Ravenswood Generating Station,2500,BLR004,CS0002,2005,3033,2953,NA,486983.25,NA,NA,NA,NA,118.526,0.2612,891034.534,Residual Oil,Pipeline Natural Gas,Dry bottom wall-fired boiler,NA,NA,NA,NA,NBP
NY,Ravenswood Generating Station,2500,BLR004,CS0002,2006,1911,1838.25,NA,285823.25,NA,NA,NA,NA,65.741,0.2522,508304.357,Residual Oil,Pipeline Natural Gas,Dry bottom wall-fired boiler,NA,NA,NA,NA,NBP
NY,Ravenswood Generating Station,2500,BLR004,CS0002,2007,2120,2032.5,NA,335846.25,NA,NA,NA,NA,84.864,0.2447,690268.678,Residual Oil,Pipeline Natural Gas,Dry bottom wall-fired boiler,NA,NA,NA,NA,NBP
NY,Ravenswood Generating Station,2500,BLR004,CS0002,2008,2284,2169,NA,329279,NA,NA,NA,NA,64.721,0.2311,537757.986,Residual Oil,Pipeline Natural Gas,Dry bottom wall-fired boiler,NA,NA,NA,NA,"CAIROS, NBP"
NY,Ravenswood Generating Station,2500,BLR004,CS0002,2009,2401,2247.25,NA,302577.25,NA,NA,NA,NA,62.198,0.2218,517718.225,Residual Oil,Pipeline Natural Gas,Dry bottom wall-fired boiler,NA,NA,NA,NA,CAIROS
NY,Ravenswood Generating Station,2500,CT0001,NA,1999,79,79,1027,NA,NA,NA,NA,NA,3.361,0.35,19197,Pipeline Natural Gas,NA,Combustion turbine,NA,NA,NA,NA,OTC
NY,Ravenswood Generating Station,2500,CT0001,NA,2000,0,0,NA,NA,NA,NA,NA,NA,NA,NA,NA,Pipeline Natural Gas,NA,Combustion turbine,NA,NA,NA,NA,OTC
NY,Ravenswood Generating Station,2500,CT0001,NA,2001,7,7,35,NA,NA,NA,NA,NA,0.101,0.3414,587.9,Pipeline Natural Gas,NA,Combustion turbine,NA,NA,NA,NA,OTC
NY,Ravenswood Generating Station,2500,CT0001,NA,2002,108,108,536,NA,0,0,0,0,1.317,0.2994,8779.4,Pipeline Natural Gas,NA,Combustion turbine,NA,"Water Injection (Began May 01, 2002)",NA,NA,OTC
NY,Ravenswood Generating Station,2500,CT0001,NA,2003,91,91,436,NA,NA,NA,NA,NA,1.602,0.3401,10714,Pipeline Natural Gas,NA,Combustion turbine,NA,"Water Injection (Retired Apr 30, 2003)",NA,NA,NBP
NY,Ravenswood Generating Station,2500,CT0001,NA,2004,14,14,43,NA,NA,NA,NA,NA,0.156,0.2994,1044.2,Pipeline Natural Gas,NA,Combustion turbine,NA,NA,NA,NA,NBP
NY,Ravenswood Generating Station,2500,CT0001,NA,2005,3,3,3,NA,NA,NA,NA,NA,1.806,0.3063,11715.2,Pipeline Natural Gas,NA,Combustion turbine,NA,NA,NA,NA,NBP
NY,Ravenswood Generating Station,2500,CT0001,NA,2006,1,1,3,NA,NA,NA,NA,NA,0.117,0.31,757.2,Pipeline Natural Gas,NA,Combustion turbine,NA,NA,NA,NA,NBP
NY,Ravenswood Generating Station,2500,CT0001,NA,2007,5,5,13,NA,NA,NA,NA,NA,0.754,0.31,4865.4,Pipeline Natural Gas,NA,Combustion turbine,NA,NA,NA,NA,NBP
NY,Ravenswood Generating Station,2500,CT0001,NA,2008,15,15,44,NA,NA,NA,NA,NA,1.471,0.31,9491,Pipeline Natural Gas,NA,Combustion turbine,NA,NA,NA,NA,"CAIROS, NBP"
NY,Ravenswood Generating Station,2500,CT0001,NA,2009,4,4,6,NA,NA,NA,NA,NA,0.129,0.31,832,Pipeline Natural Gas,NA,Combustion turbine,NA,NA,NA,NA,CAIROS
NY,Ravenswood Generating Station,2500,CT0001,NA,2010,3,3,3,NA,NA,NA,NA,NA,0.678,0.31,4377,Pipeline Natural Gas,NA,Combustion turbine,NA,NA,NA,NA,CAIROS
NY,Ravenswood Generating Station,2500,CT0001,NA,2011,7,7,27,NA,NA,NA,NA,NA,0.658,0.31,4244,Pipeline Natural Gas,NA,Combustion turbine,NA,NA,NA,NA,CAIROS
NY,Ravenswood Generating Station,2500,CT0001,NA,2012,136,136,1023,NA,NA,NA,NA,NA,5.692,0.7,16262.9,Pipeline Natural Gas,NA,Combustion turbine,NA,NA,NA,NA,CAIROS
NY,Ravenswood Generating Station,2500,CT0001,NA,2013,66,66,469,NA,NA,NA,NA,NA,1.518,0.6998,4338.7,Pipeline Natural Gas,NA,Combustion turbine,NA,NA,NA,NA,CAIROS
NY,Ravenswood Generating Station,2500,CT0001,NA,2014,5,5,31,NA,NA,NA,NA,NA,0.524,0.7,1496.8,Pipeline Natural Gas,NA,Combustion turbine,NA,NA,NA,NA,CAIROS
NY,Ravenswood Generating Station,2500,CT0001,NA,2015,41,41,335,NA,NA,NA,NA,NA,2.293,0.6999,6549.5,Pipeline Natural Gas,NA,Combustion turbine,NA,NA,NA,NA,SIPNOX
NY,Ravenswood Generating Station,2500,CT0001,NA,2016,36,36,243,NA,NA,NA,NA,NA,1.708,0.7002,4877.9,Pipeline Natural Gas,NA,Combustion turbine,NA,NA,NA,NA,SIPNOX
NY,Ravenswood Generating Station,2500,CT0001,NA,2017,58,58,371,NA,NA,NA,NA,NA,2.751,0.7002,7857.2,Pipeline Natural Gas,NA,Combustion turbine,NA,NA,NA,NA,SIPNOX
NY,Ravenswood Generating Station,2500,CT0001,NA,2018,35,35,212,NA,NA,NA,NA,NA,1.471,0.7001,4201.9,Pipeline Natural Gas,NA,Combustion turbine,NA,NA,NA,NA,SIPNOX
NY,Ravenswood Generating Station,2500,CT0001,NA,2019,9,9,28,NA,NA,NA,NA,NA,1.018,0.7,2909,Pipeline Natural Gas,NA,Combustion turbine,NA,NA,NA,NA,SIPNOX
NY,Ravenswood Generating Station,2500,CT0001,NA,2020,23,23,107,NA,NA,NA,NA,NA,4.409,0.7,12596.8,Pipeline Natural Gas,NA,Combustion turbine,NA,NA,NA,NA,SIPNOX
NY,Ravenswood Generating Station,2500,CT0001,NA,2021,6,6,26,NA,NA,NA,31,0.059,0.184,0.699,525,Pipeline Natural Gas,NA,Combustion turbine,NA,NA,NA,NA,"RGGI, SIPNOX"
NY,Ravenswood Generating Station,2500,CT0001,NA,2022,0,0,NA,NA,NA,NA,NA,NA,NA,NA,NA,Pipeline Natural Gas,NA,Combustion turbine,NA,NA,NA,NA,"RGGI, SIPNOX"
NY,Ravenswood Generating Station,2500,CT0001,NA,2023,0,0,NA,NA,NA,NA,NA,NA,NA,NA,NA,Pipeline Natural Gas,NA,Combustion turbine,NA,NA,NA,NA,"RGGI, SIPNOX"
NY,Ravenswood Generating Station,2500,CT0001,NA,2024,0,0,NA,NA,NA,NA,NA,NA,NA,NA,NA,Pipeline Natural Gas,NA,Combustion turbine,NA,NA,NA,NA,NA
NY,Ravenswood Generating Station,2500,CT0004,NA,1999,256,256,3840,NA,NA,NA,NA,NA,8.691,0.289,60160,Pipeline Natural Gas,Diesel Oil,Combustion turbine,NA,NA,NA,NA,OTC
NY,Ravenswood Generating Station,2500,CT0004,NA,2000,126,126,1938,NA,NA,NA,NA,NA,4.704,0.2891,32549.9,Pipeline Natural Gas,Diesel Oil,Combustion turbine,NA,NA,NA,NA,OTC
NY,Ravenswood Generating Station,2500,CT0004,NA,2001,151,151,1793,NA,NA,NA,NA,NA,5.15,0.3419,30112.1,Pipeline Natural Gas,Diesel Oil,Combustion turbine,NA,NA,NA,NA,OTC
NY,Ravenswood Generating Station,2500,CT0004,NA,2002,60,60,633,NA,0,0,0,0,1.554,0.2998,10354.9,Pipeline Natural Gas,Diesel Oil,Combustion turbine,NA,"Water Injection (Began May 01, 2002)",NA,NA,OTC
NY,Ravenswood Generating Station,2500,CT0004,NA,2003,38,38,392,NA,NA,NA,NA,NA,0.899,0.3026,5951.8,Pipeline Natural Gas,Diesel Oil,Combustion turbine,NA,"Water Injection (Retired Apr 30, 2003)",NA,NA,NBP
NY,Ravenswood Generating Station,2500,CT0004,NA,2004,9,9,70,NA,NA,NA,NA,NA,0.178,0.2988,1190.4,Pipeline Natural Gas,Diesel Oil,Combustion turbine,NA,NA,NA,NA,NBP
NY,Ravenswood Generating Station,2500,CT0004,NA,2005,48,48,446,NA,NA,NA,NA,NA,1.093,0.2989,7308.2,Pipeline Natural Gas,Diesel Oil,Combustion turbine,NA,NA,NA,NA,NBP
NY,Ravenswood Generating Station,2500,CT0004,NA,2006,8,8,53,NA,NA,NA,NA,NA,0.135,0.3103,873.3,Pipeline Natural Gas,Diesel Oil,Combustion turbine,NA,NA,NA,NA,NBP
NY,Ravenswood Generating Station,2500,CT0004,NA,2007,24,24,266,NA,NA,NA,NA,NA,0.57,0.3102,3674.4,Pipeline Natural Gas,Diesel Oil,Combustion turbine,NA,NA,NA,NA,NBP
NY,Ravenswood Generating Station,2500,CT0004,NA,2008,28,28,229,NA,NA,NA,NA,NA,0.492,0.3104,3172.8,Pipeline Natural Gas,Diesel Oil,Combustion turbine,NA,NA,NA,NA,"CAIROS, NBP"
NY,Ravenswood Generating Station,2500,CT0004,NA,2009,7,7,87,NA,NA,NA,NA,NA,0.219,0.365,1199.1,Pipeline Natural Gas,Diesel Oil,Combustion turbine,NA,NA,NA,NA,CAIROS
NY,Ravenswood Generating Station,2500,CT0004,NA,2010,47,47,513,NA,NA,NA,NA,NA,1.271,0.365,6966.9,Pipeline Natural Gas,Diesel Oil,Combustion turbine,NA,NA,NA,NA,CAIROS
NY,Ravenswood Generating Station,2500,CT0004,NA,2011,52,52,543,NA,NA,NA,NA,NA,2.421,0.7,6916.8,Pipeline Natural Gas,Diesel Oil,Combustion turbine,NA,NA,NA,NA,CAIROS
NY,Ravenswood Generating Station,2500,CT0004,NA,2012,81,81,836,NA,NA,NA,NA,NA,4.375,0.7,12498.7,Pipeline Natural Gas,Diesel Oil,Combustion turbine,NA,NA,NA,NA,CAIROS
NY,Ravenswood Generating Station,2500,CT0004,NA,2013,94,94,1158,NA,NA,NA,NA,NA,1.367,0.241,11335.9,Pipeline Natural Gas,Diesel Oil,Combustion turbine,NA,NA,NA,NA,CAIROS
NY,Ravenswood Generating Station,2500,CT0004,NA,2014,13,13,176,NA,NA,NA,NA,NA,0.167,0.241,1383.9,Pipeline Natural Gas,Diesel Oil,Combustion turbine,NA,NA,NA,NA,CAIROS
NY,Ravenswood Generating Station,2500,CT0004,NA,2015,34,34,456,NA,NA,NA,NA,NA,0.951,0.241,7892,Pipeline Natural Gas,Diesel Oil,Combustion turbine,NA,NA,NA,NA,SIPNOX
NY,Ravenswood Generating Station,2500,CT0004,NA,2016,0,0,NA,NA,NA,NA,NA,NA,NA,NA,NA,Pipeline Natural Gas,Diesel Oil,Combustion turbine,NA,NA,NA,NA,SIPNOX
NY,Ravenswood Generating Station,2500,CT0004,NA,2017,0,0,NA,NA,NA,NA,NA,NA,NA,NA,NA,Pipeline Natural Gas,Diesel Oil,Combustion turbine,NA,NA,NA,NA,SIPNOX
NY,Ravenswood Generating Station,2500,CT0004,NA,2018,0,0,NA,NA,NA,NA,NA,NA,NA,NA,NA,Pipeline Natural Gas,Diesel Oil,Combustion turbine,NA,NA,NA,NA,SIPNOX
NY,Ravenswood Generating Station,2500,CT0004,NA,2019,0,0,NA,NA,NA,NA,NA,NA,NA,NA,NA,Pipeline Natural Gas,Diesel Oil,Combustion turbine,NA,NA,NA,NA,SIPNOX
NY,Ravenswood Generating Station,2500,CT0004,NA,2020,0,0,NA,NA,NA,NA,NA,NA,NA,NA,NA,Pipeline Natural Gas,Diesel Oil,Combustion turbine,NA,NA,NA,NA,SIPNOX
NY,Ravenswood Generating Station,2500,CT0005,NA,1999,247,247,3705,NA,NA,NA,NA,NA,8.707,0.3,58045,Pipeline Natural Gas,Diesel Oil,Combustion turbine,NA,NA,NA,NA,OTC
NY,Ravenswood Generating Station,2500,CT0005,NA,2000,111,111,1324,NA,NA,NA,NA,NA,3.336,0.3001,22239.6,Pipeline Natural Gas,Diesel Oil,Combustion turbine,NA,NA,NA,NA,OTC
NY,Ravenswood Generating Station,2500,CT0005,NA,2001,137,137,1462,NA,NA,NA,NA,NA,4.199,0.3418,24554.9,Pipeline Natural Gas,Diesel Oil,Combustion turbine,NA,NA,NA,NA,OTC
NY,Ravenswood Generating Station,2500,CT0005,NA,2002,158,158,1678,NA,0,0,0,0,4.092,0.2993,27324.2,Pipeline Natural Gas,Diesel Oil,Combustion turbine,NA,"Water Injection (Began May 01, 2002)",NA,NA,OTC
NY,Ravenswood Generating Station,2500,CT0005,NA,2003,32,32,354,NA,NA,NA,NA,NA,1.198,0.3884,6044,Pipeline Natural Gas,Diesel Oil,Combustion turbine,NA,"Water Injection (Retired Apr 30, 2003)",NA,NA,NBP
NY,Ravenswood Generating Station,2500,CT0005,NA,2004,NA,NA,NA,NA,NA,NA,NA,NA,NA,NA,NA,Pipeline Natural Gas,Diesel Oil,Combustion turbine,NA,NA,NA,NA,NBP
NY,Ravenswood Generating Station,2500,CT0005,NA,2005,42,42,450,NA,NA,NA,NA,NA,1.113,0.3002,7412.5,Pipeline Natural Gas,Diesel Oil,Combustion turbine,NA,NA,NA,NA,NBP
NY,Ravenswood Generating Station,2500,CT0005,NA,2006,43,43,448,NA,NA,NA,NA,NA,1.147,0.3101,7396.1,Pipeline Natural Gas,Diesel Oil,Combustion turbine,NA,NA,NA,NA,NBP
NY,Ravenswood Generating Station,2500,CT0005,NA,2007,39,39,393,NA,NA,NA,NA,NA,0.842,0.3099,5428.3,Pipeline Natural Gas,Diesel Oil,Combustion turbine,NA,NA,NA,NA,NBP
NY,Ravenswood Generating Station,2500,CT0005,NA,2008,15,15,134,NA,NA,NA,NA,NA,0.287,0.3101,1850.5,Pipeline Natural Gas,Diesel Oil,Combustion turbine,NA,NA,NA,NA,"CAIROS, NBP"
NY,Ravenswood Generating Station,2500,CT0005,NA,2009,9,9,107,NA,NA,NA,NA,NA,0.267,0.365,1462.1,Pipeline Natural Gas,Diesel Oil,Combustion turbine,NA,NA,NA,NA,CAIROS
NY,Ravenswood Generating Station,2500,CT0005,NA,2010,45,45,506,NA,NA,NA,NA,NA,1.261,0.365,6907.2,Pipeline Natural Gas,Diesel Oil,Combustion turbine,NA,NA,NA,NA,CAIROS
NY,Ravenswood Generating Station,2500,CT0005,NA,2011,61,61,694,NA,NA,NA,NA,NA,3.102,0.7,8864.7,Pipeline Natural Gas,Diesel Oil,Combustion turbine,NA,NA,NA,NA,CAIROS
NY,Ravenswood Generating Station,2500,CT0005,NA,2012,73,73,723,NA,NA,NA,NA,NA,3.627,0.7001,10360.2,Pipeline Natural Gas,Diesel Oil,Combustion turbine,NA,NA,NA,NA,CAIROS
NY,Ravenswood Generating Station,2500,CT0005,NA,2013,6,6,66,NA,NA,NA,NA,NA,0.095,0.241,792,Pipeline Natural Gas,Diesel Oil,Combustion turbine,NA,NA,NA,NA,CAIROS
NY,Ravenswood Generating Station,2500,CT0005,NA,2014,20,20,242,NA,NA,NA,NA,NA,0.27,0.241,2242.2,Pipeline Natural Gas,Diesel Oil,Combustion turbine,NA,NA,NA,NA,CAIROS
NY,Ravenswood Generating Station,2500,CT0005,NA,2015,30,30,368,NA,NA,NA,NA,NA,0.819,0.241,6798,Pipeline Natural Gas,Diesel Oil,Combustion turbine,NA,NA,NA,NA,SIPNOX
NY,Ravenswood Generating Station,2500,CT0005,NA,2016,0,0,NA,NA,NA,NA,NA,NA,NA,NA,NA,Pipeline Natural Gas,Diesel Oil,Combustion turbine,NA,NA,NA,NA,SIPNOX
NY,Ravenswood Generating Station,2500,CT0005,NA,2017,0,0,NA,NA,NA,NA,NA,NA,NA,NA,NA,Pipeline Natural Gas,Diesel Oil,Combustion turbine,NA,NA,NA,NA,SIPNOX
NY,Ravenswood Generating Station,2500,CT0005,NA,2018,0,0,NA,NA,NA,NA,NA,NA,NA,NA,NA,Pipeline Natural Gas,Diesel Oil,Combustion turbine,NA,NA,NA,NA,SIPNOX
NY,Ravenswood Generating Station,2500,CT0005,NA,2019,0,0,NA,NA,NA,NA,NA,NA,NA,NA,NA,Pipeline Natural Gas,Diesel Oil,Combustion turbine,NA,NA,NA,NA,SIPNOX
NY,Ravenswood Generating Station,2500,CT0005,NA,2020,0,0,NA,NA,NA,NA,NA,NA,NA,NA,NA,Pipeline Natural Gas,Diesel Oil,Combustion turbine,NA,NA,NA,NA,SIPNOX
NY,Ravenswood Generating Station,2500,CT0006,NA,1999,263,263,4425,NA,NA,NA,NA,NA,11.362,0.36,63120,Pipeline Natural Gas,Diesel Oil,Combustion turbine,NA,NA,NA,NA,OTC
NY,Ravenswood Generating Station,2500,CT0006,NA,2000,79,79,992,NA,NA,NA,NA,NA,3,0.3599,16660.2,Pipeline Natural Gas,Diesel Oil,Combustion turbine,NA,NA,NA,NA,OTC
NY,Ravenswood Generating Station,2500,CT0006,NA,2001,208,208,2540,NA,NA,NA,NA,NA,5.76,0.27,42656.5,Pipeline Natural Gas,Diesel Oil,Combustion turbine,NA,NA,NA,NA,OTC
NY,Ravenswood Generating Station,2500,CT0006,NA,2002,154,154,1670,NA,0,0,0,0,4.069,0.3022,26917.6,Pipeline Natural Gas,Diesel Oil,Combustion turbine,NA,"Water Injection (Began May 01, 2002)",NA,NA,OTC
NY,Ravenswood Generating Station,2500,CT0006,NA,2003,51,51,559,NA,NA,NA,NA,NA,1.889,0.3086,12303.7,Pipeline Natural Gas,Diesel Oil,Combustion turbine,NA,"Water Injection (Retired Apr 30, 2003)",NA,NA,NBP
NY,Ravenswood Generating Station,2500,CT0006,NA,2004,12,12,100,NA,NA,NA,NA,NA,0.212,0.281,1511.3,Pipeline Natural Gas,Diesel Oil,Combustion turbine,NA,NA,NA,NA,NBP
NY,Ravenswood Generating Station,2500,CT0006,NA,2005,59,59,665,NA,NA,NA,NA,NA,1.626,0.2979,10908.8,Pipeline Natural Gas,Diesel Oil,Combustion turbine,NA,NA,NA,NA,NBP
NY,Ravenswood Generating Station,2500,CT0006,NA,2006,59,59,506,NA,NA,NA,NA,NA,1.23,0.2999,8200.4,Pipeline Natural Gas,Diesel Oil,Combustion turbine,NA,NA,NA,NA,NBP
NY,Ravenswood Generating Station,2500,CT0006,NA,2007,36,36,354,NA,NA,NA,NA,NA,0.72,0.2997,4802,Pipeline Natural Gas,Diesel Oil,Combustion turbine,NA,NA,NA,NA,NBP
NY,Ravenswood Generating Station,2500,CT0006,NA,2008,27,27,259,NA,NA,NA,NA,NA,0.537,0.2999,3581.6,Pipeline Natural Gas,Diesel Oil,Combustion turbine,NA,NA,NA,NA,"CAIROS, NBP"
NY,Ravenswood Generating Station,2500,CT0006,NA,2009,15,15,184,NA,NA,NA,NA,NA,0.468,0.365,2567,Pipeline Natural Gas,Diesel Oil,Combustion turbine,NA,NA,NA,NA,CAIROS
NY,Ravenswood Generating Station,2500,CT0006,NA,2010,53,53,631,NA,NA,NA,NA,NA,1.636,0.365,8963.7,Pipeline Natural Gas,Diesel Oil,Combustion turbine,NA,NA,NA,NA,CAIROS
NY,Ravenswood Generating Station,2500,CT0006,NA,2011,66,66,757,NA,NA,NA,NA,NA,3.382,0.7,9663,Pipeline Natural Gas,Diesel Oil,Combustion turbine,NA,NA,NA,NA,CAIROS
NY,Ravenswood Generating Station,2500,CT0006,NA,2012,72,72,734,NA,NA,NA,NA,NA,3.327,0.7282,9123.8,Pipeline Natural Gas,Diesel Oil,Combustion turbine,NA,NA,NA,NA,CAIROS
NY,Ravenswood Generating Station,2500,CT0006,NA,2013,104,104,944,NA,NA,NA,NA,NA,1.256,0.2933,8561.4,Pipeline Natural Gas,Diesel Oil,Combustion turbine,NA,NA,NA,NA,CAIROS
NY,Ravenswood Generating Station,2500,CT0006,NA,2014,30,30,356,NA,NA,NA,NA,NA,0.448,0.2929,3055.8,Pipeline Natural Gas,Diesel Oil,Combustion turbine,NA,NA,NA,NA,CAIROS
NY,Ravenswood Generating Station,2500,CT0006,NA,2015,43,43,526,NA,NA,NA,NA,NA,1.186,0.2931,8093.7,Pipeline Natural Gas,Diesel Oil,Combustion turbine,NA,NA,NA,NA,SIPNOX
NY,Ravenswood Generating Station,2500,CT0006,NA,2016,0,0,NA,NA,NA,NA,NA,NA,NA,NA,NA,Pipeline Natural Gas,Diesel Oil,Combustion turbine,NA,NA,NA,NA,SIPNOX
NY,Ravenswood Generating Station,2500,CT0006,NA,2017,0,0,NA,NA,NA,NA,NA,NA,NA,NA,NA,Pipeline Natural Gas,Diesel Oil,Combustion turbine,NA,NA,NA,NA,SIPNOX
NY,Ravenswood Generating Station,2500,CT0006,NA,2018,0,0,NA,NA,NA,NA,NA,NA,NA,NA,NA,Pipeline Natural Gas,Diesel Oil,Combustion turbine,NA,NA,NA,NA,SIPNOX
NY,Ravenswood Generating Station,2500,CT0006,NA,2019,0,0,NA,NA,NA,NA,NA,NA,NA,NA,NA,Pipeline Natural Gas,Diesel Oil,Combustion turbine,NA,NA,NA,NA,SIPNOX
NY,Ravenswood Generating Station,2500,CT0006,NA,2020,0,0,NA,NA,NA,NA,NA,NA,NA,NA,NA,Pipeline Natural Gas,Diesel Oil,Combustion turbine,NA,NA,NA,NA,SIPNOX
NY,Ravenswood Generating Station,2500,CT0007,NA,1999,248,248,4182,NA,NA,NA,NA,NA,10.714,0.36,59520,Pipeline Natural Gas,Diesel Oil,Combustion turbine,NA,NA,NA,NA,OTC
NY,Ravenswood Generating Station,2500,CT0007,NA,2000,131,131,1591,NA,NA,NA,NA,NA,4.81,0.3598,26720.3,Pipeline Natural Gas,Diesel Oil,Combustion turbine,NA,NA,NA,NA,OTC
NY,Ravenswood Generating Station,2500,CT0007,NA,2001,205,205,2478,NA,NA,NA,NA,NA,5.618,0.27,41617.2,Pipeline Natural Gas,Diesel Oil,Combustion turbine,NA,NA,NA,NA,OTC
NY,Ravenswood Generating Station,2500,CT0007,NA,2002,176,176,2041,NA,0,0,0,0,4.942,0.3023,32696.3,Pipeline Natural Gas,Diesel Oil,Combustion turbine,NA,"Water Injection (Began May 01, 2002)",NA,NA,OTC
NY,Ravenswood Generating Station,2500,CT0007,NA,2003,24,24,186,NA,NA,NA,NA,NA,0.773,0.3912,3996.7,Pipeline Natural Gas,Diesel Oil,Combustion turbine,NA,"Water Injection (Retired Apr 30, 2003)",NA,NA,NBP
NY,Ravenswood Generating Station,2500,CT0007,NA,2004,NA,NA,NA,NA,NA,NA,NA,NA,NA,NA,NA,Pipeline Natural Gas,Diesel Oil,Combustion turbine,NA,NA,NA,NA,NBP
NY,Ravenswood Generating Station,2500,CT0007,NA,2005,39,39,349,NA,NA,NA,NA,NA,0.86,0.297,5774.3,Pipeline Natural Gas,Diesel Oil,Combustion turbine,NA,NA,NA,NA,NBP
NY,Ravenswood Generating Station,2500,CT0007,NA,2006,69,69,845,NA,NA,NA,NA,NA,2.033,0.3,13556.3,Pipeline Natural Gas,Diesel Oil,Combustion turbine,NA,NA,NA,NA,NBP
NY,Ravenswood Generating Station,2500,CT0007,NA,2007,35,35,342,NA,NA,NA,NA,NA,0.692,0.2999,4613.5,Pipeline Natural Gas,Diesel Oil,Combustion turbine,NA,NA,NA,NA,NBP
NY,Ravenswood Generating Station,2500,CT0007,NA,2008,23,23,206,NA,NA,NA,NA,NA,0.431,0.2999,2875.4,Pipeline Natural Gas,Diesel Oil,Combustion turbine,NA,NA,NA,NA,"CAIROS, NBP"
NY,Ravenswood Generating Station,2500,CT0007,NA,2009,12,12,142,NA,NA,NA,NA,NA,0.361,0.3652,1979.9,Pipeline Natural Gas,Diesel Oil,Combustion turbine,NA,NA,NA,NA,CAIROS
NY,Ravenswood Generating Station,2500,CT0007,NA,2010,35,35,381,NA,NA,NA,NA,NA,0.947,0.365,5189.5,Pipeline Natural Gas,Diesel Oil,Combustion turbine,NA,NA,NA,NA,CAIROS
NY,Ravenswood Generating Station,2500,CT0007,NA,2011,34,34,381,NA,NA,NA,NA,NA,1.702,0.7,4864.3,Pipeline Natural Gas,Diesel Oil,Combustion turbine,NA,NA,NA,NA,CAIROS
NY,Ravenswood Generating Station,2500,CT0007,NA,2012,30,30,243,NA,NA,NA,NA,NA,0.963,0.7,2752.5,Pipeline Natural Gas,Diesel Oil,Combustion turbine,NA,NA,NA,NA,CAIROS
NY,Ravenswood Generating Station,2500,CT0007,NA,2013,6,6,63,NA,NA,NA,NA,NA,0.084,0.2932,573.9,Pipeline Natural Gas,Diesel Oil,Combustion turbine,NA,NA,NA,NA,CAIROS
NY,Ravenswood Generating Station,2500,CT0007,NA,2014,0,0,NA,NA,NA,NA,NA,NA,NA,NA,NA,Pipeline Natural Gas,Diesel Oil,Combustion turbine,NA,NA,NA,NA,CAIROS
NY,Ravenswood Generating Station,2500,CT0007,NA,2015,0,0,NA,NA,NA,NA,NA,NA,NA,NA,NA,Pipeline Natural Gas,Diesel Oil,Combustion turbine,NA,NA,NA,NA,SIPNOX
NY,Ravenswood Generating Station,2500,CT0007,NA,2016,0,0,NA,NA,NA,NA,NA,NA,NA,NA,NA,Pipeline Natural Gas,Diesel Oil,Combustion turbine,NA,NA,NA,NA,SIPNOX
NY,Ravenswood Generating Station,2500,CT0007,NA,2017,0,0,NA,NA,NA,NA,NA,NA,NA,NA,NA,Pipeline Natural Gas,Diesel Oil,Combustion turbine,NA,NA,NA,NA,SIPNOX
NY,Ravenswood Generating Station,2500,CT0007,NA,2018,0,0,NA,NA,NA,NA,NA,NA,NA,NA,NA,Pipeline Natural Gas,Diesel Oil,Combustion turbine,NA,NA,NA,NA,SIPNOX
NY,Ravenswood Generating Station,2500,CT0007,NA,2019,0,0,NA,NA,NA,NA,NA,NA,NA,NA,NA,Pipeline Natural Gas,Diesel Oil,Combustion turbine,NA,NA,NA,NA,SIPNOX
NY,Ravenswood Generating Station,2500,CT0007,NA,2020,0,0,NA,NA,NA,NA,NA,NA,NA,NA,NA,Pipeline Natural Gas,Diesel Oil,Combustion turbine,NA,NA,NA,NA,SIPNOX
NY,Ravenswood Generating Station,2500,CT0008,NA,1999,209,209,3971,NA,NA,NA,NA,NA,12.122,0.455,53295,Pipeline Natural Gas,Diesel Oil,Combustion turbine,NA,NA,NA,NA,OTC
NY,Ravenswood Generating Station,2500,CT0008,NA,2000,266,266,3447,NA,NA,NA,NA,NA,11.397,0.455,50089.9,Pipeline Natural Gas,Diesel Oil,Combustion turbine,NA,NA,NA,NA,OTC
NY,Ravenswood Generating Station,2500,CT0008,NA,2001,327,327,4449,NA,NA,NA,NA,NA,13.738,0.425,64648.5,Pipeline Natural Gas,Diesel Oil,Combustion turbine,NA,NA,NA,NA,OTC
NY,Ravenswood Generating Station,2500,CT0008,NA,2002,205,205,3127,NA,0,0,0,0,10.438,0.4764,43813.6,Pipeline Natural Gas,Diesel Oil,Combustion turbine,NA,"Water Injection (Began May 01, 2002)",NA,NA,OTC
NY,Ravenswood Generating Station,2500,CT0008,NA,2003,178,178,2736,NA,NA,NA,NA,NA,9.736,0.476,40906.2,Pipeline Natural Gas,Diesel Oil,Combustion turbine,NA,"Water Injection (Retired Apr 30, 2003)",NA,NA,NBP
NY,Ravenswood Generating Station,2500,CT0008,NA,2004,96,96,1347,NA,NA,NA,NA,NA,7.608,0.4893,31153,Pipeline Natural Gas,Diesel Oil,Combustion turbine,NA,NA,NA,NA,NBP
NY,Ravenswood Generating Station,2500,CT0008,NA,2005,69,69,957,NA,NA,NA,NA,NA,3.812,0.492,15496,Pipeline Natural Gas,Diesel Oil,Combustion turbine,NA,NA,NA,NA,NBP
NY,Ravenswood Generating Station,2500,CT0008,NA,2006,0,0,NA,NA,NA,NA,NA,NA,NA,NA,NA,Pipeline Natural Gas,Diesel Oil,Combustion turbine,NA,NA,NA,NA,NBP
NY,Ravenswood Generating Station,2500,CT0008,NA,2007,0,0,NA,NA,NA,NA,NA,NA,NA,NA,NA,Pipeline Natural Gas,Diesel Oil,Combustion turbine,NA,NA,NA,NA,NBP
NY,Ravenswood Generating Station,2500,CT0008,NA,2008,0,0,NA,NA,NA,NA,NA,NA,NA,NA,NA,Pipeline Natural Gas,Diesel Oil,Combustion turbine,NA,NA,NA,NA,"CAIROS, NBP"
NY,Ravenswood Generating Station,2500,CT0008,NA,2009,0,0,NA,NA,NA,NA,NA,NA,NA,NA,NA,Pipeline Natural Gas,Diesel Oil,Combustion turbine,NA,NA,NA,NA,CAIROS
NY,Ravenswood Generating Station,2500,CT0008,NA,2010,0,0,NA,NA,NA,NA,NA,NA,NA,NA,NA,Pipeline Natural Gas,Diesel Oil,Combustion turbine,NA,NA,NA,NA,CAIROS
NY,Ravenswood Generating Station,2500,CT0008,NA,2011,0,0,NA,NA,NA,NA,NA,NA,NA,NA,NA,Pipeline Natural Gas,Diesel Oil,Combustion turbine,NA,NA,NA,NA,CAIROS
NY,Ravenswood Generating Station,2500,CT0008,NA,2012,0,0,NA,NA,NA,NA,NA,NA,NA,NA,NA,Pipeline Natural Gas,Diesel Oil,Combustion turbine,NA,NA,NA,NA,CAIROS
NY,Ravenswood Generating Station,2500,CT0008,NA,2013,0,0,NA,NA,NA,NA,NA,NA,NA,NA,NA,Pipeline Natural Gas,Diesel Oil,Combustion turbine,NA,NA,NA,NA,CAIROS
NY,Ravenswood Generating Station,2500,CT0008,NA,2014,0,0,NA,NA,NA,NA,NA,NA,NA,NA,NA,Pipeline Natural Gas,Diesel Oil,Combustion turbine,NA,NA,NA,NA,CAIROS
NY,Ravenswood Generating Station,2500,CT0008,NA,2015,0,0,NA,NA,NA,NA,NA,NA,NA,NA,NA,Pipeline Natural Gas,Diesel Oil,Combustion turbine,NA,NA,NA,NA,SIPNOX
NY,Ravenswood Generating Station,2500,CT0008,NA,2016,0,0,NA,NA,NA,NA,NA,NA,NA,NA,NA,Pipeline Natural Gas,Diesel Oil,Combustion turbine,NA,NA,NA,NA,SIPNOX
NY,Ravenswood Generating Station,2500,CT0008,NA,2017,0,0,NA,NA,NA,NA,NA,NA,NA,NA,NA,Pipeline Natural Gas,Diesel Oil,Combustion turbine,NA,NA,NA,NA,SIPNOX
NY,Ravenswood Generating Station,2500,CT0008,NA,2018,0,0,NA,NA,NA,NA,NA,NA,NA,NA,NA,Pipeline Natural Gas,Diesel Oil,Combustion turbine,NA,NA,NA,NA,SIPNOX
NY,Ravenswood Generating Station,2500,CT0008,NA,2019,0,0,NA,NA,NA,NA,NA,NA,NA,NA,NA,Pipeline Natural Gas,Diesel Oil,Combustion turbine,NA,NA,NA,NA,SIPNOX
NY,Ravenswood Generating Station,2500,CT0008,NA,2020,0,0,NA,NA,NA,NA,NA,NA,NA,NA,NA,Pipeline Natural Gas,Diesel Oil,Combustion turbine,NA,NA,NA,NA,SIPNOX
NY,Ravenswood Generating Station,2500,CT0009,NA,1999,216,216,4104,NA,NA,NA,NA,NA,12.528,0.455,55080,Pipeline Natural Gas,Diesel Oil,Combustion turbine,NA,NA,NA,NA,OTC
NY,Ravenswood Generating Station,2500,CT0009,NA,2000,249,249,3589,NA,NA,NA,NA,NA,11.986,0.455,52688.1,Pipeline Natural Gas,Diesel Oil,Combustion turbine,NA,NA,NA,NA,OTC
NY,Ravenswood Generating Station,2500,CT0009,NA,2001,327,327,4726,NA,NA,NA,NA,NA,14.743,0.425,69380.5,Pipeline Natural Gas,Diesel Oil,Combustion turbine,NA,NA,NA,NA,OTC
NY,Ravenswood Generating Station,2500,CT0009,NA,2002,218,218,3353,NA,0,0,0,0,11.309,0.4763,47478.6,Pipeline Natural Gas,Diesel Oil,Combustion turbine,NA,"Water Injection (Began May 01, 2002)",NA,NA,OTC
NY,Ravenswood Generating Station,2500,CT0009,NA,2003,168,168,2756,NA,NA,NA,NA,NA,9.937,0.476,41756.4,Pipeline Natural Gas,Diesel Oil,Combustion turbine,NA,"Water Injection (Retired Apr 30, 2003)",NA,NA,NBP
NY,Ravenswood Generating Station,2500,CT0009,NA,2004,85,85,1252,NA,NA,NA,NA,NA,6.766,0.4898,27673.7,Pipeline Natural Gas,Diesel Oil,Combustion turbine,NA,NA,NA,NA,NBP
NY,Ravenswood Generating Station,2500,CT0009,NA,2005,118,118,1618,NA,NA,NA,NA,NA,6.5,0.492,26422.4,Pipeline Natural Gas,Diesel Oil,Combustion turbine,NA,NA,NA,NA,NBP
NY,Ravenswood Generating Station,2500,CT0009,NA,2006,145,145,1677,NA,NA,NA,NA,NA,6.528,0.492,26533.6,Pipeline Natural Gas,Diesel Oil,Combustion turbine,NA,NA,NA,NA,NBP
NY,Ravenswood Generating Station,2500,CT0009,NA,2007,148,148,2470,NA,NA,NA,NA,NA,8.159,0.4919,33166.7,Pipeline Natural Gas,Diesel Oil,Combustion turbine,NA,NA,NA,NA,NBP
NY,Ravenswood Generating Station,2500,CT0009,NA,2008,95,95,1559,NA,NA,NA,NA,NA,4.143,0.4264,19622.4,Pipeline Natural Gas,Diesel Oil,Combustion turbine,NA,NA,NA,NA,"CAIROS, NBP"
NY,Ravenswood Generating Station,2500,CT0009,NA,2009,51,51,934,NA,NA,NA,NA,NA,2.953,0.467,12644.2,Pipeline Natural Gas,Diesel Oil,Combustion turbine,NA,NA,NA,NA,CAIROS
NY,Ravenswood Generating Station,2500,CT0009,NA,2010,89,89,1567,NA,NA,NA,NA,NA,4.078,0.431,19162.2,Pipeline Natural Gas,Diesel Oil,Combustion turbine,NA,NA,NA,NA,CAIROS
NY,Ravenswood Generating Station,2500,CT0009,NA,2011,144,144,2360,NA,NA,NA,NA,NA,10.537,0.7,30104.4,Pipeline Natural Gas,Diesel Oil,Combustion turbine,NA,NA,NA,NA,CAIROS
NY,Ravenswood Generating Station,2500,CT0009,NA,2012,170,170,2596,NA,NA,NA,NA,NA,12.073,0.7,34499.6,Pipeline Natural Gas,Diesel Oil,Combustion turbine,NA,NA,NA,NA,CAIROS
NY,Ravenswood Generating Station,2500,CT0009,NA,2013,149,149,2419,NA,NA,NA,NA,NA,5.568,0.56,19889.7,Pipeline Natural Gas,Diesel Oil,Combustion turbine,NA,NA,NA,NA,CAIROS
NY,Ravenswood Generating Station,2500,CT0009,NA,2014,78,78,1326,NA,NA,NA,NA,NA,3.375,0.5601,12050.6,Pipeline Natural Gas,Diesel Oil,Combustion turbine,NA,NA,NA,NA,CAIROS
NY,Ravenswood Generating Station,2500,CT0009,NA,2015,123,123,2097,NA,NA,NA,NA,NA,5.41,0.56,19317.8,Pipeline Natural Gas,Diesel Oil,Combustion turbine,NA,NA,NA,NA,SIPNOX
NY,Ravenswood Generating Station,2500,CT0009,NA,2016,143,143,2331,NA,NA,NA,NA,NA,6.822,0.56,24362.8,Pipeline Natural Gas,Diesel Oil,Combustion turbine,NA,NA,NA,NA,SIPNOX
NY,Ravenswood Generating Station,2500,CT0009,NA,2017,6,6,110,NA,NA,NA,NA,NA,0.157,0.43,731.9,Pipeline Natural Gas,Diesel Oil,Combustion turbine,NA,NA,NA,NA,SIPNOX
NY,Ravenswood Generating Station,2500,CT0009,NA,2018,0,0,NA,NA,NA,NA,NA,NA,NA,NA,NA,Pipeline Natural Gas,Diesel Oil,Combustion turbine,NA,NA,NA,NA,SIPNOX
NY,Ravenswood Generating Station,2500,CT0009,NA,2019,0,0,NA,NA,NA,NA,NA,NA,NA,NA,NA,Pipeline Natural Gas,Diesel Oil,Combustion turbine,NA,NA,NA,NA,SIPNOX
NY,Ravenswood Generating Station,2500,CT0009,NA,2020,0,0,NA,NA,NA,NA,NA,NA,NA,NA,NA,Pipeline Natural Gas,Diesel Oil,Combustion turbine,NA,NA,NA,NA,SIPNOX
NY,Ravenswood Generating Station,2500,CT0010,NA,1999,230,230,4370,NA,NA,NA,NA,NA,13.34,0.455,58650,Pipeline Natural Gas,Diesel Oil,Combustion turbine,NA,NA,NA,NA,OTC
NY,Ravenswood Generating Station,2500,CT0010,NA,2000,263,263,3611,NA,NA,NA,NA,NA,11.62,0.455,51072.6,Pipeline Natural Gas,Diesel Oil,Combustion turbine,NA,NA,NA,NA,OTC
NY,Ravenswood Generating Station,2500,CT0010,NA,2001,336,336,4958,NA,NA,NA,NA,NA,14.904,0.425,70123.4,Pipeline Natural Gas,Diesel Oil,Combustion turbine,NA,NA,NA,NA,OTC
NY,Ravenswood Generating Station,2500,CT0010,NA,2002,215,215,2955,NA,0,0,0,0,9.652,0.4764,40520.9,Pipeline Natural Gas,Diesel Oil,Combustion turbine,NA,"Water Injection (Began May 01, 2002)",NA,NA,OTC
NY,Ravenswood Generating Station,2500,CT0010,NA,2003,158,158,2319,NA,NA,NA,NA,NA,8.416,0.476,35362.5,Pipeline Natural Gas,Diesel Oil,Combustion turbine,NA,"Water Injection (Retired Apr 30, 2003)",NA,NA,NBP
NY,Ravenswood Generating Station,2500,CT0010,NA,2004,85,85,1072,NA,NA,NA,NA,NA,5.755,0.489,23625.8,Pipeline Natural Gas,Diesel Oil,Combustion turbine,NA,NA,NA,NA,NBP
NY,Ravenswood Generating Station,2500,CT0010,NA,2005,135,135,1715,NA,NA,NA,NA,NA,6.888,0.492,28003.9,Pipeline Natural Gas,Diesel Oil,Combustion turbine,NA,NA,NA,NA,NBP
NY,Ravenswood Generating Station,2500,CT0010,NA,2006,135,135,1564,NA,NA,NA,NA,NA,6.116,0.492,24859.8,Pipeline Natural Gas,Diesel Oil,Combustion turbine,NA,NA,NA,NA,NBP
NY,Ravenswood Generating Station,2500,CT0010,NA,2007,138,138,2112,NA,NA,NA,NA,NA,7.051,0.492,28660.4,Pipeline Natural Gas,Diesel Oil,Combustion turbine,NA,NA,NA,NA,NBP
NY,Ravenswood Generating Station,2500,CT0010,NA,2008,1544,1544,1160,NA,NA,NA,NA,NA,3.114,0.4365,14375.8,Pipeline Natural Gas,Diesel Oil,Combustion turbine,NA,NA,NA,NA,"CAIROS, NBP"
NY,Ravenswood Generating Station,2500,CT0010,NA,2009,22,22,286,NA,NA,NA,NA,NA,0.871,0.4671,3731.7,Pipeline Natural Gas,Diesel Oil,Combustion turbine,NA,NA,NA,NA,CAIROS
NY,Ravenswood Generating Station,2500,CT0010,NA,2010,174,174,2769,NA,NA,NA,NA,NA,9.103,0.467,38973.1,Pipeline Natural Gas,Diesel Oil,Combustion turbine,NA,NA,NA,NA,CAIROS
NY,Ravenswood Generating Station,2500,CT0010,NA,2011,130,130,1975,NA,NA,NA,NA,NA,8.836,0.7,25243.1,Pipeline Natural Gas,Diesel Oil,Combustion turbine,NA,NA,NA,NA,CAIROS
NY,Ravenswood Generating Station,2500,CT0010,NA,2012,165,165,2578,NA,NA,NA,NA,NA,11.873,0.7,33924,Pipeline Natural Gas,Diesel Oil,Combustion turbine,NA,NA,NA,NA,CAIROS
NY,Ravenswood Generating Station,2500,CT0010,NA,2013,58,58,957,NA,NA,NA,NA,NA,1.733,0.35,9904.2,Pipeline Natural Gas,Diesel Oil,Combustion turbine,NA,NA,NA,NA,CAIROS
NY,Ravenswood Generating Station,2500,CT0010,NA,2014,28,28,453,NA,NA,NA,NA,NA,0.57,0.3497,3258.7,Pipeline Natural Gas,Diesel Oil,Combustion turbine,NA,NA,NA,NA,CAIROS
NY,Ravenswood Generating Station,2500,CT0010,NA,2015,112,112,2048,NA,NA,NA,NA,NA,6.218,0.35,35533.2,Pipeline Natural Gas,Diesel Oil,Combustion turbine,NA,NA,NA,NA,SIPNOX
NY,Ravenswood Generating Station,2500,CT0010,NA,2016,135,135,2356,NA,NA,NA,NA,NA,4.67,0.35,26678.2,Pipeline Natural Gas,Diesel Oil,Combustion turbine,NA,NA,NA,NA,SIPNOX
NY,Ravenswood Generating Station,2500,CT0010,NA,2017,124,124,2298,NA,NA,NA,NA,NA,4.982,0.43,23172.9,Pipeline Natural Gas,Diesel Oil,Combustion turbine,NA,NA,NA,NA,SIPNOX
NY,Ravenswood Generating Station,2500,CT0010,NA,2018,134,134,2346,NA,NA,NA,NA,NA,5.12,0.43,23813.4,Pipeline Natural Gas,Diesel Oil,Combustion turbine,NA,NA,NA,NA,SIPNOX
NY,Ravenswood Generating Station,2500,CT0010,NA,2019,67,67,1068,NA,NA,NA,NA,NA,2.669,0.43,12413.8,Pipeline Natural Gas,Diesel Oil,Combustion turbine,NA,NA,NA,NA,SIPNOX
NY,Ravenswood Generating Station,2500,CT0010,NA,2020,87,87,883,NA,NA,NA,NA,NA,2.945,0.4297,13700.6,Pipeline Natural Gas,Diesel Oil,Combustion turbine,NA,NA,NA,NA,SIPNOX
NY,Ravenswood Generating Station,2500,CT0010,NA,2021,86,86,902,NA,NA,NA,885,0.0597,3.394,0.457,14793.2,Pipeline Natural Gas,Diesel Oil,Combustion turbine,NA,NA,NA,NA,"RGGI, SIPNOX"
NY,Ravenswood Generating Station,2500,CT0010,NA,2022,284,284,4029,NA,NA,NA,3849.2,0.0591,18.593,0.5703,65211.9,Pipeline Natural Gas,Diesel Oil,Combustion turbine,NA,NA,NA,NA,"RGGI, SIPNOX"
NY,Ravenswood Generating Station,2500,CT0010,NA,2023,75,75,786,NA,NA,NA,675.9,0.0591,2.652,0.4626,11457.1,Pipeline Natural Gas,Diesel Oil,Combustion turbine,NA,NA,NA,NA,"RGGI, SIPNOX"
NY,Ravenswood Generating Station,2500,CT0010,NA,2024,0,0,NA,NA,NA,NA,NA,NA,NA,NA,NA,Pipeline Natural Gas,Diesel Oil,Combustion turbine,NA,NA,NA,NA,NA
NY,Ravenswood Generating Station,2500,CT0011,NA,1999,197,197,3743,NA,NA,NA,NA,NA,11.426,0.455,50235,Pipeline Natural Gas,Diesel Oil,Combustion turbine,NA,NA,NA,NA,OTC
NY,Ravenswood Generating Station,2500,CT0011,NA,2000,262,262,3964,NA,NA,NA,NA,NA,12.671,0.4551,55687.2,Pipeline Natural Gas,Diesel Oil,Combustion turbine,NA,NA,NA,NA,OTC
NY,Ravenswood Generating Station,2500,CT0011,NA,2001,331,331,5036,NA,NA,NA,NA,NA,15.033,0.425,70747.7,Pipeline Natural Gas,Diesel Oil,Combustion turbine,NA,NA,NA,NA,OTC
NY,Ravenswood Generating Station,2500,CT0011,NA,2002,210,210,3101,NA,0,0,0,0,10.003,0.4763,41986.3,Pipeline Natural Gas,Diesel Oil,Combustion turbine,NA,"Water Injection (Began May 01, 2002)",NA,NA,OTC
NY,Ravenswood Generating Station,2500,CT0011,NA,2003,139,139,1863,NA,NA,NA,NA,NA,6.668,0.476,28018.7,Pipeline Natural Gas,Diesel Oil,Combustion turbine,NA,"Water Injection (Retired Apr 30, 2003)",NA,NA,NBP
NY,Ravenswood Generating Station,2500,CT0011,NA,2004,113,113,1205,NA,NA,NA,NA,NA,7.264,0.4899,29731.3,Pipeline Natural Gas,Diesel Oil,Combustion turbine,NA,NA,NA,NA,NBP
NY,Ravenswood Generating Station,2500,CT0011,NA,2005,93,93,1104,NA,NA,NA,NA,NA,4.503,0.4919,18304.3,Pipeline Natural Gas,Diesel Oil,Combustion turbine,NA,NA,NA,NA,NBP
NY,Ravenswood Generating Station,2500,CT0011,NA,2006,134,134,1546,NA,NA,NA,NA,NA,6.06,0.492,24631.1,Pipeline Natural Gas,Diesel Oil,Combustion turbine,NA,NA,NA,NA,NBP
NY,Ravenswood Generating Station,2500,CT0011,NA,2007,146,146,2176,NA,NA,NA,NA,NA,7.113,0.4919,28914.2,Pipeline Natural Gas,Diesel Oil,Combustion turbine,NA,NA,NA,NA,NBP
NY,Ravenswood Generating Station,2500,CT0011,NA,2008,135,135,2185,NA,NA,NA,NA,NA,5.859,0.4311,27369.3,Pipeline Natural Gas,Diesel Oil,Combustion turbine,NA,NA,NA,NA,"CAIROS, NBP"
NY,Ravenswood Generating Station,2500,CT0011,NA,2009,44,44,770,NA,NA,NA,NA,NA,2.416,0.467,10346.8,Pipeline Natural Gas,Diesel Oil,Combustion turbine,NA,NA,NA,NA,CAIROS
NY,Ravenswood Generating Station,2500,CT0011,NA,2010,174,174,2892,NA,NA,NA,NA,NA,9.387,0.467,40188.1,Pipeline Natural Gas,Diesel Oil,Combustion turbine,NA,NA,NA,NA,CAIROS
NY,Ravenswood Generating Station,2500,CT0011,NA,2011,152,152,2344,NA,NA,NA,NA,NA,10.463,0.7,29892.6,Pipeline Natural Gas,Diesel Oil,Combustion turbine,NA,NA,NA,NA,CAIROS
NY,Ravenswood Generating Station,2500,CT0011,NA,2012,170,170,2659,NA,NA,NA,NA,NA,12.23,0.7,34941.1,Pipeline Natural Gas,Diesel Oil,Combustion turbine,NA,NA,NA,NA,CAIROS
NY,Ravenswood Generating Station,2500,CT0011,NA,2013,140,140,2384,NA,NA,NA,NA,NA,2.804,0.3,18686.7,Pipeline Natural Gas,Diesel Oil,Combustion turbine,NA,NA,NA,NA,CAIROS
NY,Ravenswood Generating Station,2500,CT0011,NA,2014,70,70,1147,NA,NA,NA,NA,NA,1.684,0.3003,11222.7,Pipeline Natural Gas,Diesel Oil,Combustion turbine,NA,NA,NA,NA,CAIROS
NY,Ravenswood Generating Station,2500,CT0011,NA,2015,115,115,1819,NA,NA,NA,NA,NA,4.299,0.3,28653.6,Pipeline Natural Gas,Diesel Oil,Combustion turbine,NA,NA,NA,NA,SIPNOX
NY,Ravenswood Generating Station,2500,CT0011,NA,2016,132,132,2275,NA,NA,NA,NA,NA,3.565,0.3,23760.2,Pipeline Natural Gas,Diesel Oil,Combustion turbine,NA,NA,NA,NA,SIPNOX
NY,Ravenswood Generating Station,2500,CT0011,NA,2017,132,132,2272,NA,NA,NA,NA,NA,4.749,0.43,22086.1,Pipeline Natural Gas,Diesel Oil,Combustion turbine,NA,NA,NA,NA,SIPNOX
NY,Ravenswood Generating Station,2500,CT0011,NA,2018,168,168,2964,NA,NA,NA,NA,NA,6.259,0.43,29113.1,Pipeline Natural Gas,Diesel Oil,Combustion turbine,NA,NA,NA,NA,SIPNOX
NY,Ravenswood Generating Station,2500,CT0011,NA,2019,79,79,1196,NA,NA,NA,NA,NA,2.81,0.43,13070.1,Pipeline Natural Gas,Diesel Oil,Combustion turbine,NA,NA,NA,NA,SIPNOX
NY,Ravenswood Generating Station,2500,CT0011,NA,2020,92,92,960,NA,NA,NA,NA,NA,2.966,0.4302,13794,Pipeline Natural Gas,Diesel Oil,Combustion turbine,NA,NA,NA,NA,SIPNOX
NY,Ravenswood Generating Station,2500,CT0011,NA,2021,46,46,537,NA,NA,NA,475.4,0.0607,1.935,0.48,7804.8,Pipeline Natural Gas,Diesel Oil,Combustion turbine,NA,NA,NA,NA,"RGGI, SIPNOX"
NY,Ravenswood Generating Station,2500,CT0011,NA,2022,0,0,NA,NA,NA,NA,NA,NA,NA,NA,NA,Pipeline Natural Gas,Diesel Oil,Combustion turbine,NA,NA,NA,NA,"RGGI, SIPNOX"
NY,Ravenswood Generating Station,2500,CT0011,NA,2023,0,0,NA,NA,NA,NA,NA,NA,NA,NA,NA,Pipeline Natural Gas,Diesel Oil,Combustion turbine,NA,NA,NA,NA,"RGGI, SIPNOX"
NY,Ravenswood Generating Station,2500,CT0011,NA,2024,0,0,NA,NA,NA,NA,NA,NA,NA,NA,NA,Pipeline Natural Gas,Diesel Oil,Combustion turbine,NA,NA,NA,NA,NA
NY,Ravenswood Generating Station,2500,CT02-1,NA,1999,284,284,9000,NA,NA,NA,NA,NA,33.853,0.455,148816,Pipeline Natural Gas,Diesel Oil,Combustion turbine,NA,NA,NA,NA,OTC
NY,Ravenswood Generating Station,2500,CT02-1,NA,2000,229,229,5836,NA,NA,NA,NA,NA,23.818,0.4869,96897.3,Pipeline Natural Gas,Diesel Oil,Combustion turbine,NA,NA,NA,NA,OTC
NY,Ravenswood Generating Station,2500,CT02-1,NA,2001,193,193,5210,NA,NA,NA,NA,NA,16.656,0.3805,86504.1,Pipeline Natural Gas,Diesel Oil,Combustion turbine,NA,NA,NA,NA,OTC
NY,Ravenswood Generating Station,2500,CT02-1,NA,2002,205,205,6088,NA,0,0,0,0,23.252,0.4764,97612.1,Pipeline Natural Gas,Diesel Oil,Combustion turbine,NA,"Water Injection (Began May 01, 2002)",NA,NA,OTC
NY,Ravenswood Generating Station,2500,CT02-1,NA,2003,122,122,3702,NA,NA,NA,NA,NA,13.942,0.4853,57603.8,Pipeline Natural Gas,Diesel Oil,Combustion turbine,NA,"Water Injection (Retired Apr 30, 2003)",NA,NA,NBP
NY,Ravenswood Generating Station,2500,CT02-1,NA,2004,57,57,1575,NA,NA,NA,NA,NA,6.203,0.4925,25154.6,Pipeline Natural Gas,Diesel Oil,Combustion turbine,NA,NA,NA,NA,NBP
NY,Ravenswood Generating Station,2500,CT02-1,NA,2005,116,116,2912,NA,NA,NA,NA,NA,12.287,0.4971,49219.1,Pipeline Natural Gas,Diesel Oil,Combustion turbine,NA,NA,NA,NA,NBP
NY,Ravenswood Generating Station,2500,CT02-1,NA,2006,114,114,2764,NA,NA,NA,NA,NA,12.809,0.4939,51860.4,Pipeline Natural Gas,Diesel Oil,Combustion turbine,NA,NA,NA,NA,NBP
NY,Ravenswood Generating Station,2500,CT02-1,NA,2007,114,114,2605,NA,NA,NA,NA,NA,11.842,0.4952,47742.6,Pipeline Natural Gas,Diesel Oil,Combustion turbine,NA,NA,NA,NA,NBP
NY,Ravenswood Generating Station,2500,CT02-1,NA,2008,154,154,3691,NA,NA,NA,NA,NA,11.141,0.4296,51780.5,Pipeline Natural Gas,Diesel Oil,Combustion turbine,NA,NA,NA,NA,"CAIRNOX, CAIROS, NBP"
NY,Ravenswood Generating Station,2500,CT02-1,NA,2009,83,83,2695,NA,0.006,6e-4,1196.6,0.059,4.016,0.3959,20283.2,Pipeline Natural Gas,Diesel Oil,Combustion turbine,NA,NA,NA,NA,"CAIRNOX, CAIROS, CAIRSO2, RGGI"
NY,Ravenswood Generating Station,2500,CT02-1,NA,2010,154,154,4760,NA,0.016,7e-4,3349.3,0.059,11.243,0.396,56783.6,Pipeline Natural Gas,Diesel Oil,Combustion turbine,NA,NA,NA,NA,"CAIRNOX, CAIROS, CAIRSO2, RGGI"
NY,Ravenswood Generating Station,2500,CT02-1,NA,2011,139,139,4079,NA,0.016,9e-4,3103.1,0.059,10.414,0.396,52592.6,Pipeline Natural Gas,Diesel Oil,Combustion turbine,NA,NA,NA,NA,"CAIRNOX, CAIROS, CAIRSO2, RGGI"
NY,Ravenswood Generating Station,2500,CT02-1,NA,2012,308,308,9390,NA,0.043,9e-4,8404,0.059,29.907,0.42,142416,Pipeline Natural Gas,NA,Combustion turbine,NA,NA,NA,NA,"CAIRNOX, CAIROS, CAIRSO2, RGGI"
NY,Ravenswood Generating Station,2500,CT02-1,NA,2013,157,157,4537,NA,0.015,9e-4,2796.7,0.0586,9.951,0.4199,47387,Pipeline Natural Gas,NA,Combustion turbine,NA,NA,NA,NA,"CAIRNOX, CAIROS, CAIRSO2, RGGI"
NY,Ravenswood Generating Station,2500,CT02-1,NA,2014,70,70,2237,NA,0.008,9e-4,1593.9,0.059,5.675,0.42,27026.3,Pipeline Natural Gas,NA,Combustion turbine,NA,NA,NA,NA,"CAIRNOX, CAIROS, CAIRSO2, RGGI"
NY,Ravenswood Generating Station,2500,CT02-1,NA,2015,95,95,2736,NA,0.014,8e-4,2650.6,0.059,9.433,0.42,44917.8,Pipeline Natural Gas,NA,Combustion turbine,NA,NA,NA,NA,"CSNOX, CSNOXOS, CSSO2G1, RGGI"
NY,Ravenswood Generating Station,2500,CT02-1,NA,2016,98,98,2681,NA,0.01,8e-4,1842,0.059,6.559,0.42,31234,Pipeline Natural Gas,Diesel Oil,Combustion turbine,NA,NA,NA,NA,"CSNOX, CSNOXOS, CSSO2G1, RGGI"
NY,Ravenswood Generating Station,2500,CT02-1,NA,2017,126,126,3559,NA,0.011,9e-4,2311.7,0.059,10.117,0.5164,39169.1,Pipeline Natural Gas,Diesel Oil,Combustion turbine,NA,NA,NA,NA,"CSNOX, CSOSG2, CSSO2G1, RGGI"
NY,Ravenswood Generating Station,2500,CT02-1,NA,2018,0,0,NA,NA,NA,NA,NA,NA,NA,NA,NA,Pipeline Natural Gas,Diesel Oil,Combustion turbine,NA,NA,NA,NA,"CSNOX, CSOSG2, CSSO2G1, RGGI"
NY,Ravenswood Generating Station,2500,CT02-1,NA,2019,0,0,NA,NA,NA,NA,NA,NA,NA,NA,NA,Pipeline Natural Gas,Diesel Oil,Combustion turbine,NA,NA,NA,NA,"CSNOX, CSOSG2, CSSO2G1, RGGI"
NY,Ravenswood Generating Station,2500,CT02-1,NA,2020,0,0,NA,NA,NA,NA,NA,NA,NA,NA,NA,Pipeline Natural Gas,Diesel Oil,Combustion turbine,NA,NA,NA,NA,"CSNOX, CSOSG2, CSSO2G1, RGGI"
NY,Ravenswood Generating Station,2500,CT02-1,NA,2021,0,0,NA,NA,NA,NA,NA,NA,NA,NA,NA,Pipeline Natural Gas,Diesel Oil,Combustion turbine,NA,NA,NA,NA,"CSNOX, CSOSG3, CSSO2G1, RGGI"
NY,Ravenswood Generating Station,2500,CT02-2,NA,1999,275,275,8868,NA,NA,NA,NA,NA,32.78,0.455,144100,Pipeline Natural Gas,Diesel Oil,Combustion turbine,NA,NA,NA,NA,OTC
NY,Ravenswood Generating Station,2500,CT02-2,NA,2000,218,218,5490,NA,NA,NA,NA,NA,20.979,0.4549,92213.9,Pipeline Natural Gas,Diesel Oil,Combustion turbine,NA,NA,NA,NA,OTC
NY,Ravenswood Generating Station,2500,CT02-2,NA,2001,244,244,6644,NA,NA,NA,NA,NA,19.401,0.3469,111597.3,Pipeline Natural Gas,Diesel Oil,Combustion turbine,NA,NA,NA,NA,OTC
NY,Ravenswood Generating Station,2500,CT02-2,NA,2002,256,256,7042,NA,0,0,0,0,27.237,0.4763,114347.7,Pipeline Natural Gas,Diesel Oil,Combustion turbine,NA,"Water Injection (Began May 01, 2002)",NA,NA,OTC
NY,Ravenswood Generating Station,2500,CT02-2,NA,2003,135,135,3509,NA,NA,NA,NA,NA,13.767,0.4891,56135.4,Pipeline Natural Gas,Diesel Oil,Combustion turbine,NA,"Water Injection (Retired Apr 30, 2003)",NA,NA,NBP
NY,Ravenswood Generating Station,2500,CT02-2,NA,2004,77,77,1954,NA,NA,NA,NA,NA,7.64,0.4908,31127.6,Pipeline Natural Gas,Diesel Oil,Combustion turbine,NA,NA,NA,NA,NBP
NY,Ravenswood Generating Station,2500,CT02-2,NA,2005,45,45,839,NA,NA,NA,NA,NA,6.911,0.6332,18237.6,Pipeline Natural Gas,Diesel Oil,Combustion turbine,NA,NA,NA,NA,NBP
NY,Ravenswood Generating Station,2500,CT02-2,NA,2006,74,74,1289,NA,NA,NA,NA,NA,6.892,0.6002,23098.4,Pipeline Natural Gas,Diesel Oil,Combustion turbine,NA,NA,NA,NA,NBP
NY,Ravenswood Generating Station,2500,CT02-2,NA,2007,126,126,2725,NA,NA,NA,NA,NA,12.673,0.4955,51087.7,Pipeline Natural Gas,Diesel Oil,Combustion turbine,NA,NA,NA,NA,NBP
NY,Ravenswood Generating Station,2500,CT02-2,NA,2008,113,113,2512,NA,NA,NA,NA,NA,8.191,0.4477,37846.4,Pipeline Natural Gas,Diesel Oil,Combustion turbine,NA,NA,NA,NA,"CAIRNOX, CAIROS, NBP"
NY,Ravenswood Generating Station,2500,CT02-2,NA,2009,67,67,2234,NA,0.004,5e-4,932.9,0.0592,3.13,0.3961,15805.5,Pipeline Natural Gas,Diesel Oil,Combustion turbine,NA,NA,NA,NA,"CAIRNOX, CAIROS, CAIRSO2, RGGI"
NY,Ravenswood Generating Station,2500,CT02-2,NA,2010,102,102,2574,NA,0.009,8e-4,1811.2,0.059,6.082,0.396,30715.8,Pipeline Natural Gas,Diesel Oil,Combustion turbine,NA,NA,NA,NA,"CAIRNOX, CAIROS, CAIRSO2, RGGI"
NY,Ravenswood Generating Station,2500,CT02-2,NA,2011,152,152,4246,NA,0.016,9e-4,3283.6,0.059,11.009,0.396,55601.2,Pipeline Natural Gas,Diesel Oil,Combustion turbine,NA,NA,NA,NA,"CAIRNOX, CAIROS, CAIRSO2, RGGI"
NY,Ravenswood Generating Station,2500,CT02-2,NA,2012,318,318,9211,NA,0.052,9e-4,10113,0.059,35.983,0.42,171356.5,Pipeline Natural Gas,NA,Combustion turbine,NA,NA,NA,NA,"CAIRNOX, CAIROS, CAIRSO2, RGGI"
NY,Ravenswood Generating Station,2500,CT02-2,NA,2013,133,133,4121,NA,0.014,7e-4,2928.4,0.059,10.418,0.42,49613.9,Pipeline Natural Gas,NA,Combustion turbine,NA,NA,NA,NA,"CAIRNOX, CAIROS, CAIRSO2, RGGI"
NY,Ravenswood Generating Station,2500,CT02-2,NA,2014,90,90,2580,NA,0.008,8e-4,1481,0.059,5.272,0.42,25101.3,Pipeline Natural Gas,NA,Combustion turbine,NA,NA,NA,NA,"CAIRNOX, CAIROS, CAIRSO2, RGGI"
NY,Ravenswood Generating Station,2500,CT02-2,NA,2015,93,93,2966,NA,0.009,7e-4,1803.3,0.059,6.417,0.42,30557.2,Pipeline Natural Gas,NA,Combustion turbine,NA,NA,NA,NA,"CSNOX, CSNOXOS, CSSO2G1, RGGI"
NY,Ravenswood Generating Station,2500,CT02-2,NA,2016,97,97,2779,NA,0.009,6e-4,1885.7,0.0591,6.71,0.42,31951.5,Pipeline Natural Gas,Diesel Oil,Combustion turbine,NA,NA,NA,NA,"CSNOX, CSNOXOS, CSSO2G1, RGGI"
NY,Ravenswood Generating Station,2500,CT02-2,NA,2017,136,136,3685,NA,0.013,8e-4,2399,0.059,10.156,0.5107,40651.1,Pipeline Natural Gas,Diesel Oil,Combustion turbine,NA,NA,NA,NA,"CSNOX, CSOSG2, CSSO2G1, RGGI"
NY,Ravenswood Generating Station,2500,CT02-2,NA,2018,0,0,NA,NA,NA,NA,NA,NA,NA,NA,NA,Pipeline Natural Gas,Diesel Oil,Combustion turbine,NA,NA,NA,NA,"CSNOX, CSOSG2, CSSO2G1, RGGI"
NY,Ravenswood Generating Station,2500,CT02-2,NA,2019,0,0,NA,NA,NA,NA,NA,NA,NA,NA,NA,Pipeline Natural Gas,Diesel Oil,Combustion turbine,NA,NA,NA,NA,"CSNOX, CSOSG2, CSSO2G1, RGGI"
NY,Ravenswood Generating Station,2500,CT02-2,NA,2020,0,0,NA,NA,NA,NA,NA,NA,NA,NA,NA,Pipeline Natural Gas,Diesel Oil,Combustion turbine,NA,NA,NA,NA,"CSNOX, CSOSG2, CSSO2G1, RGGI"
NY,Ravenswood Generating Station,2500,CT02-2,NA,2021,0,0,NA,NA,NA,NA,NA,NA,NA,NA,NA,Pipeline Natural Gas,Diesel Oil,Combustion turbine,NA,NA,NA,NA,"CSNOX, CSOSG3, CSSO2G1, RGGI"
NY,Ravenswood Generating Station,2500,CT02-3,NA,1999,253,253,7836,NA,NA,NA,NA,NA,30.158,0.455,132572,Pipeline Natural Gas,Diesel Oil,Combustion turbine,NA,NA,NA,NA,OTC
NY,Ravenswood Generating Station,2500,CT02-3,NA,2000,174,174,4012,NA,NA,NA,NA,NA,14.332,0.4549,62998.6,Pipeline Natural Gas,Diesel Oil,Combustion turbine,NA,NA,NA,NA,OTC
NY,Ravenswood Generating Station,2500,CT02-3,NA,2001,248,248,6787,NA,NA,NA,NA,NA,20.825,0.3861,106574.6,Pipeline Natural Gas,Diesel Oil,Combustion turbine,NA,NA,NA,NA,OTC
NY,Ravenswood Generating Station,2500,CT02-3,NA,2002,254,254,7178,NA,0,0,0,0,26.021,0.4763,109249,Pipeline Natural Gas,Diesel Oil,Combustion turbine,NA,"Water Injection (Began May 01, 2002)",NA,NA,OTC
NY,Ravenswood Generating Station,2500,CT02-3,NA,2003,93,93,2517,NA,NA,NA,NA,NA,9.852,0.4837,40811.5,Pipeline Natural Gas,Diesel Oil,Combustion turbine,NA,"Water Injection (Retired Apr 30, 2003)",NA,NA,NBP
NY,Ravenswood Generating Station,2500,CT02-3,NA,2004,79,79,2236,NA,NA,NA,NA,NA,8.757,0.4923,35548.7,Pipeline Natural Gas,Diesel Oil,Combustion turbine,NA,NA,NA,NA,NBP
NY,Ravenswood Generating Station,2500,CT02-3,NA,2005,148,148,3712,NA,NA,NA,NA,NA,16.582,0.5065,64261.7,Pipeline Natural Gas,Diesel Oil,Combustion turbine,NA,NA,NA,NA,NBP
NY,Ravenswood Generating Station,2500,CT02-3,NA,2006,87,87,1672,NA,NA,NA,NA,NA,7.768,0.4929,31503.5,Pipeline Natural Gas,Diesel Oil,Combustion turbine,NA,NA,NA,NA,NBP
NY,Ravenswood Generating Station,2500,CT02-3,NA,2007,88,88,1703,NA,NA,NA,NA,NA,7.714,0.4945,31146.7,Pipeline Natural Gas,Diesel Oil,Combustion turbine,NA,NA,NA,NA,NBP
NY,Ravenswood Generating Station,2500,CT02-3,NA,2008,111,111,2493,NA,NA,NA,NA,NA,8.024,0.424,37854.8,Pipeline Natural Gas,Diesel Oil,Combustion turbine,NA,NA,NA,NA,"CAIRNOX, CAIROS, NBP"
NY,Ravenswood Generating Station,2500,CT02-3,NA,2009,52,52,1478,NA,0.004,8e-4,900.2,0.0589,3.023,0.3959,15266.1,Pipeline Natural Gas,Diesel Oil,Combustion turbine,NA,NA,NA,NA,"CAIRNOX, CAIROS, CAIRSO2, RGGI"
NY,Ravenswood Generating Station,2500,CT02-3,NA,2010,128,128,3915,NA,0.014,7e-4,2855.1,0.059,9.582,0.396,48394.6,Pipeline Natural Gas,Diesel Oil,Combustion turbine,NA,NA,NA,NA,"CAIRNOX, CAIROS, CAIRSO2, RGGI"
NY,Ravenswood Generating Station,2500,CT02-3,NA,2011,170,170,4853,NA,0.019,8e-4,3748.4,0.059,12.578,0.396,63525,Pipeline Natural Gas,Diesel Oil,Combustion turbine,NA,NA,NA,NA,"CAIRNOX, CAIROS, CAIRSO2, RGGI"
NY,Ravenswood Generating Station,2500,CT02-3,NA,2012,327,327,10002,NA,0.045,0.001,9066.7,0.059,32.285,0.42,153734.2,Pipeline Natural Gas,NA,Combustion turbine,NA,NA,NA,NA,"CAIRNOX, CAIROS, CAIRSO2, RGGI"
NY,Ravenswood Generating Station,2500,CT02-3,NA,2013,39,39,1125,NA,0.004,7e-4,915.3,0.059,3.258,0.42,15512.2,Pipeline Natural Gas,NA,Combustion turbine,NA,NA,NA,NA,"CAIRNOX, CAIROS, CAIRSO2, RGGI"
NY,Ravenswood Generating Station,2500,CT02-3,NA,2014,0,0,NA,NA,NA,NA,NA,NA,NA,NA,NA,Pipeline Natural Gas,NA,Combustion turbine,NA,NA,NA,NA,"CAIRNOX, CAIROS, CAIRSO2, RGGI"
NY,Ravenswood Generating Station,2500,CT02-3,NA,2015,62,62,1607,NA,0.007,8e-4,1380.1,0.059,4.913,0.4199,23394.1,Pipeline Natural Gas,NA,Combustion turbine,NA,NA,NA,NA,"CSNOX, CSNOXOS, CSSO2G1, RGGI"
NY,Ravenswood Generating Station,2500,CT02-3,NA,2016,121,121,3419,NA,0.976,0.0297,3003.8,0.0603,11.892,0.4651,49477,Pipeline Natural Gas,Diesel Oil,Combustion turbine,NA,NA,NA,NA,"CSNOX, CSNOXOS, CSSO2G1, RGGI"
NY,Ravenswood Generating Station,2500,CT02-3,NA,2017,97,97,2735,NA,0.013,8e-4,2537.1,0.059,11.25,0.523,43020.3,Pipeline Natural Gas,Diesel Oil,Combustion turbine,NA,NA,NA,NA,"CSNOX, CSOSG2, CSSO2G1, RGGI"
NY,Ravenswood Generating Station,2500,CT02-3,NA,2018,0,0,NA,NA,NA,NA,NA,NA,NA,NA,NA,Pipeline Natural Gas,Diesel Oil,Combustion turbine,NA,NA,NA,NA,"CSNOX, CSOSG2, CSSO2G1, RGGI"
NY,Ravenswood Generating Station,2500,CT02-3,NA,2019,0,0,NA,NA,NA,NA,NA,NA,NA,NA,NA,Pipeline Natural Gas,Diesel Oil,Combustion turbine,NA,NA,NA,NA,"CSNOX, CSOSG2, CSSO2G1, RGGI"
NY,Ravenswood Generating Station,2500,CT02-3,NA,2020,0,0,NA,NA,NA,NA,NA,NA,NA,NA,NA,Pipeline Natural Gas,Diesel Oil,Combustion turbine,NA,NA,NA,NA,"CSNOX, CSOSG2, CSSO2G1, RGGI"
NY,Ravenswood Generating Station,2500,CT02-3,NA,2021,0,0,NA,NA,NA,NA,NA,NA,NA,NA,NA,Pipeline Natural Gas,Diesel Oil,Combustion turbine,NA,NA,NA,NA,"CSNOX, CSOSG3, CSSO2G1, RGGI"
NY,Ravenswood Generating Station,2500,CT02-4,NA,1999,286,286,8922,NA,NA,NA,NA,NA,34.091,0.455,149864,Pipeline Natural Gas,Diesel Oil,Combustion turbine,NA,NA,NA,NA,OTC
NY,Ravenswood Generating Station,2500,CT02-4,NA,2000,226,226,6407,NA,NA,NA,NA,NA,22.215,0.4566,97310,Pipeline Natural Gas,Diesel Oil,Combustion turbine,NA,NA,NA,NA,OTC
NY,Ravenswood Generating Station,2500,CT02-4,NA,2001,228,228,6733,NA,NA,NA,NA,NA,19.843,0.3877,102260,Pipeline Natural Gas,Diesel Oil,Combustion turbine,NA,NA,NA,NA,OTC
NY,Ravenswood Generating Station,2500,CT02-4,NA,2002,240,240,7468,NA,0,0,0,0,26.236,0.4763,110151.8,Pipeline Natural Gas,Diesel Oil,Combustion turbine,NA,"Water Injection (Began May 01, 2002)",NA,NA,OTC
NY,Ravenswood Generating Station,2500,CT02-4,NA,2003,82,82,2503,NA,NA,NA,NA,NA,9.509,0.4769,39936,Pipeline Natural Gas,Diesel Oil,Combustion turbine,NA,"Water Injection (Retired Apr 30, 2003)",NA,NA,NBP
NY,Ravenswood Generating Station,2500,CT02-4,NA,2004,60,60,1753,NA,NA,NA,NA,NA,6.893,0.4934,27928,Pipeline Natural Gas,Diesel Oil,Combustion turbine,NA,NA,NA,NA,NBP
NY,Ravenswood Generating Station,2500,CT02-4,NA,2005,148,148,3417,NA,NA,NA,NA,NA,15.788,0.5143,60384.4,Pipeline Natural Gas,Diesel Oil,Combustion turbine,NA,NA,NA,NA,NBP
NY,Ravenswood Generating Station,2500,CT02-4,NA,2006,92,92,1874,NA,NA,NA,NA,NA,9.04,0.4977,35997.3,Pipeline Natural Gas,Diesel Oil,Combustion turbine,NA,NA,NA,NA,NBP
NY,Ravenswood Generating Station,2500,CT02-4,NA,2007,102,102,1926,NA,NA,NA,NA,NA,8.818,0.4934,35801.9,Pipeline Natural Gas,Diesel Oil,Combustion turbine,NA,NA,NA,NA,NBP
NY,Ravenswood Generating Station,2500,CT02-4,NA,2008,106,106,2241,NA,NA,NA,NA,NA,6.688,0.4228,31267.4,Pipeline Natural Gas,Diesel Oil,Combustion turbine,NA,NA,NA,NA,"CAIRNOX, CAIROS, NBP"
NY,Ravenswood Generating Station,2500,CT02-4,NA,2009,52,52,1384,NA,0.004,7e-4,762.5,0.0589,2.56,0.3972,12922.6,Pipeline Natural Gas,Diesel Oil,Combustion turbine,NA,NA,NA,NA,"CAIRNOX, CAIROS, CAIRSO2, RGGI"
NY,Ravenswood Generating Station,2500,CT02-4,NA,2010,128,128,3742,NA,0.013,9e-4,2640.9,0.059,8.865,0.396,44777.3,Pipeline Natural Gas,Diesel Oil,Combustion turbine,NA,NA,NA,NA,"CAIRNOX, CAIROS, CAIRSO2, RGGI"
NY,Ravenswood Generating Station,2500,CT02-4,NA,2011,127,127,3267,NA,0.012,9e-4,2497.2,0.059,8.378,0.396,42310.5,Pipeline Natural Gas,Diesel Oil,Combustion turbine,NA,NA,NA,NA,"CAIRNOX, CAIROS, CAIRSO2, RGGI"
NY,Ravenswood Generating Station,2500,CT02-4,NA,2012,287,287,7099,NA,0.036,7e-4,7291.9,0.059,25.945,0.42,123540.8,Pipeline Natural Gas,NA,Combustion turbine,NA,NA,NA,NA,"CAIRNOX, CAIROS, CAIRSO2, RGGI"
NY,Ravenswood Generating Station,2500,CT02-4,NA,2013,183,183,4931,NA,0.016,9e-4,2890.7,0.059,10.293,0.4201,49012.1,Pipeline Natural Gas,NA,Combustion turbine,NA,NA,NA,NA,"CAIRNOX, CAIROS, CAIRSO2, RGGI"
NY,Ravenswood Generating Station,2500,CT02-4,NA,2014,99,99,2817,NA,0.01,9e-4,1905.6,0.0589,6.782,0.42,32294.7,Pipeline Natural Gas,NA,Combustion turbine,NA,NA,NA,NA,"CAIRNOX, CAIROS, CAIRSO2, RGGI"
NY,Ravenswood Generating Station,2500,CT02-4,NA,2015,85,85,2654,NA,0.014,0.001,2571.6,0.059,9.15,0.42,43568.7,Pipeline Natural Gas,NA,Combustion turbine,NA,NA,NA,NA,"CSNOX, CSNOXOS, CSSO2G1, RGGI"
NY,Ravenswood Generating Station,2500,CT02-4,NA,2016,80,80,2297,NA,0.007,8e-4,1528.1,0.059,5.44,0.42,25904.4,Pipeline Natural Gas,Diesel Oil,Combustion turbine,NA,NA,NA,NA,"CSNOX, CSNOXOS, CSSO2G1, RGGI"
NY,Ravenswood Generating Station,2500,CT02-4,NA,2017,129,129,3879,NA,0.013,0.001,2681.6,0.059,11.809,0.519,45448,Pipeline Natural Gas,Diesel Oil,Combustion turbine,NA,NA,NA,NA,"CSNOX, CSOSG2, CSSO2G1, RGGI"
NY,Ravenswood Generating Station,2500,CT02-4,NA,2018,0,0,NA,NA,NA,NA,NA,NA,NA,NA,NA,Pipeline Natural Gas,Diesel Oil,Combustion turbine,NA,NA,NA,NA,"CSNOX, CSOSG2, CSSO2G1, RGGI"
NY,Ravenswood Generating Station,2500,CT02-4,NA,2019,0,0,NA,NA,NA,NA,NA,NA,NA,NA,NA,Pipeline Natural Gas,Diesel Oil,Combustion turbine,NA,NA,NA,NA,"CSNOX, CSOSG2, CSSO2G1, RGGI"
NY,Ravenswood Generating Station,2500,CT02-4,NA,2020,0,0,NA,NA,NA,NA,NA,NA,NA,NA,NA,Pipeline Natural Gas,Diesel Oil,Combustion turbine,NA,NA,NA,NA,"CSNOX, CSOSG2, CSSO2G1, RGGI"
NY,Ravenswood Generating Station,2500,CT02-4,NA,2021,0,0,NA,NA,NA,NA,NA,NA,NA,NA,NA,Pipeline Natural Gas,Diesel Oil,Combustion turbine,NA,NA,NA,NA,"CSNOX, CSOSG3, CSSO2G1, RGGI"
NY,Ravenswood Generating Station,2500,CT03-1,NA,1999,219,219,6698,NA,NA,NA,NA,NA,26.105,0.455,114756,Pipeline Natural Gas,Diesel Oil,Combustion turbine,NA,NA,NA,NA,OTC
NY,Ravenswood Generating Station,2500,CT03-1,NA,2000,194,194,4748,NA,NA,NA,NA,NA,16.716,0.4549,73481.3,Pipeline Natural Gas,Diesel Oil,Combustion turbine,NA,NA,NA,NA,OTC
NY,Ravenswood Generating Station,2500,CT03-1,NA,2001,198,198,5138,NA,NA,NA,NA,NA,13.638,0.3436,79518.1,Pipeline Natural Gas,Diesel Oil,Combustion turbine,NA,NA,NA,NA,OTC
NY,Ravenswood Generating Station,2500,CT03-1,NA,2002,186,186,5715,NA,0,0,0,0,20.439,0.4764,85792.5,Pipeline Natural Gas,Diesel Oil,Combustion turbine,NA,"Water Injection (Began May 01, 2002)",NA,NA,OTC
NY,Ravenswood Generating Station,2500,CT03-1,NA,2003,61,61,1663,NA,NA,NA,NA,NA,7.133,0.4864,29395.5,Pipeline Natural Gas,Diesel Oil,Combustion turbine,NA,"Water Injection (Retired Apr 30, 2003)",NA,NA,NBP
NY,Ravenswood Generating Station,2500,CT03-1,NA,2004,71,71,1784,NA,NA,NA,NA,NA,7.05,0.4931,28567.5,Pipeline Natural Gas,Diesel Oil,Combustion turbine,NA,NA,NA,NA,NBP
NY,Ravenswood Generating Station,2500,CT03-1,NA,2005,153,153,3850,NA,NA,NA,NA,NA,16.649,0.5008,66257,Pipeline Natural Gas,Diesel Oil,Combustion turbine,NA,NA,NA,NA,NBP
NY,Ravenswood Generating Station,2500,CT03-1,NA,2006,133,133,3449,NA,NA,NA,NA,NA,15.677,0.4926,63632.5,Pipeline Natural Gas,Diesel Oil,Combustion turbine,NA,NA,NA,NA,NBP
NY,Ravenswood Generating Station,2500,CT03-1,NA,2007,170,170,4094,NA,NA,NA,NA,NA,18.346,0.5006,74192.4,Pipeline Natural Gas,Diesel Oil,Combustion turbine,NA,NA,NA,NA,NBP
NY,Ravenswood Generating Station,2500,CT03-1,NA,2008,133,133,3139,NA,NA,NA,NA,NA,10.447,0.4318,49114.2,Pipeline Natural Gas,Diesel Oil,Combustion turbine,NA,NA,NA,NA,"CAIRNOX, CAIROS, NBP"
NY,Ravenswood Generating Station,2500,CT03-1,NA,2009,67,67,2046,NA,0.005,6e-4,1063.6,0.0589,3.571,0.396,18038.1,Pipeline Natural Gas,Diesel Oil,Combustion turbine,NA,NA,NA,NA,"CAIRNOX, CAIROS, CAIRSO2, RGGI"
NY,Ravenswood Generating Station,2500,CT03-1,NA,2010,164,164,4918,NA,0.016,8e-4,3483.8,0.059,11.693,0.396,59059,Pipeline Natural Gas,Diesel Oil,Combustion turbine,NA,NA,NA,NA,"CAIRNOX, CAIROS, CAIRSO2, RGGI"
NY,Ravenswood Generating Station,2500,CT03-1,NA,2011,172,172,4906,NA,0.018,8e-4,3727.4,0.059,12.502,0.396,63142.6,Pipeline Natural Gas,Diesel Oil,Combustion turbine,NA,NA,NA,NA,"CAIRNOX, CAIROS, CAIRSO2, RGGI"
NY,Ravenswood Generating Station,2500,CT03-1,NA,2012,298,298,9234,NA,0.041,8e-4,7532.9,0.059,29.997,0.47,127640.3,Pipeline Natural Gas,NA,Combustion turbine,NA,NA,NA,NA,"CAIRNOX, CAIROS, CAIRSO2, RGGI"
NY,Ravenswood Generating Station,2500,CT03-1,NA,2013,155,155,4806,NA,0.009,5e-4,1981.6,0.059,7.896,0.47,33598.1,Pipeline Natural Gas,NA,Combustion turbine,NA,NA,NA,NA,"CAIRNOX, CAIROS, CAIRSO2, RGGI"
NY,Ravenswood Generating Station,2500,CT03-1,NA,2014,96,96,2882,NA,0.008,9e-4,1572.6,0.059,6.264,0.4699,26656.2,Pipeline Natural Gas,NA,Combustion turbine,NA,NA,NA,NA,"CAIRNOX, CAIROS, CAIRSO2, RGGI"
NY,Ravenswood Generating Station,2500,CT03-1,NA,2015,99,99,3108,NA,0.013,8e-4,2505.1,0.0591,9.977,0.47,42453.1,Pipeline Natural Gas,NA,Combustion turbine,NA,NA,NA,NA,"CSNOX, CSNOXOS, CSSO2G1, RGGI"
NY,Ravenswood Generating Station,2500,CT03-1,NA,2016,80,80,2383,NA,0.007,8e-4,1571.6,0.059,6.259,0.47,26633.5,Pipeline Natural Gas,Diesel Oil,Combustion turbine,NA,NA,NA,NA,"CSNOX, CSNOXOS, CSSO2G1, RGGI"
NY,Ravenswood Generating Station,2500,CT03-1,NA,2017,109,109,3147,NA,0.009,7e-4,1677.9,0.059,7.379,0.5181,28436,Pipeline Natural Gas,Diesel Oil,Combustion turbine,NA,NA,NA,NA,"CSNOX, CSOSG2, CSSO2G1, RGGI"
NY,Ravenswood Generating Station,2500,CT03-1,NA,2018,0,0,NA,NA,NA,NA,NA,NA,NA,NA,NA,Pipeline Natural Gas,Diesel Oil,Combustion turbine,NA,NA,NA,NA,"CSNOX, CSOSG2, CSSO2G1, RGGI"
NY,Ravenswood Generating Station,2500,CT03-1,NA,2019,0,0,NA,NA,NA,NA,NA,NA,NA,NA,NA,Pipeline Natural Gas,Diesel Oil,Combustion turbine,NA,NA,NA,NA,"CSNOX, CSOSG2, CSSO2G1, RGGI"
NY,Ravenswood Generating Station,2500,CT03-1,NA,2020,0,0,NA,NA,NA,NA,NA,NA,NA,NA,NA,Pipeline Natural Gas,Diesel Oil,Combustion turbine,NA,NA,NA,NA,"CSNOX, CSOSG2, CSSO2G1, RGGI"
NY,Ravenswood Generating Station,2500,CT03-1,NA,2021,0,0,NA,NA,NA,NA,NA,NA,NA,NA,NA,Pipeline Natural Gas,Diesel Oil,Combustion turbine,NA,NA,NA,NA,"CSNOX, CSOSG3, CSSO2G1, RGGI"
NY,Ravenswood Generating Station,2500,CT03-2,NA,1999,223,223,6766,NA,NA,NA,NA,NA,26.582,0.455,116852,Pipeline Natural Gas,Diesel Oil,Combustion turbine,NA,NA,NA,NA,OTC
NY,Ravenswood Generating Station,2500,CT03-2,NA,2000,225,225,5275,NA,NA,NA,NA,NA,19.335,0.4583,84193.3,Pipeline Natural Gas,Diesel Oil,Combustion turbine,NA,NA,NA,NA,OTC
NY,Ravenswood Generating Station,2500,CT03-2,NA,2001,214,214,5400,NA,NA,NA,NA,NA,16.691,0.3838,86188.6,Pipeline Natural Gas,Diesel Oil,Combustion turbine,NA,NA,NA,NA,OTC
NY,Ravenswood Generating Station,2500,CT03-2,NA,2002,205,205,5456,NA,0,0,0,0,20.105,0.4763,84380.7,Pipeline Natural Gas,Diesel Oil,Combustion turbine,NA,"Water Injection (Began May 01, 2002)",NA,NA,OTC
NY,Ravenswood Generating Station,2500,CT03-2,NA,2003,94,94,2493,NA,NA,NA,NA,NA,9.326,0.5054,36649.2,Pipeline Natural Gas,Diesel Oil,Combustion turbine,NA,"Water Injection (Retired Apr 30, 2003)",NA,NA,NBP
NY,Ravenswood Generating Station,2500,CT03-2,NA,2004,59,59,1305,NA,NA,NA,NA,NA,5.097,0.4933,20656.8,Pipeline Natural Gas,Diesel Oil,Combustion turbine,NA,NA,NA,NA,NBP
NY,Ravenswood Generating Station,2500,CT03-2,NA,2005,142,142,3249,NA,NA,NA,NA,NA,17.429,0.5854,57129.2,Pipeline Natural Gas,Diesel Oil,Combustion turbine,NA,NA,NA,NA,NBP
NY,Ravenswood Generating Station,2500,CT03-2,NA,2006,113,113,2314,NA,NA,NA,NA,NA,10.953,0.4975,43812.8,Pipeline Natural Gas,Diesel Oil,Combustion turbine,NA,NA,NA,NA,NBP
NY,Ravenswood Generating Station,2500,CT03-2,NA,2007,166,166,3659,NA,NA,NA,NA,NA,15.891,0.5158,63604.3,Pipeline Natural Gas,Diesel Oil,Combustion turbine,NA,NA,NA,NA,NBP
NY,Ravenswood Generating Station,2500,CT03-2,NA,2008,122,122,2902,NA,NA,NA,NA,NA,8.373,0.4392,39016.4,Pipeline Natural Gas,Diesel Oil,Combustion turbine,NA,NA,NA,NA,"CAIRNOX, CAIROS, NBP"
NY,Ravenswood Generating Station,2500,CT03-2,NA,2009,74,74,2362,NA,0.105,0.0142,1156.6,0.0596,3.911,0.4039,19458.5,Pipeline Natural Gas,Diesel Oil,Combustion turbine,NA,NA,NA,NA,"CAIRNOX, CAIROS, CAIRSO2, RGGI"
NY,Ravenswood Generating Station,2500,CT03-2,NA,2010,130,130,3845,NA,0.013,9e-4,2762.8,0.059,9.35,0.399,46847.1,Pipeline Natural Gas,Diesel Oil,Combustion turbine,NA,NA,NA,NA,"CAIRNOX, CAIROS, CAIRSO2, RGGI"
NY,Ravenswood Generating Station,2500,CT03-2,NA,2011,141,141,3885,NA,0.014,0.001,2948.2,0.059,9.885,0.396,49922,Pipeline Natural Gas,Diesel Oil,Combustion turbine,NA,NA,NA,NA,"CAIRNOX, CAIROS, CAIRSO2, RGGI"
NY,Ravenswood Generating Station,2500,CT03-2,NA,2012,272,272,7660,NA,0.035,9e-4,6962.4,0.059,27.742,0.47,118048.1,Pipeline Natural Gas,NA,Combustion turbine,NA,NA,NA,NA,"CAIRNOX, CAIROS, CAIRSO2, RGGI"
NY,Ravenswood Generating Station,2500,CT03-2,NA,2013,101,101,2597,NA,0.008,8e-4,1487.4,0.0595,5.927,0.4698,25219.8,Pipeline Natural Gas,NA,Combustion turbine,NA,NA,NA,NA,"CAIRNOX, CAIROS, CAIRSO2, RGGI"
NY,Ravenswood Generating Station,2500,CT03-2,NA,2014,76,76,2133,NA,0.007,9e-4,1339.3,0.059,5.337,0.4699,22710.8,Pipeline Natural Gas,NA,Combustion turbine,NA,NA,NA,NA,"CAIRNOX, CAIROS, CAIRSO2, RGGI"
NY,Ravenswood Generating Station,2500,CT03-2,NA,2015,57,57,1553,NA,0.006,9e-4,1218,0.059,4.85,0.47,20636.6,Pipeline Natural Gas,NA,Combustion turbine,NA,NA,NA,NA,"CSNOX, CSNOXOS, CSSO2G1, RGGI"
NY,Ravenswood Generating Station,2500,CT03-2,NA,2016,63,63,1723,NA,0.005,8e-4,913.8,0.059,3.64,0.4699,15488.1,Pipeline Natural Gas,Diesel Oil,Combustion turbine,NA,NA,NA,NA,"CSNOX, CSNOXOS, CSSO2G1, RGGI"
NY,Ravenswood Generating Station,2500,CT03-2,NA,2017,121,121,3389,NA,0.011,9e-4,2315.4,0.059,10.197,0.5182,39252.7,Pipeline Natural Gas,Diesel Oil,Combustion turbine,NA,NA,NA,NA,"CSNOX, CSOSG2, CSSO2G1, RGGI"
NY,Ravenswood Generating Station,2500,CT03-2,NA,2018,0,0,NA,NA,NA,NA,NA,NA,NA,NA,NA,Pipeline Natural Gas,Diesel Oil,Combustion turbine,NA,NA,NA,NA,"CSNOX, CSOSG2, CSSO2G1, RGGI"
NY,Ravenswood Generating Station,2500,CT03-2,NA,2019,0,0,NA,NA,NA,NA,NA,NA,NA,NA,NA,Pipeline Natural Gas,Diesel Oil,Combustion turbine,NA,NA,NA,NA,"CSNOX, CSOSG2, CSSO2G1, RGGI"
NY,Ravenswood Generating Station,2500,CT03-2,NA,2020,0,0,NA,NA,NA,NA,NA,NA,NA,NA,NA,Pipeline Natural Gas,Diesel Oil,Combustion turbine,NA,NA,NA,NA,"CSNOX, CSOSG2, CSSO2G1, RGGI"
NY,Ravenswood Generating Station,2500,CT03-2,NA,2021,0,0,NA,NA,NA,NA,NA,NA,NA,NA,NA,Pipeline Natural Gas,Diesel Oil,Combustion turbine,NA,NA,NA,NA,"CSNOX, CSOSG3, CSSO2G1, RGGI"
NY,Ravenswood Generating Station,2500,CT03-3,NA,1999,266,266,8302,NA,NA,NA,NA,NA,31.707,0.455,139384,Pipeline Natural Gas,Diesel Oil,Combustion turbine,NA,NA,NA,NA,OTC
NY,Ravenswood Generating Station,2500,CT03-3,NA,2000,216,216,5628,NA,NA,NA,NA,NA,20.486,0.455,90048,Pipeline Natural Gas,Diesel Oil,Combustion turbine,NA,NA,NA,NA,OTC
NY,Ravenswood Generating Station,2500,CT03-3,NA,2001,183,183,4770,NA,NA,NA,NA,NA,14.087,0.3645,76320,Pipeline Natural Gas,Diesel Oil,Combustion turbine,NA,NA,NA,NA,OTC
NY,Ravenswood Generating Station,2500,CT03-3,NA,2002,202,202,5642,NA,0,0,0,0,20.979,0.4764,88051.2,Pipeline Natural Gas,Diesel Oil,Combustion turbine,NA,"Water Injection (Began May 01, 2002)",NA,NA,OTC
NY,Ravenswood Generating Station,2500,CT03-3,NA,2003,126,126,3591,NA,NA,NA,NA,NA,13.335,0.5014,53255,Pipeline Natural Gas,Diesel Oil,Combustion turbine,NA,"Water Injection (Retired Apr 30, 2003)",NA,NA,NBP
NY,Ravenswood Generating Station,2500,CT03-3,NA,2004,54,54,1104,NA,NA,NA,NA,NA,4.358,0.4948,17596.8,Pipeline Natural Gas,Diesel Oil,Combustion turbine,NA,NA,NA,NA,NBP
NY,Ravenswood Generating Station,2500,CT03-3,NA,2005,77,77,1680,NA,NA,NA,NA,NA,7.103,0.4949,28693.7,Pipeline Natural Gas,Diesel Oil,Combustion turbine,NA,NA,NA,NA,NBP
NY,Ravenswood Generating Station,2500,CT03-3,NA,2006,142,142,2936,NA,NA,NA,NA,NA,13.822,0.4955,55492.3,Pipeline Natural Gas,Diesel Oil,Combustion turbine,NA,NA,NA,NA,NBP
NY,Ravenswood Generating Station,2500,CT03-3,NA,2007,131,131,2470,NA,NA,NA,NA,NA,10.602,0.5122,42309.4,Pipeline Natural Gas,Diesel Oil,Combustion turbine,NA,NA,NA,NA,NBP
NY,Ravenswood Generating Station,2500,CT03-3,NA,2008,67,67,1126,NA,NA,NA,NA,NA,2.651,0.4637,11717.7,Pipeline Natural Gas,Diesel Oil,Combustion turbine,NA,NA,NA,NA,"CAIRNOX, CAIROS, NBP"
NY,Ravenswood Generating Station,2500,CT03-3,NA,2009,56,56,1651,NA,0.003,4e-4,594,0.059,1.993,0.3961,10062.5,Pipeline Natural Gas,Diesel Oil,Combustion turbine,NA,NA,NA,NA,"CAIRNOX, CAIROS, CAIRSO2, RGGI"
NY,Ravenswood Generating Station,2500,CT03-3,NA,2010,128,128,3841,NA,0.013,8e-4,2748.6,0.059,9.225,0.396,46590.3,Pipeline Natural Gas,Diesel Oil,Combustion turbine,NA,NA,NA,NA,"CAIRNOX, CAIROS, CAIRSO2, RGGI"
NY,Ravenswood Generating Station,2500,CT03-3,NA,2011,140,140,4036,NA,0.015,8e-4,3017.9,0.059,10.128,0.396,51149.6,Pipeline Natural Gas,Diesel Oil,Combustion turbine,NA,NA,NA,NA,"CAIRNOX, CAIROS, CAIRSO2, RGGI"
NY,Ravenswood Generating Station,2500,CT03-3,NA,2012,217,217,6326,NA,0.027,9e-4,5129.1,0.059,18.252,0.42,86913.1,Pipeline Natural Gas,NA,Combustion turbine,NA,NA,NA,NA,"CAIRNOX, CAIROS, CAIRSO2, RGGI"
NY,Ravenswood Generating Station,2500,CT03-3,NA,2013,176,176,5364,NA,0.017,9e-4,3234.5,0.059,11.51,0.42,54808.8,Pipeline Natural Gas,NA,Combustion turbine,NA,NA,NA,NA,"CAIRNOX, CAIROS, CAIRSO2, RGGI"
NY,Ravenswood Generating Station,2500,CT03-3,NA,2014,51,51,1678,NA,0.005,8e-4,938.9,0.0589,3.34,0.4205,15904,Pipeline Natural Gas,NA,Combustion turbine,NA,NA,NA,NA,"CAIRNOX, CAIROS, CAIRSO2, RGGI"
NY,Ravenswood Generating Station,2500,CT03-3,NA,2015,0,0,NA,NA,NA,NA,NA,NA,NA,NA,NA,Pipeline Natural Gas,NA,Combustion turbine,NA,NA,NA,NA,"CSNOX, CSNOXOS, CSSO2G1, RGGI"
NY,Ravenswood Generating Station,2500,CT03-3,NA,2016,0,0,NA,NA,NA,NA,NA,NA,NA,NA,NA,Pipeline Natural Gas,Diesel Oil,Combustion turbine,NA,NA,NA,NA,"CSNOX, CSNOXOS, CSSO2G1, RGGI"
NY,Ravenswood Generating Station,2500,CT03-3,NA,2017,0,0,NA,NA,NA,NA,NA,NA,NA,NA,NA,Pipeline Natural Gas,Diesel Oil,Combustion turbine,NA,NA,NA,NA,"CSNOX, CSOSG2, CSSO2G1, RGGI"
NY,Ravenswood Generating Station,2500,CT03-3,NA,2018,0,0,NA,NA,NA,NA,NA,NA,NA,NA,NA,Pipeline Natural Gas,Diesel Oil,Combustion turbine,NA,NA,NA,NA,"CSNOX, CSOSG2, CSSO2G1, RGGI"
NY,Ravenswood Generating Station,2500,CT03-3,NA,2019,0,0,NA,NA,NA,NA,NA,NA,NA,NA,NA,Pipeline Natural Gas,Diesel Oil,Combustion turbine,NA,NA,NA,NA,"CSNOX, CSOSG2, CSSO2G1, RGGI"
NY,Ravenswood Generating Station,2500,CT03-3,NA,2020,0,0,NA,NA,NA,NA,NA,NA,NA,NA,NA,Pipeline Natural Gas,Diesel Oil,Combustion turbine,NA,NA,NA,NA,"CSNOX, CSOSG2, CSSO2G1, RGGI"
NY,Ravenswood Generating Station,2500,CT03-4,NA,1999,236,236,7330,NA,NA,NA,NA,NA,28.131,0.455,123664,Pipeline Natural Gas,Diesel Oil,Combustion turbine,NA,NA,NA,NA,OTC
NY,Ravenswood Generating Station,2500,CT03-4,NA,2000,205,205,5177,NA,NA,NA,NA,NA,19.875,0.455,87361.2,Pipeline Natural Gas,Diesel Oil,Combustion turbine,NA,NA,NA,NA,OTC
NY,Ravenswood Generating Station,2500,CT03-4,NA,2001,177,177,4735,NA,NA,NA,NA,NA,16.67,0.4078,79901.5,Pipeline Natural Gas,Diesel Oil,Combustion turbine,NA,NA,NA,NA,OTC
NY,Ravenswood Generating Station,2500,CT03-4,NA,2002,164,164,4683,NA,0,0,0,0,18.191,0.4764,76332.9,Pipeline Natural Gas,Diesel Oil,Combustion turbine,NA,"Water Injection (Began May 01, 2002)",NA,NA,OTC
NY,Ravenswood Generating Station,2500,CT03-4,NA,2003,105,105,2852,NA,NA,NA,NA,NA,11.407,0.5029,45229.3,Pipeline Natural Gas,Diesel Oil,Combustion turbine,NA,"Water Injection (Retired Apr 30, 2003)",NA,NA,NBP
NY,Ravenswood Generating Station,2500,CT03-4,NA,2004,56,56,1353,NA,NA,NA,NA,NA,5.527,0.5017,21864.3,Pipeline Natural Gas,Diesel Oil,Combustion turbine,NA,NA,NA,NA,NBP
NY,Ravenswood Generating Station,2500,CT03-4,NA,2005,154,154,3852,NA,NA,NA,NA,NA,18.143,0.5202,68248.9,Pipeline Natural Gas,Diesel Oil,Combustion turbine,NA,NA,NA,NA,NBP
NY,Ravenswood Generating Station,2500,CT03-4,NA,2006,79,79,1728,NA,NA,NA,NA,NA,8.013,0.4929,32423.6,Pipeline Natural Gas,Diesel Oil,Combustion turbine,NA,NA,NA,NA,NBP
NY,Ravenswood Generating Station,2500,CT03-4,NA,2007,111,111,2312,NA,NA,NA,NA,NA,10.292,0.4932,41828.2,Pipeline Natural Gas,Diesel Oil,Combustion turbine,NA,NA,NA,NA,NBP
NY,Ravenswood Generating Station,2500,CT03-4,NA,2008,88,88,1655,NA,NA,NA,NA,NA,5.6,0.4235,26401.6,Pipeline Natural Gas,Diesel Oil,Combustion turbine,NA,NA,NA,NA,"CAIRNOX, CAIROS, NBP"
NY,Ravenswood Generating Station,2500,CT03-4,NA,2009,92,92,2835,NA,0.005,5e-4,1178.4,0.059,3.959,0.398,19967.1,Pipeline Natural Gas,Diesel Oil,Combustion turbine,NA,NA,NA,NA,"CAIRNOX, CAIROS, CAIRSO2, RGGI"
NY,Ravenswood Generating Station,2500,CT03-4,NA,2010,132,132,3833,NA,0.013,9e-4,2745.8,0.059,9.219,0.396,46563.7,Pipeline Natural Gas,Diesel Oil,Combustion turbine,NA,NA,NA,NA,"CAIRNOX, CAIROS, CAIRSO2, RGGI"
NY,Ravenswood Generating Station,2500,CT03-4,NA,2011,27,27,759,NA,0.003,9e-4,576.2,0.059,1.935,0.396,9771.6,Pipeline Natural Gas,Diesel Oil,Combustion turbine,NA,NA,NA,NA,"CAIRNOX, CAIROS, CAIRSO2, RGGI"
NY,Ravenswood Generating Station,2500,CT03-4,NA,2012,0,0,NA,NA,NA,NA,NA,NA,NA,NA,NA,Pipeline Natural Gas,NA,Combustion turbine,NA,NA,NA,NA,"CAIRNOX, CAIROS, CAIRSO2, RGGI"
NY,Ravenswood Generating Station,2500,CT03-4,NA,2013,0,0,NA,NA,NA,NA,NA,NA,NA,NA,NA,Pipeline Natural Gas,NA,Combustion turbine,NA,NA,NA,NA,"CAIRNOX, CAIROS, CAIRSO2, RGGI"
NY,Ravenswood Generating Station,2500,CT03-4,NA,2014,75,75,2073,NA,0.024,7e-4,4688.7,0.059,16.691,0.42,79479.3,Pipeline Natural Gas,NA,Combustion turbine,NA,NA,NA,NA,"CAIRNOX, CAIROS, CAIRSO2, RGGI"
NY,Ravenswood Generating Station,2500,CT03-4,NA,2015,88,88,2615,NA,0.013,9e-4,2682.3,0.059,9.549,0.42,45470.1,Pipeline Natural Gas,NA,Combustion turbine,NA,NA,NA,NA,"CSNOX, CSNOXOS, CSSO2G1, RGGI"
NY,Ravenswood Generating Station,2500,CT03-4,NA,2016,127,127,3716,NA,0.392,0.0441,2382.5,0.0609,8.953,0.4876,39818.4,Pipeline Natural Gas,Diesel Oil,Combustion turbine,NA,NA,NA,NA,"CSNOX, CSNOXOS, CSSO2G1, RGGI"
NY,Ravenswood Generating Station,2500,CT03-4,NA,2017,150,150,3954,NA,0.014,9e-4,2603,0.059,11.538,0.523,44123.8,Pipeline Natural Gas,Diesel Oil,Combustion turbine,NA,NA,NA,NA,"CSNOX, CSOSG2, CSSO2G1, RGGI"
NY,Ravenswood Generating Station,2500,CT03-4,NA,2018,0,0,NA,NA,NA,NA,NA,NA,NA,NA,NA,Pipeline Natural Gas,Diesel Oil,Combustion turbine,NA,NA,NA,NA,"CSNOX, CSOSG2, CSSO2G1, RGGI"
NY,Ravenswood Generating Station,2500,CT03-4,NA,2019,0,0,NA,NA,NA,NA,NA,NA,NA,NA,NA,Pipeline Natural Gas,Diesel Oil,Combustion turbine,NA,NA,NA,NA,"CSNOX, CSOSG2, CSSO2G1, RGGI"
NY,Ravenswood Generating Station,2500,CT03-4,NA,2020,0,0,NA,NA,NA,NA,NA,NA,NA,NA,NA,Pipeline Natural Gas,Diesel Oil,Combustion turbine,NA,NA,NA,NA,"CSNOX, CSOSG2, CSSO2G1, RGGI"
NY,Ravenswood Generating Station,2500,CT03-4,NA,2021,0,0,NA,NA,NA,NA,NA,NA,NA,NA,NA,Pipeline Natural Gas,Diesel Oil,Combustion turbine,NA,NA,NA,NA,"CSNOX, CSOSG3, CSSO2G1, RGGI"
NY,Ravenswood Generating Station,2500,UCC001,NA,2004,6693,6624.5,1388141.75,NA,4.095,0.0013,644466.5,0.0594,72.859,0.0262,10813424.55,Pipeline Natural Gas,Diesel Oil,"Combined cycle (Started Jan 05, 2004)",NA,Dry Low NOx Burners|Ammonia Injection,NA,NA,"ARP, NBP"
NY,Ravenswood Generating Station,2500,UCC001,NA,2005,7647,7588.5,1591962.5,NA,5.257,0.0014,745421.1,0.0595,50.364,0.0129,12488496.275,Pipeline Natural Gas,Diesel Oil,Combined cycle,NA,Dry Low NOx Burners|Ammonia Injection,NA,NA,"ARP, NBP"
NY,Ravenswood Generating Station,2500,UCC001,NA,2006,7960,7926.75,1737866.25,NA,3.893,0.0011,751295.175,0.0591,43.718,0.0103,12637624.2,Pipeline Natural Gas,Diesel Oil,Combined cycle,NA,Dry Low NOx Burners|Ammonia Injection,NA,NA,"ARP, NBP"
NY,Ravenswood Generating Station,2500,UCC001,NA,2007,6067,6030.5,1322922.75,NA,4.134,0.0013,577913.075,0.0594,35.983,0.0106,9679935.525,Pipeline Natural Gas,Diesel Oil,Combined cycle,NA,Dry Low NOx Burners|Ammonia Injection,NA,NA,"ARP, NBP"
NY,Ravenswood Generating Station,2500,UCC001,NA,2008,8081,8039.75,1682360.5,NA,3.763,0.001,735751.05,0.059,42.929,0.0094,12376155.45,Pipeline Natural Gas,Diesel Oil,Combined cycle,NA,Dry Low NOx Burners|Ammonia Injection,NA,NA,"ARP, CAIRNOX, CAIROS, NBP"
NY,Ravenswood Generating Station,2500,UCC001,NA,2009,7119,7076,1495827.75,NA,3.792,0.0011,657786.525,0.0593,40.287,0.0097,11035707.35,Pipeline Natural Gas,Diesel Oil,Combined cycle,NA,Dry Low NOx Burners|Ammonia Injection,NA,NA,"ARP, CAIRNOX, CAIROS, CAIRSO2, RGGI"
NY,Ravenswood Generating Station,2500,UCC001,NA,2010,5873,5858,1228664.5,NA,2.826,0.001,537468.25,0.0591,33.72,0.0098,9037729.825,Pipeline Natural Gas,Diesel Oil,Combined cycle,NA,Dry Low NOx Burners|Ammonia Injection,NA,NA,"ARP, CAIRNOX, CAIROS, CAIRSO2, RGGI"
NY,Ravenswood Generating Station,2500,UCC001,NA,2011,7728,7715.75,1585616,NA,3.916,0.001,711978.025,0.0591,43.929,0.0086,11958805.05,Pipeline Natural Gas,Diesel Oil,Combined cycle,NA,Dry Low NOx Burners|Ammonia Injection,NA,NA,"ARP, CAIRNOX, CAIROS, CAIRSO2, RGGI"
NY,Ravenswood Generating Station,2500,UCC001,NA,2012,7033,7014.96,1486785.09,NA,3.347,0.001,662652.866,0.059,38.072,0.0089,11150434.643,Pipeline Natural Gas,Diesel Oil,Combined cycle,NA,Dry Low NOx Burners|Ammonia Injection,NA,NA,"ARP, CAIRNOX, CAIROS, CAIRSO2, RGGI"
NY,Ravenswood Generating Station,2500,UCC001,NA,2013,6892,6861.61,1522839.4,NA,3.287,0.001,649101.447,0.059,36.816,0.0094,10922131.784,Pipeline Natural Gas,Diesel Oil,Combined cycle,NA,Dry Low NOx Burners|Ammonia Injection,NA,NA,"ARP, CAIRNOX, CAIROS, CAIRSO2, RGGI"
NY,Ravenswood Generating Station,2500,UCC001,NA,2014,6927,6895.83,1578313.25,NA,3.5,0.001,679161.149,0.0594,78.564,0.0162,11347616.259,Pipeline Natural Gas,Diesel Oil,Combined cycle,NA,Dry Low NOx Burners|Ammonia Injection,NA,NA,"ARP, CAIRNOX, CAIROS, CAIRSO2, RGGI"
NY,Ravenswood Generating Station,2500,UCC001,NA,2015,6972,6938.86,1583398.64,NA,3.486,0.001,698037.412,0.0593,43.249,0.0096,11673881.447,Pipeline Natural Gas,Diesel Oil,Combined cycle,NA,Dry Low NOx Burners|Ammonia Injection,NA,NA,"ARP, CSNOX, CSNOXOS, CSSO2G1, RGGI"
NY,Ravenswood Generating Station,2500,UCC001,NA,2016,7607,7585.7,1770124.29,NA,3.772,0.001,747058.712,0.059,42.825,0.0084,12570199.663,Pipeline Natural Gas,Diesel Oil,Combined cycle,NA,Dry Low NOx Burners|Ammonia Injection,NA,NA,"ARP, CSNOX, CSNOXOS, CSSO2G1, RGGI"
NY,Ravenswood Generating Station,2500,UCC001,NA,2017,6312,6285.3,1448734.72,NA,3.102,0.001,614513.858,0.059,36.653,0.0098,10335772.146,Pipeline Natural Gas,Diesel Oil,Combined cycle,NA,Dry Low NOx Burners|Ammonia Injection,NA,NA,"ARP, CSNOX, CSOSG2, CSSO2G1, RGGI"
NY,Ravenswood Generating Station,2500,UCC001,NA,2018,6320,6288.61,1401230.05,NA,3.076,0.001,610601.514,0.0593,33.302,0.0091,10231848.807,Pipeline Natural Gas,Diesel Oil,Combined cycle,NA,Dry Low NOx Burners|Ammonia Injection,NA,NA,"ARP, CSNOX, CSOSG2, CSSO2G1, RGGI"
NY,Ravenswood Generating Station,2500,UCC001,NA,2019,6919,6890.63,1594237.21,NA,3.54,0.001,701844.301,0.0592,42.05,0.0084,11776945.658,Pipeline Natural Gas,Diesel Oil,Combined cycle,NA,Dry Low NOx Burners|Ammonia Injection,NA,NA,"ARP, CSNOX, CSOSG2, CSSO2G1, RGGI"
NY,Ravenswood Generating Station,2500,UCC001,NA,2020,6374,6356.45,1487220.17,NA,3.228,0.001,639406.371,0.059,34.86,0.0078,10759272.068,Pipeline Natural Gas,Diesel Oil,Combined cycle,NA,Dry Low NOx Burners|Ammonia Injection,NA,NA,"ARP, CSNOX, CSOSG2, CSSO2G1, RGGI"
NY,Ravenswood Generating Station,2500,UCC001,NA,2021,6711,6700.38,1635431.28,NA,3.503,0.001,693728.976,0.059,37.091,0.0071,11671965.588,Pipeline Natural Gas,Diesel Oil,Combined cycle,NA,Dry Low NOx Burners|Ammonia Injection,NA,NA,"ARP, CSNOX, CSOSG3, CSSO2G1, RGGI"
NY,Ravenswood Generating Station,2500,UCC001,NA,2022,6655,6631.47,1581307.97,NA,3.47,0.001,683963.91,0.0597,42.426,0.0088,11382089.997,Pipeline Natural Gas,Diesel Oil,Combined cycle,NA,Dry Low NOx Burners|Ammonia Injection,NA,NA,"ARP, CSNOX, CSOSG3, CSSO2G1, RGGI"
NY,Ravenswood Generating Station,2500,UCC001,NA,2023,7870,7835.6,1964171.26,NA,4.219,0.001,835256.313,0.0591,47.877,0.0079,14035648.425,Pipeline Natural Gas,Diesel Oil,Combined cycle,NA,Dry Low NOx Burners|Ammonia Injection,NA,NA,"ARP, CSNOX, CSOSG3, CSSO2G1, RGGI"
NY,Ravenswood Generating Station,2500,UCC001,NA,2024,7907,7888.77,1955084.47,NA,4.137,0.001,818834.149,0.0591,44.861,0.0076,13759725.074,Pipeline Natural Gas,Diesel Oil,Combined cycle,NA,Dry Low NOx Burners|Ammonia Injection,NA,NA,"ARP, CSNOX, CSOSG2E, CSSO2G1, RGGI"
NY,Waterside,2502,51,NA,1995,NA,NA,NA,NA,12.4,NA,11944.3,NA,15.3,NA,147428,NA,NA,Tangentially-fired,NA,NA,NA,NA,ARP
NY,Waterside,2502,52,NA,1995,NA,NA,NA,NA,12.6,NA,12201.7,NA,15.7,NA,150604,NA,NA,Tangentially-fired,NA,NA,NA,NA,ARP
NY,Waterside,2502,61,CS0002,1995,NA,NA,NA,NA,62.8,NA,475382.5,NA,150,NA,1404098,NA,NA,Tangentially-fired,NA,NA,NA,NA,ARP
NY,Waterside,2502,61,CS0002,1996,NA,NA,NA,NA,6.4,NA,162138.6,NA,133,NA,2729277,NA,NA,Tangentially-fired,NA,NA,NA,NA,ARP
NY,Waterside,2502,61,CS0002,1997,7573,7558.5,NA,2755255.75,13.439,0.0067,218988.842,0.0596,175.553,0.0905,3653244.727,NA,NA,Tangentially-fired,NA,NA,NA,NA,ARP
NY,Waterside,2502,61,CS0002,1998,7193,7171.25,NA,2452955.75,2.93,0.0022,192201.662,0.0591,147.439,0.0885,3236061.41,NA,NA,Tangentially-fired,NA,NA,NA,NA,ARP
NY,Waterside,2502,61,CS0002,1999,6728,6703,NA,2286073.5,2.335,0.0016,245624.302,0.059,186.713,0.0912,4141518.892,Residual Oil,Pipeline Natural Gas,Tangentially-fired,NA,NA,NA,NA,"ARP, OTC"
NY,Waterside,2502,61,CS0002,2000,7023,6997,NA,2410985.5,2.857,0.0017,269530.367,0.0591,216.342,0.0932,4541795.184,Residual Oil,Pipeline Natural Gas,Tangentially-fired,NA,NA,NA,NA,"ARP, OTC"
NY,Waterside,2502,61,CS0002,2001,7372,7355.25,NA,2373280.5,2.09,0.0015,219272.257,0.059,171.345,0.0897,3695709.245,Residual Oil,Pipeline Natural Gas,Tangentially-fired,NA,NA,NA,NA,"ARP, OTC"
NY,Waterside,2502,61,CS0002,2002,7337,7328.25,NA,2190310.75,3.286,0.002,240477.549,0.0591,179.052,0.0859,4049632.729,Residual Oil,Pipeline Natural Gas,Tangentially-fired,NA,NA,NA,NA,"ARP, OTC"
NY,Waterside,2502,61,CS0002,2003,6690,6679.5,NA,2102886.5,0.978,0.001,192941.199,0.059,133.154,0.0784,3254780.522,Residual Oil,Pipeline Natural Gas,Tangentially-fired,NA,NA,NA,NA,"ARP, NBP"
NY,Waterside,2502,61,CS0002,2004,7397,7388.5,NA,2463203.25,1.203,0.001,237625.055,0.059,173.502,0.0815,4008556.07,Residual Oil,Pipeline Natural Gas,Tangentially-fired,NA,NA,NA,NA,"ARP, NBP"
NY,Waterside,2502,61,CS0002,2005,2528,2522.25,NA,827204,0.433,0.001,85824.329,0.059,62.247,0.0819,1447770.607,Residual Oil,Pipeline Natural Gas,Tangentially-fired,NA,NA,NA,NA,ARP
NY,Waterside,2502,62,CS0002,1995,NA,NA,NA,NA,69.2,NA,523071.5,NA,165,NA,1544953,NA,NA,Tangentially-fired,NA,NA,NA,NA,ARP
NY,Waterside,2502,62,CS0002,1996,NA,NA,NA,NA,5.7,NA,145726.4,NA,112,NA,2426679,NA,NA,Tangentially-fired,NA,NA,NA,NA,ARP
NY,Waterside,2502,62,CS0002,1997,7574,7556.75,NA,3016732,7.39,0.005,237219.259,0.0595,187.379,0.0906,3979637.423,NA,NA,Tangentially-fired,NA,NA,NA,NA,ARP
NY,Waterside,2502,62,CS0002,1998,7324,7306.5,NA,2711781.75,2.964,0.0022,212966.939,0.0591,165.8,0.0893,3586556.59,NA,NA,Tangentially-fired,NA,NA,NA,NA,ARP
NY,Waterside,2502,62,CS0002,1999,6636,6620.25,NA,2351147.75,2.357,0.0016,252696.298,0.059,191.569,0.091,4260802.308,Residual Oil,Pipeline Natural Gas,Tangentially-fired,NA,NA,NA,NA,"ARP, OTC"
NY,Waterside,2502,62,CS0002,2000,6976,6954,NA,2481929.5,2.926,0.0017,278733.833,0.0591,221.874,0.0929,4696950.966,Residual Oil,Pipeline Natural Gas,Tangentially-fired,NA,NA,NA,NA,"ARP, OTC"
NY,Waterside,2502,62,CS0002,2001,7375,7359.5,NA,2526107.5,2.174,0.0015,234125.843,0.059,182.41,0.0897,3946233.855,Residual Oil,Pipeline Natural Gas,Tangentially-fired,NA,NA,NA,NA,"ARP, OTC"
NY,Waterside,2502,62,CS0002,2002,7340,7330.75,NA,2452724.5,3.665,0.002,269330.851,0.0591,200.428,0.0859,4535570.446,Residual Oil,Pipeline Natural Gas,Tangentially-fired,NA,NA,NA,NA,"ARP, OTC"
NY,Waterside,2502,62,CS0002,2003,6698,6685,NA,2317279.25,1.077,0.001,212551.301,0.059,146.601,0.0783,3585589.428,Residual Oil,Pipeline Natural Gas,Tangentially-fired,NA,NA,NA,NA,"ARP, NBP"
NY,Waterside,2502,62,CS0002,2004,7064,7057.5,NA,2451653,1.194,0.001,235703.694,0.059,162.374,0.0787,3976133.779,Residual Oil,Pipeline Natural Gas,Tangentially-fired,NA,NA,NA,NA,"ARP, NBP"
NY,Waterside,2502,62,CS0002,2005,2527,2520.5,NA,873156.25,0.458,0.001,90608.746,0.059,65.437,0.0819,1528478.618,Residual Oil,Pipeline Natural Gas,Tangentially-fired,NA,NA,NA,NA,ARP
NY,Waterside,2502,80,CS0003,1995,NA,NA,NA,NA,40.3,NA,490375.9,NA,372.2,NA,7676728,NA,NA,Tangentially-fired,NA,NA,NA,NA,ARP
NY,Waterside,2502,80,CS0003,1996,NA,NA,NA,NA,2.4,NA,469646.7,NA,263,NA,7915307,NA,NA,Tangentially-fired,NA,NA,NA,NA,ARP
NY,Waterside,2502,80,CS0003,1997,5598,5587.5,NA,3603461.75,2.362,0.0015,198773.404,0.059,117.214,0.067,3350582.568,NA,NA,Tangentially-fired,NA,NA,NA,NA,ARP
NY,Waterside,2502,80,CS0003,1998,5574,5563.75,NA,3503672.5,2.665,0.001,307459.316,0.06,158.336,0.0633,5008728.927,NA,NA,Tangentially-fired,NA,NA,NA,NA,ARP
NY,Waterside,2502,80,CS0003,1999,6664,6649.5,NA,4091185.5,1.761,0.001,352866.684,0.06,193.217,0.0661,5863577.991,Residual Oil,Pipeline Natural Gas,Tangentially-fired,NA,NA,NA,NA,"ARP, OTC"
NY,Waterside,2502,80,CS0003,2000,7783,7770.25,NA,4882840.25,2.929,0.0013,412677.862,0.0592,235.065,0.0663,6953165.75,Residual Oil,Pipeline Natural Gas,Tangentially-fired,NA,NA,NA,NA,"ARP, OTC"
NY,Waterside,2502,80,CS0003,2001,6546,6540.5,NA,3989518,2.989,0.0016,304057.617,0.059,177.777,0.0679,5125079.653,Residual Oil,Pipeline Natural Gas,Tangentially-fired,NA,NA,NA,NA,"ARP, OTC"
NY,Waterside,2502,80,CS0003,2002,7788,7780,NA,4649221.25,2.222,0.001,438370.865,0.059,247.446,0.0664,7394875.749,Residual Oil,Pipeline Natural Gas,Tangentially-fired,NA,NA,NA,NA,"ARP, OTC"
NY,Waterside,2502,80,CS0003,2003,7438,7429.5,NA,4555835,1.975,0.001,390209.991,0.059,198.685,0.0594,6582152.653,Residual Oil,Pipeline Natural Gas,Tangentially-fired,NA,NA,NA,NA,"ARP, NBP"
NY,Waterside,2502,80,CS0003,2004,6490,6483.75,NA,3942151.25,1.731,0.001,341787.973,0.059,180.286,0.0607,5765593.301,Residual Oil,Pipeline Natural Gas,Tangentially-fired,NA,NA,NA,NA,"ARP, NBP"
NY,Waterside,2502,80,CS0003,2005,1940,1939.5,NA,1280906.5,0.545,0.001,107816.334,0.059,60.625,0.065,1818758.622,Residual Oil,Pipeline Natural Gas,Tangentially-fired,NA,NA,NA,NA,ARP
NY,Waterside,2502,90,CS0003,1995,NA,NA,NA,NA,37.7,NA,459627.1,NA,348.8,NA,7195363,NA,NA,Tangentially-fired,NA,NA,NA,NA,ARP
NY,Waterside,2502,90,CS0003,1996,NA,NA,NA,NA,2.4,NA,478630.3,NA,274,NA,8075336,NA,NA,Tangentially-fired,NA,NA,NA,NA,ARP
NY,Waterside,2502,90,CS0003,1997,7060,7047.5,NA,4484197.25,2.782,0.0014,246980.995,0.059,133.062,0.061,4163121.082,NA,NA,Tangentially-fired,NA,NA,NA,NA,ARP
NY,Waterside,2502,90,CS0003,1998,7071,7049,NA,4282902.5,2.902,0.001,366606.084,0.0599,177.94,0.0624,5831489.673,NA,NA,Tangentially-fired,NA,NA,NA,NA,ARP
NY,Waterside,2502,90,CS0003,1999,7337,7319.5,NA,4339647.25,1.889,0.001,378043.716,0.0599,194.159,0.0615,6287657.809,Residual Oil,Pipeline Natural Gas,Tangentially-fired,NA,NA,NA,NA,"ARP, OTC"
NY,Waterside,2502,90,CS0003,2000,6188,6181.25,NA,3870784,2.465,0.0014,329257.489,0.0592,185.658,0.0662,5546086.025,Residual Oil,Pipeline Natural Gas,Tangentially-fired,NA,NA,NA,NA,"ARP, OTC"
NY,Waterside,2502,90,CS0003,2001,7585,7571.25,NA,4533922.5,3.241,0.0015,346535.883,0.059,190.193,0.0643,5841592.247,Residual Oil,Pipeline Natural Gas,Tangentially-fired,NA,NA,NA,NA,"ARP, OTC"
NY,Waterside,2502,90,CS0003,2002,6039,6031.5,NA,3606170.5,1.688,0.001,333129.535,0.059,187.009,0.0664,5619584.151,Residual Oil,Pipeline Natural Gas,Tangentially-fired,NA,NA,NA,NA,"ARP, OTC"
NY,Waterside,2502,90,CS0003,2003,7047,7039.5,NA,4304859.5,1.841,0.001,363914.409,0.059,179.124,0.057,6138885.547,Residual Oil,Pipeline Natural Gas,Tangentially-fired,NA,NA,NA,NA,"ARP, NBP"
NY,Waterside,2502,90,CS0003,2004,6241,6231.5,NA,3822007.5,1.676,0.001,330157.327,0.059,157.208,0.0549,5569433.923,Residual Oil,Pipeline Natural Gas,Tangentially-fired,NA,NA,NA,NA,"ARP, NBP"
NY,Waterside,2502,90,CS0003,2005,2210,2208.75,NA,1463896.75,0.626,0.001,123676.391,0.059,67.065,0.0622,2086296.203,Residual Oil,Pipeline Natural Gas,Tangentially-fired,NA,NA,NA,NA,ARP
NY,59th Street,2503,BLR114,CS0001,1999,1878,1874.25,NA,584124.25,NA,NA,NA,NA,119.442,0.2364,983971.03,Residual Oil,Pipeline Natural Gas,Tangentially-fired,NA,Combustion Modification/Fuel Reburning,NA,NA,OTC
NY,59th Street,2503,BLR114,CS0001,2000,4686,4674.25,NA,1439259.25,NA,NA,NA,NA,350.337,0.2584,2492851.23,Residual Oil,Pipeline Natural Gas,Tangentially-fired,NA,Combustion Modification/Fuel Reburning,NA,NA,OTC
NY,59th Street,2503,BLR114,CS0001,2001,4944,4925,NA,1274248.5,NA,NA,NA,NA,243.849,0.2306,1973736.281,Residual Oil,Pipeline Natural Gas,Tangentially-fired,NA,Combustion Modification/Fuel Reburning,NA,NA,OTC
NY,59th Street,2503,BLR114,CS0001,2002,4533,4504,NA,1142382.5,NA,NA,NA,NA,191.891,0.2251,1629134.315,Residual Oil,Pipeline Natural Gas,Tangentially-fired,NA,Combustion Modification/Fuel Reburning,NA,NA,OTC
NY,59th Street,2503,BLR114,CS0001,2003,5128,5102.25,NA,1544533.75,NA,NA,NA,NA,246.86,0.2387,1948488.778,Residual Oil,Pipeline Natural Gas,Tangentially-fired,NA,Combustion Modification/Fuel Reburning,NA,NA,NBP
NY,59th Street,2503,BLR114,CS0001,2004,4897,4862.5,NA,1505300.75,NA,NA,NA,NA,208.81,0.2233,1790029.539,Residual Oil,Pipeline Natural Gas,Tangentially-fired,NA,Combustion Modification/Fuel Reburning,NA,NA,NBP
NY,59th Street,2503,BLR114,CS0001,2005,5076,5050.75,NA,1640572.25,NA,NA,NA,NA,238.401,0.2272,1990892.046,Residual Oil,Pipeline Natural Gas,Tangentially-fired,NA,Combustion Modification/Fuel Reburning,NA,NA,NBP
NY,59th Street,2503,BLR114,CS0001,2006,3840,3816.25,NA,1161450.5,NA,NA,NA,NA,150.912,0.2031,1421519.833,Residual Oil,Pipeline Natural Gas,Tangentially-fired,NA,Combustion Modification/Fuel Reburning,NA,NA,NBP
NY,59th Street,2503,BLR114,CS0001,2007,5685,5647,NA,1618194.25,NA,NA,NA,NA,243.92,0.2081,2232928.427,Residual Oil,Pipeline Natural Gas,Tangentially-fired,NA,Combustion Modification/Fuel Reburning,NA,NA,NBP
NY,59th Street,2503,BLR114,CS0001,2008,4237,4213.5,NA,1198912,NA,NA,NA,NA,177.576,0.2093,1641335.648,Residual Oil,Pipeline Natural Gas,Tangentially-fired,NA,Combustion Modification/Fuel Reburning,NA,NA,"CAIROS, NBP"
NY,59th Street,2503,BLR114,CS0001,2009,5214,5185.25,NA,1370970.75,NA,NA,NA,NA,231.062,0.2362,1887953.9,Residual Oil,Pipeline Natural Gas,Tangentially-fired,NA,Combustion Modification/Fuel Reburning,NA,NA,CAIROS
NY,59th Street,2503,BLR114,CS0001,2010,3842,3810.5,NA,934016.5,NA,NA,NA,NA,146.423,0.219,1263025.375,Residual Oil,Pipeline Natural Gas,Tangentially-fired,NA,Combustion Modification/Fuel Reburning,NA,NA,CAIROS
NY,59th Street,2503,BLR114,CS0001,2011,4275,4254,NA,1006790.75,NA,NA,NA,NA,136.513,0.2066,1265811.4,Residual Oil,Pipeline Natural Gas,Tangentially-fired,NA,Combustion Modification/Fuel Reburning,NA,NA,CAIROS
NY,59th Street,2503,BLR114,CS0001,2012,3018,2993,NA,667598.25,NA,NA,NA,NA,83.333,0.2055,756683.125,Residual Oil,Pipeline Natural Gas,Tangentially-fired,NA,Combustion Modification/Fuel Reburning,NA,NA,CAIROS
NY,59th Street,2503,BLR114,CS0001,2013,3113,3097.25,NA,771649.5,NA,NA,NA,NA,95.832,0.155,1104899.55,"Residual Oil, Pipeline Natural Gas","Residual Oil, Pipeline Natural Gas",Tangentially-fired,NA,Combustion Modification/Fuel Reburning,NA,NA,CAIROS
NY,59th Street,2503,BLR114,CS0001,2014,4994,4974.5,NA,1195485.75,NA,NA,NA,NA,117.655,0.1169,1753357.75,Pipeline Natural Gas,Residual Oil,Tangentially-fired,NA,Combustion Modification/Fuel Reburning,NA,NA,CAIROS
NY,59th Street,2503,BLR114,CS0001,2015,3861,3847.75,NA,1125429.5,NA,NA,NA,NA,110.256,0.1218,1649512.125,Pipeline Natural Gas,Residual Oil,Tangentially-fired,NA,Combustion Modification/Fuel Reburning,NA,NA,SIPNOX
NY,59th Street,2503,BLR114,CS0001,2016,2553,2534.25,NA,779406.75,NA,NA,NA,NA,63.741,0.107,1095877.05,Pipeline Natural Gas,Residual Oil,Tangentially-fired,NA,Combustion Modification/Fuel Reburning,NA,NA,SIPNOX
NY,59th Street,2503,BLR114,CS0001,2017,2968,2950.25,NA,894889.5,NA,NA,NA,NA,81.167,0.1069,1377519.25,Pipeline Natural Gas,Residual Oil,Tangentially-fired,NA,Combustion Modification/Fuel Reburning,NA,NA,SIPNOX
NY,59th Street,2503,BLR114,CS0001,2018,3093,3079.75,NA,969088,NA,NA,NA,NA,93.174,0.1169,1434748.775,Pipeline Natural Gas,Residual Oil,Tangentially-fired,NA,Combustion Modification/Fuel Reburning,NA,NA,SIPNOX
NY,59th Street,2503,BLR114,CS0001,2019,4387,4378,NA,1229269.25,NA,NA,NA,NA,100.219,0.1009,1785214.775,Pipeline Natural Gas,Residual Oil,Tangentially-fired,NA,Combustion Modification/Fuel Reburning,NA,NA,SIPNOX
NY,59th Street,2503,BLR114,CS0001,2020,3223,3220,NA,959137.75,NA,NA,NA,NA,75.637,0.0985,1390302.7,Pipeline Natural Gas,Residual Oil,Tangentially-fired,NA,Combustion Modification/Fuel Reburning,NA,NA,SIPNOX
NY,59th Street,2503,BLR114,CS0001,2021,3222,3212,NA,995032.75,NA,NA,NA,NA,83.999,0.104,1452077.65,Pipeline Natural Gas,Residual Oil,Tangentially-fired,NA,Combustion Modification/Fuel Reburning,NA,NA,SIPNOX
NY,59th Street,2503,BLR114,CS0001,2022,3235,3226.5,NA,979415.5,NA,NA,NA,NA,86.857,0.1114,1423790.2,Pipeline Natural Gas,Residual Oil,Tangentially-fired,NA,Combustion Modification/Fuel Reburning,NA,NA,SIPNOX
NY,59th Street,2503,BLR114,CS0001,2023,4829,4819.5,NA,1244301.75,NA,NA,NA,NA,91.468,0.0925,1797386.9,Pipeline Natural Gas,Residual Oil,Tangentially-fired,NA,Combustion Modification/Fuel Reburning,NA,NA,SIPNOX
NY,59th Street,2503,BLR114,CS0001,2024,3967,3950.75,NA,1094079,NA,NA,NA,NA,85.157,0.0929,1618312.95,Pipeline Natural Gas,Residual Oil,Tangentially-fired,NA,Combustion Modification/Fuel Reburning,NA,NA,SIPNOX
NY,59th Street,2503,BLR115,CS0001,1999,2117,2111.5,NA,649645,NA,NA,NA,NA,100.521,0.2324,843932.667,Residual Oil,Pipeline Natural Gas,Tangentially-fired,NA,Combustion Modification/Fuel Reburning,NA,NA,OTC
NY,59th Street,2503,BLR115,CS0001,2000,3702,3689.75,NA,1125349.25,NA,NA,NA,NA,217.094,0.265,1570433.854,Residual Oil,Pipeline Natural Gas,Tangentially-fired,NA,Combustion Modification/Fuel Reburning,NA,NA,OTC
NY,59th Street,2503,BLR115,CS0001,2001,3041,3001.25,NA,720351.75,NA,NA,NA,NA,159.715,0.2522,1197306.893,Residual Oil,Pipeline Natural Gas,Tangentially-fired,NA,Combustion Modification/Fuel Reburning,NA,NA,OTC
NY,59th Street,2503,BLR115,CS0001,2002,3468,3434.5,NA,849056,NA,NA,NA,NA,144.413,0.2308,1197649.007,Residual Oil,Pipeline Natural Gas,Tangentially-fired,NA,Combustion Modification/Fuel Reburning,NA,NA,OTC
NY,59th Street,2503,BLR115,CS0001,2003,5797,5761,NA,1594399.5,NA,NA,NA,NA,253.35,0.2211,2187244.586,Residual Oil,Pipeline Natural Gas,Tangentially-fired,NA,Combustion Modification/Fuel Reburning,NA,NA,NBP
NY,59th Street,2503,BLR115,CS0001,2004,5413,5374.5,NA,1436895,NA,NA,NA,NA,233.735,0.2211,2018951.933,Residual Oil,Pipeline Natural Gas,Tangentially-fired,NA,Combustion Modification/Fuel Reburning,NA,NA,NBP
NY,59th Street,2503,BLR115,CS0001,2005,3440,3419,NA,983197.5,NA,NA,NA,NA,175.503,0.2425,1380636.391,Residual Oil,Pipeline Natural Gas,Tangentially-fired,NA,Combustion Modification/Fuel Reburning,NA,NA,NBP
NY,59th Street,2503,BLR115,CS0001,2006,3911,3882,NA,1178183.75,NA,NA,NA,NA,161.595,0.2078,1489333.158,Residual Oil,Pipeline Natural Gas,Tangentially-fired,NA,Combustion Modification/Fuel Reburning,NA,NA,NBP
NY,59th Street,2503,BLR115,CS0001,2007,5558,5525.75,NA,1606016.5,NA,NA,NA,NA,231.784,0.2126,2088788.653,Residual Oil,Pipeline Natural Gas,Tangentially-fired,NA,Combustion Modification/Fuel Reburning,NA,NA,NBP
NY,59th Street,2503,BLR115,CS0001,2008,4797,4772.75,NA,1237118.5,NA,NA,NA,NA,197.589,0.221,1702818.139,Residual Oil,Pipeline Natural Gas,Tangentially-fired,NA,Combustion Modification/Fuel Reburning,NA,NA,"CAIROS, NBP"
NY,59th Street,2503,BLR115,CS0001,2009,4388,4362.25,NA,1117875.5,NA,NA,NA,NA,199.989,0.2488,1547490.175,Residual Oil,Pipeline Natural Gas,Tangentially-fired,NA,Combustion Modification/Fuel Reburning,NA,NA,CAIROS
NY,59th Street,2503,BLR115,CS0001,2010,4480,4452.75,NA,1075419.25,NA,NA,NA,NA,171.175,0.2189,1459286.375,Residual Oil,Pipeline Natural Gas,Tangentially-fired,NA,Combustion Modification/Fuel Reburning,NA,NA,CAIROS
NY,59th Street,2503,BLR115,CS0001,2011,3444,3426.75,NA,823572.25,NA,NA,NA,NA,125.147,0.215,1114096.125,Residual Oil,Pipeline Natural Gas,Tangentially-fired,NA,Combustion Modification/Fuel Reburning,NA,NA,CAIROS
NY,59th Street,2503,BLR115,CS0001,2012,2617,2592.5,NA,618675.75,NA,NA,NA,NA,85.393,0.2127,741108.425,Residual Oil,Pipeline Natural Gas,Tangentially-fired,NA,Combustion Modification/Fuel Reburning,NA,NA,CAIROS
NY,59th Street,2503,BLR115,CS0001,2013,3578,3552.75,NA,862148,NA,NA,NA,NA,107.153,0.1495,1279706.725,"Residual Oil, Pipeline Natural Gas","Residual Oil, Pipeline Natural Gas",Tangentially-fired,NA,Combustion Modification/Fuel Reburning,NA,NA,CAIROS
NY,59th Street,2503,BLR115,CS0001,2014,4723,4713.25,NA,1221831,NA,NA,NA,NA,124.131,0.1229,1793188,Pipeline Natural Gas,Residual Oil,Tangentially-fired,NA,Combustion Modification/Fuel Reburning,NA,NA,CAIROS
NY,59th Street,2503,BLR115,CS0001,2015,2808,2796.75,NA,857355.5,NA,NA,NA,NA,95.275,0.1364,1286307.55,Pipeline Natural Gas,Residual Oil,Tangentially-fired,NA,Combustion Modification/Fuel Reburning,NA,NA,SIPNOX
NY,59th Street,2503,BLR115,CS0001,2016,3910,3897,NA,1175318.5,NA,NA,NA,NA,104.172,0.1092,1750274.05,Pipeline Natural Gas,Residual Oil,Tangentially-fired,NA,Combustion Modification/Fuel Reburning,NA,NA,SIPNOX
NY,59th Street,2503,BLR115,CS0001,2017,3367,3357,NA,1071705.5,NA,NA,NA,NA,90.595,0.1062,1549453.55,Pipeline Natural Gas,Residual Oil,Tangentially-fired,NA,Combustion Modification/Fuel Reburning,NA,NA,SIPNOX
NY,59th Street,2503,BLR115,CS0001,2018,4836,4823.25,NA,1458515.5,NA,NA,NA,NA,118.145,0.1015,2079034.625,Pipeline Natural Gas,Residual Oil,Tangentially-fired,NA,Combustion Modification/Fuel Reburning,NA,NA,SIPNOX
NY,59th Street,2503,BLR115,CS0001,2019,3900,3884.25,NA,1140203.25,NA,NA,NA,NA,94.676,0.1046,1638068.5,Pipeline Natural Gas,Residual Oil,Tangentially-fired,NA,Combustion Modification/Fuel Reburning,NA,NA,SIPNOX
NY,59th Street,2503,BLR115,CS0001,2020,2428,2422.5,NA,735592.75,NA,NA,NA,NA,57.867,0.1013,1044191.5,Pipeline Natural Gas,Residual Oil,Tangentially-fired,NA,Combustion Modification/Fuel Reburning,NA,NA,SIPNOX
NY,59th Street,2503,BLR115,CS0001,2021,3294,3280.25,NA,1034287.5,NA,NA,NA,NA,85.639,0.1045,1474151.35,Pipeline Natural Gas,Residual Oil,Tangentially-fired,NA,Combustion Modification/Fuel Reburning,NA,NA,SIPNOX
NY,59th Street,2503,BLR115,CS0001,2022,4699,4679.5,NA,1353997,NA,NA,NA,NA,111.259,0.1039,1936371.6,Pipeline Natural Gas,Residual Oil,Tangentially-fired,NA,Combustion Modification/Fuel Reburning,NA,NA,SIPNOX
NY,59th Street,2503,BLR115,CS0001,2023,3099,3092.5,NA,807228,NA,NA,NA,NA,56.388,0.0896,1138403.8,Pipeline Natural Gas,Residual Oil,Tangentially-fired,NA,Combustion Modification/Fuel Reburning,NA,NA,SIPNOX
NY,59th Street,2503,BLR115,CS0001,2024,2449,2440.75,NA,691822.75,NA,NA,NA,NA,53.281,0.098,978540.525,Pipeline Natural Gas,Residual Oil,Tangentially-fired,NA,Combustion Modification/Fuel Reburning,NA,NA,SIPNOX
NY,59th Street,2503,BLR116,CS0001,1999,3457,3362,NA,329241.75,NA,NA,NA,NA,76.459,0.2269,655495.034,Residual Oil,Pipeline Natural Gas,Dry bottom wall-fired boiler,NA,Combustion Modification/Fuel Reburning,NA,NA,OTC
NY,59th Street,2503,BLR116,CS0001,2000,5004,4865,NA,433669,NA,NA,NA,NA,81.375,0.2318,693540.004,Residual Oil,Pipeline Natural Gas,Dry bottom wall-fired boiler,NA,Combustion Modification/Fuel Reburning,NA,NA,OTC
NY,59th Street,2503,BLR116,CS0001,2001,4813,4676.25,NA,426570.25,NA,NA,NA,NA,81.846,0.2195,734218.691,Residual Oil,Pipeline Natural Gas,Dry bottom wall-fired boiler,NA,Combustion Modification/Fuel Reburning,NA,NA,OTC
NY,59th Street,2503,BLR116,CS0001,2002,5633,5482,NA,485551.75,NA,NA,NA,NA,75.133,0.1975,747442.901,Residual Oil,Pipeline Natural Gas,Dry bottom wall-fired boiler,NA,Combustion Modification/Fuel Reburning,NA,NA,OTC
NY,59th Street,2503,BLR116,CS0001,2003,4021,3947.25,NA,370169,NA,NA,NA,NA,62.572,0.226,509629.985,Residual Oil,Pipeline Natural Gas,Dry bottom wall-fired boiler,NA,Combustion Modification/Fuel Reburning,NA,NA,NBP
NY,59th Street,2503,BLR116,CS0001,2004,5268,5133,NA,440992.25,NA,NA,NA,NA,67.149,0.2219,576666.815,Residual Oil,Pipeline Natural Gas,Dry bottom wall-fired boiler,NA,Combustion Modification/Fuel Reburning,NA,NA,NBP
NY,59th Street,2503,BLR116,CS0001,2005,6207,6117.75,NA,544827.5,NA,NA,NA,NA,76.041,0.2158,663508.1,Residual Oil,Pipeline Natural Gas,Dry bottom wall-fired boiler,NA,Combustion Modification/Fuel Reburning,NA,NA,NBP
NY,59th Street,2503,BLR116,CS0001,2006,5492,5371.25,NA,407669,NA,NA,NA,NA,45.355,0.1795,473272.996,Residual Oil,Pipeline Natural Gas,Dry bottom wall-fired boiler,NA,Combustion Modification/Fuel Reburning,NA,NA,NBP
NY,59th Street,2503,BLR116,CS0001,2007,4900,4775.75,NA,427507.5,NA,NA,NA,NA,52.405,0.194,497772.592,Residual Oil,Pipeline Natural Gas,Dry bottom wall-fired boiler,NA,Combustion Modification/Fuel Reburning,NA,NA,NBP
NY,59th Street,2503,BLR116,CS0001,2008,5899,5790,NA,505682,NA,NA,NA,NA,63.151,0.2001,599168.143,Residual Oil,Pipeline Natural Gas,Dry bottom wall-fired boiler,NA,Combustion Modification/Fuel Reburning,NA,NA,"CAIROS, NBP"
NY,59th Street,2503,BLR116,CS0001,2009,5485,5387.5,NA,457522.5,NA,NA,NA,NA,61.006,0.2136,537975.65,Residual Oil,Pipeline Natural Gas,Dry bottom wall-fired boiler,NA,Combustion Modification/Fuel Reburning,NA,NA,CAIROS
NY,59th Street,2503,BLR116,CS0001,2010,4616,4497.5,NA,390346.5,NA,NA,NA,NA,50.383,0.2036,472125.125,Residual Oil,Pipeline Natural Gas,Dry bottom wall-fired boiler,NA,Combustion Modification/Fuel Reburning,NA,NA,CAIROS
NY,59th Street,2503,BLR116,CS0001,2011,5483,5362.75,NA,407141.75,NA,NA,NA,NA,54.283,0.1825,564513.075,Residual Oil,Pipeline Natural Gas,Dry bottom wall-fired boiler,NA,Combustion Modification/Fuel Reburning,NA,NA,CAIROS
NY,59th Street,2503,BLR116,CS0001,2012,4895,4785.75,NA,432774.25,NA,NA,NA,NA,48.422,0.1706,527530.25,Residual Oil,Pipeline Natural Gas,Dry bottom wall-fired boiler,NA,Combustion Modification/Fuel Reburning,NA,NA,CAIROS
NY,59th Street,2503,BLR116,CS0001,2013,4130,4020,NA,351875.25,NA,NA,NA,NA,37.149,0.161,399263.55,Residual Oil,Pipeline Natural Gas,Dry bottom wall-fired boiler,NA,Combustion Modification/Fuel Reburning,NA,NA,CAIROS
NY,59th Street,2503,BLR116,CS0001,2014,4438,4327.5,NA,365726.5,NA,NA,NA,NA,24.029,0.1161,402094.425,Residual Oil,Pipeline Natural Gas,Dry bottom wall-fired boiler,NA,Combustion Modification/Fuel Reburning,NA,NA,CAIROS
NY,59th Street,2503,BLR116,CS0001,2015,4860,4729.25,NA,422937,NA,NA,NA,NA,25.834,0.1055,467306.425,Residual Oil,Pipeline Natural Gas,Dry bottom wall-fired boiler,NA,Combustion Modification/Fuel Reburning,NA,NA,SIPNOX
NY,59th Street,2503,BLR116,CS0001,2016,4615,4505.75,NA,380250.75,NA,NA,NA,NA,22.038,0.0927,453824,Residual Oil,Pipeline Natural Gas,Dry bottom wall-fired boiler,NA,Combustion Modification/Fuel Reburning,NA,NA,SIPNOX
NY,59th Street,2503,BLR116,CS0001,2017,3721,3611.25,NA,292515.5,NA,NA,NA,NA,17.959,0.0963,360037.125,Residual Oil,Pipeline Natural Gas,Dry bottom wall-fired boiler,NA,Combustion Modification/Fuel Reburning,NA,NA,SIPNOX
NY,59th Street,2503,BLR116,CS0001,2018,4652,4510.75,NA,350505.75,NA,NA,NA,NA,20.404,0.0931,424590.25,Residual Oil,Pipeline Natural Gas,Dry bottom wall-fired boiler,NA,Combustion Modification/Fuel Reburning,NA,NA,SIPNOX
NY,59th Street,2503,BLR116,CS0001,2019,2822,2713.75,NA,203382.5,NA,NA,NA,NA,12.744,0.0983,249763.075,Residual Oil,Pipeline Natural Gas,Dry bottom wall-fired boiler,NA,Combustion Modification/Fuel Reburning,NA,NA,SIPNOX
NY,59th Street,2503,BLR116,CS0001,2020,1545,1470,NA,108654,NA,NA,NA,NA,5.463,0.0766,138054.15,Residual Oil,Pipeline Natural Gas,Dry bottom wall-fired boiler,NA,Combustion Modification/Fuel Reburning,NA,NA,SIPNOX
NY,59th Street,2503,BLR116,CS0001,2021,1999,1897,NA,131917.75,NA,NA,NA,NA,7.674,0.089,165974.025,Residual Oil,Pipeline Natural Gas,Dry bottom wall-fired boiler,NA,Combustion Modification/Fuel Reburning,NA,NA,SIPNOX
NY,59th Street,2503,BLR116,CS0001,2022,1813,1727.75,NA,127225.5,NA,NA,NA,NA,8.657,0.1063,161501.225,Residual Oil,Pipeline Natural Gas,Dry bottom wall-fired boiler,NA,Combustion Modification/Fuel Reburning,NA,NA,SIPNOX
NY,59th Street,2503,BLR116,CS0001,2023,1258,1192,NA,82075,NA,NA,NA,NA,6.554,0.1222,104144.6,Residual Oil,Pipeline Natural Gas,Dry bottom wall-fired boiler,NA,Combustion Modification/Fuel Reburning,NA,NA,SIPNOX
NY,59th Street,2503,BLR116,CS0001,2024,942,877,NA,55390.75,NA,NA,NA,NA,4.087,0.0934,83522.45,Residual Oil,Pipeline Natural Gas,Dry bottom wall-fired boiler,NA,Combustion Modification/Fuel Reburning,NA,NA,SIPNOX
NY,59th Street,2503,BLR117,CS0001,1999,3458,3364.75,NA,325625.5,NA,NA,NA,NA,75.565,0.227,646805.695,Residual Oil,Pipeline Natural Gas,Dry bottom wall-fired boiler,NA,Combustion Modification/Fuel Reburning,NA,NA,OTC
NY,59th Street,2503,BLR117,CS0001,2000,5001,4865.75,NA,436058.5,NA,NA,NA,NA,81.901,0.2317,695461.169,Residual Oil,Pipeline Natural Gas,Dry bottom wall-fired boiler,NA,Combustion Modification/Fuel Reburning,NA,NA,OTC
NY,59th Street,2503,BLR117,CS0001,2001,4959,4820.5,NA,430531.25,NA,NA,NA,NA,83.786,0.2171,768095.472,Residual Oil,Pipeline Natural Gas,Dry bottom wall-fired boiler,NA,Combustion Modification/Fuel Reburning,NA,NA,OTC
NY,59th Street,2503,BLR117,CS0001,2002,5711,5563.25,NA,493010.75,NA,NA,NA,NA,77.031,0.1968,768500.293,Residual Oil,Pipeline Natural Gas,Dry bottom wall-fired boiler,NA,Combustion Modification/Fuel Reburning,NA,NA,OTC
NY,59th Street,2503,BLR117,CS0001,2003,6212,6094.75,NA,624750,NA,NA,NA,NA,93.649,0.2233,784822.726,Residual Oil,Pipeline Natural Gas,Dry bottom wall-fired boiler,NA,Combustion Modification/Fuel Reburning,NA,NA,NBP
NY,59th Street,2503,BLR117,CS0001,2004,4791,4680,NA,404362,NA,NA,NA,NA,59.673,0.2227,511565.439,Residual Oil,Pipeline Natural Gas,Dry bottom wall-fired boiler,NA,Combustion Modification/Fuel Reburning,NA,NA,NBP
NY,59th Street,2503,BLR117,CS0001,2005,6280,6192.75,NA,518318.25,NA,NA,NA,NA,76.636,0.2151,672737.158,Residual Oil,Pipeline Natural Gas,Dry bottom wall-fired boiler,NA,Combustion Modification/Fuel Reburning,NA,NA,NBP
NY,59th Street,2503,BLR117,CS0001,2006,5432,5310.75,NA,394703.5,NA,NA,NA,NA,47.05,0.1823,481669.044,Residual Oil,Pipeline Natural Gas,Dry bottom wall-fired boiler,NA,Combustion Modification/Fuel Reburning,NA,NA,NBP
NY,59th Street,2503,BLR117,CS0001,2007,4876,4749,NA,418811.25,NA,NA,NA,NA,52.191,0.1934,497818.555,Residual Oil,Pipeline Natural Gas,Dry bottom wall-fired boiler,NA,Combustion Modification/Fuel Reburning,NA,NA,NBP
NY,59th Street,2503,BLR117,CS0001,2008,6111,5990.75,NA,519050,NA,NA,NA,NA,68.232,0.2018,638367.734,Residual Oil,Pipeline Natural Gas,Dry bottom wall-fired boiler,NA,Combustion Modification/Fuel Reburning,NA,NA,"CAIROS, NBP"
NY,59th Street,2503,BLR117,CS0001,2009,5756,5660.5,NA,470742,NA,NA,NA,NA,70.017,0.2143,611288.875,Residual Oil,Pipeline Natural Gas,Dry bottom wall-fired boiler,NA,Combustion Modification/Fuel Reburning,NA,NA,CAIROS
NY,59th Street,2503,BLR117,CS0001,2010,4668,4550.5,NA,420003.75,NA,NA,NA,NA,51.371,0.2035,481497.2,Residual Oil,Pipeline Natural Gas,Dry bottom wall-fired boiler,NA,Combustion Modification/Fuel Reburning,NA,NA,CAIROS
NY,59th Street,2503,BLR117,CS0001,2011,5635,5520.75,NA,518345.75,NA,NA,NA,NA,57.086,0.1804,598006.725,Residual Oil,Pipeline Natural Gas,Dry bottom wall-fired boiler,NA,Combustion Modification/Fuel Reburning,NA,NA,CAIROS
NY,59th Street,2503,BLR117,CS0001,2012,5132,5020,NA,482112.5,NA,NA,NA,NA,53.508,0.1757,567122.875,Residual Oil,Pipeline Natural Gas,Dry bottom wall-fired boiler,NA,Combustion Modification/Fuel Reburning,NA,NA,CAIROS
NY,59th Street,2503,BLR117,CS0001,2013,4164,4053.25,NA,351311.75,NA,NA,NA,NA,36.27,0.1616,396496.05,Residual Oil,Pipeline Natural Gas,Dry bottom wall-fired boiler,NA,Combustion Modification/Fuel Reburning,NA,NA,CAIROS
NY,59th Street,2503,BLR117,CS0001,2014,4412,4313,NA,364372,NA,NA,NA,NA,23.723,0.115,402070.825,Residual Oil,Pipeline Natural Gas,Dry bottom wall-fired boiler,NA,Combustion Modification/Fuel Reburning,NA,NA,CAIROS
NY,59th Street,2503,BLR117,CS0001,2015,4736,4605,NA,399938.75,NA,NA,NA,NA,24.913,0.107,456866.125,Residual Oil,Pipeline Natural Gas,Dry bottom wall-fired boiler,NA,Combustion Modification/Fuel Reburning,NA,NA,SIPNOX
NY,59th Street,2503,BLR117,CS0001,2016,4830,4709.5,NA,391222,NA,NA,NA,NA,22.659,0.0913,473410.2,Residual Oil,Pipeline Natural Gas,Dry bottom wall-fired boiler,NA,Combustion Modification/Fuel Reburning,NA,NA,SIPNOX
NY,59th Street,2503,BLR117,CS0001,2017,4019,3903.75,NA,332896.25,NA,NA,NA,NA,19.124,0.0948,387878.15,Residual Oil,Pipeline Natural Gas,Dry bottom wall-fired boiler,NA,Combustion Modification/Fuel Reburning,NA,NA,SIPNOX
NY,59th Street,2503,BLR117,CS0001,2018,4672,4536.5,NA,363294,NA,NA,NA,NA,20.22,0.0925,423261.425,Residual Oil,Pipeline Natural Gas,Dry bottom wall-fired boiler,NA,Combustion Modification/Fuel Reburning,NA,NA,SIPNOX
NY,59th Street,2503,BLR117,CS0001,2019,2824,2720.5,NA,210080.5,NA,NA,NA,NA,12.7,0.0973,251406.6,Residual Oil,Pipeline Natural Gas,Dry bottom wall-fired boiler,NA,Combustion Modification/Fuel Reburning,NA,NA,SIPNOX
NY,59th Street,2503,BLR117,CS0001,2020,1504,1419.25,NA,106832.25,NA,NA,NA,NA,4.908,0.0788,121795.4,Residual Oil,Pipeline Natural Gas,Dry bottom wall-fired boiler,NA,Combustion Modification/Fuel Reburning,NA,NA,SIPNOX
NY,59th Street,2503,BLR117,CS0001,2021,1980,1871,NA,138983,NA,NA,NA,NA,6.52,0.0866,146804.05,Residual Oil,Pipeline Natural Gas,Dry bottom wall-fired boiler,NA,Combustion Modification/Fuel Reburning,NA,NA,SIPNOX
NY,59th Street,2503,BLR117,CS0001,2022,1819,1735.5,NA,134135.5,NA,NA,NA,NA,8.583,0.1055,161844.95,Residual Oil,Pipeline Natural Gas,Dry bottom wall-fired boiler,NA,Combustion Modification/Fuel Reburning,NA,NA,SIPNOX
NY,59th Street,2503,BLR117,CS0001,2023,1551,1470.75,NA,103622,NA,NA,NA,NA,7.273,0.1142,123984.875,Residual Oil,Pipeline Natural Gas,Dry bottom wall-fired boiler,NA,Combustion Modification/Fuel Reburning,NA,NA,SIPNOX
NY,59th Street,2503,BLR117,CS0001,2024,1289,1204.25,NA,80276.5,NA,NA,NA,NA,4.654,0.0927,97965.95,Residual Oil,Pipeline Natural Gas,Dry bottom wall-fired boiler,NA,Combustion Modification/Fuel Reburning,NA,NA,SIPNOX
NY,59th Street,2503,BLR118,CS0001,1999,3326,3238,NA,330873.5,NA,NA,NA,NA,77.332,0.2261,662952.066,Residual Oil,Pipeline Natural Gas,Dry bottom wall-fired boiler,NA,Combustion Modification/Fuel Reburning,NA,NA,OTC
NY,59th Street,2503,BLR118,CS0001,2000,4751,4620.75,NA,427766.5,NA,NA,NA,NA,80.474,0.2311,689424.999,Residual Oil,Pipeline Natural Gas,Dry bottom wall-fired boiler,NA,Combustion Modification/Fuel Reburning,NA,NA,OTC
NY,59th Street,2503,BLR118,CS0001,2001,4442,4314,NA,411262.75,NA,NA,NA,NA,77.308,0.2198,693873.79,Residual Oil,Pipeline Natural Gas,Dry bottom wall-fired boiler,NA,Combustion Modification/Fuel Reburning,NA,NA,OTC
NY,59th Street,2503,BLR118,CS0001,2002,5653,5504.75,NA,464893.25,NA,NA,NA,NA,75.42,0.1957,755787.283,Residual Oil,Pipeline Natural Gas,Dry bottom wall-fired boiler,NA,Combustion Modification/Fuel Reburning,NA,NA,OTC
NY,59th Street,2503,BLR118,CS0001,2003,6072,5955.5,NA,570630.25,NA,NA,NA,NA,93.132,0.2255,773250.212,Residual Oil,Pipeline Natural Gas,Dry bottom wall-fired boiler,NA,Combustion Modification/Fuel Reburning,NA,NA,NBP
NY,59th Street,2503,BLR118,CS0001,2004,4957,4832,NA,419073.25,NA,NA,NA,NA,63.503,0.2223,542802.272,Residual Oil,Pipeline Natural Gas,Dry bottom wall-fired boiler,NA,Combustion Modification/Fuel Reburning,NA,NA,NBP
NY,59th Street,2503,BLR118,CS0001,2005,5946,5850.25,NA,529107,NA,NA,NA,NA,69.888,0.2129,618167.121,Residual Oil,Pipeline Natural Gas,Dry bottom wall-fired boiler,NA,Combustion Modification/Fuel Reburning,NA,NA,NBP
NY,59th Street,2503,BLR118,CS0001,2006,5318,5206.25,NA,386332.5,NA,NA,NA,NA,45.127,0.1821,463028.203,Residual Oil,Pipeline Natural Gas,Dry bottom wall-fired boiler,NA,Combustion Modification/Fuel Reburning,NA,NA,NBP
NY,59th Street,2503,BLR118,CS0001,2007,4950,4813,NA,423818.75,NA,NA,NA,NA,53.095,0.1941,505007.699,Residual Oil,Pipeline Natural Gas,Dry bottom wall-fired boiler,NA,Combustion Modification/Fuel Reburning,NA,NA,NBP
NY,59th Street,2503,BLR118,CS0001,2008,5999,5881.5,NA,522830.5,NA,NA,NA,NA,65.845,0.2008,618784.543,Residual Oil,Pipeline Natural Gas,Dry bottom wall-fired boiler,NA,Combustion Modification/Fuel Reburning,NA,NA,"CAIROS, NBP"
NY,59th Street,2503,BLR118,CS0001,2009,5430,5323.5,NA,453115.25,NA,NA,NA,NA,60.884,0.2126,539588,Residual Oil,Pipeline Natural Gas,Dry bottom wall-fired boiler,NA,Combustion Modification/Fuel Reburning,NA,NA,CAIROS
NY,59th Street,2503,BLR118,CS0001,2010,4569,4460.25,NA,398658.25,NA,NA,NA,NA,51.98,0.204,487516.625,Residual Oil,Pipeline Natural Gas,Dry bottom wall-fired boiler,NA,Combustion Modification/Fuel Reburning,NA,NA,CAIROS
NY,59th Street,2503,BLR118,CS0001,2011,5724,5618.5,NA,466763.25,NA,NA,NA,NA,58.948,0.1805,625172.25,Residual Oil,Pipeline Natural Gas,Dry bottom wall-fired boiler,NA,Combustion Modification/Fuel Reburning,NA,NA,CAIROS
NY,59th Street,2503,BLR118,CS0001,2012,5236,5132.25,NA,498435.25,NA,NA,NA,NA,55.3,0.1726,598257.075,Residual Oil,Pipeline Natural Gas,Dry bottom wall-fired boiler,NA,Combustion Modification/Fuel Reburning,NA,NA,CAIROS
NY,59th Street,2503,BLR118,CS0001,2013,3878,3764.25,NA,333544.5,NA,NA,NA,NA,34.712,0.1637,375613.4,Residual Oil,Pipeline Natural Gas,Dry bottom wall-fired boiler,NA,Combustion Modification/Fuel Reburning,NA,NA,CAIROS
NY,59th Street,2503,BLR118,CS0001,2014,4379,4283.25,NA,356814.75,NA,NA,NA,NA,23.916,0.115,402532.275,Residual Oil,Pipeline Natural Gas,Dry bottom wall-fired boiler,NA,Combustion Modification/Fuel Reburning,NA,NA,CAIROS
NY,59th Street,2503,BLR118,CS0001,2015,4800,4680,NA,403043,NA,NA,NA,NA,26.267,0.1062,471041.45,Residual Oil,Pipeline Natural Gas,Dry bottom wall-fired boiler,NA,Combustion Modification/Fuel Reburning,NA,NA,SIPNOX
NY,59th Street,2503,BLR118,CS0001,2016,4559,4430.75,NA,347563,NA,NA,NA,NA,22.091,0.0926,456415.525,Residual Oil,Pipeline Natural Gas,Dry bottom wall-fired boiler,NA,Combustion Modification/Fuel Reburning,NA,NA,SIPNOX
NY,59th Street,2503,BLR118,CS0001,2017,3880,3760,NA,298000.5,NA,NA,NA,NA,18.918,0.095,384156.6,Residual Oil,Pipeline Natural Gas,Dry bottom wall-fired boiler,NA,Combustion Modification/Fuel Reburning,NA,NA,SIPNOX
NY,59th Street,2503,BLR118,CS0001,2018,4313,4177.75,NA,320543.25,NA,NA,NA,NA,20.004,0.095,407876.025,Residual Oil,Pipeline Natural Gas,Dry bottom wall-fired boiler,NA,Combustion Modification/Fuel Reburning,NA,NA,SIPNOX
NY,59th Street,2503,BLR118,CS0001,2019,2698,2587,NA,192269,NA,NA,NA,NA,12.315,0.0994,240075.5,Residual Oil,Pipeline Natural Gas,Dry bottom wall-fired boiler,NA,Combustion Modification/Fuel Reburning,NA,NA,SIPNOX
NY,59th Street,2503,BLR118,CS0001,2020,1423,1349.75,NA,106194,NA,NA,NA,NA,5.149,0.08,124790.6,Residual Oil,Pipeline Natural Gas,Dry bottom wall-fired boiler,NA,Combustion Modification/Fuel Reburning,NA,NA,SIPNOX
NY,59th Street,2503,BLR118,CS0001,2021,1686,1583.75,NA,120678,NA,NA,NA,NA,6.487,0.092,134825.1,Residual Oil,Pipeline Natural Gas,Dry bottom wall-fired boiler,NA,Combustion Modification/Fuel Reburning,NA,NA,SIPNOX
NY,59th Street,2503,BLR118,CS0001,2022,1339,1280.25,NA,89838,NA,NA,NA,NA,6.322,0.1106,112491.25,Residual Oil,Pipeline Natural Gas,Dry bottom wall-fired boiler,NA,Combustion Modification/Fuel Reburning,NA,NA,SIPNOX
NY,59th Street,2503,BLR118,CS0001,2023,1306,1233.75,NA,88951.25,NA,NA,NA,NA,6.389,0.1149,107579.5,Residual Oil,Pipeline Natural Gas,Dry bottom wall-fired boiler,NA,Combustion Modification/Fuel Reburning,NA,NA,SIPNOX
NY,59th Street,2503,BLR118,CS0001,2024,1185,1099.25,NA,73079.5,NA,NA,NA,NA,4.293,0.0943,88652.175,Residual Oil,Pipeline Natural Gas,Dry bottom wall-fired boiler,NA,Combustion Modification/Fuel Reburning,NA,NA,SIPNOX
NY,59th Street,2503,CT0001,NA,1999,165,165,3036,NA,NA,NA,NA,NA,10.073,0.555,36300,Other Oil,NA,Combustion turbine,NA,NA,NA,NA,OTC
NY,59th Street,2503,CT0001,NA,2000,74,74,1258,NA,NA,NA,NA,NA,4.516,0.5224,17369,Other Oil,NA,Combustion turbine,NA,NA,NA,NA,OTC
NY,59th Street,2503,CT0001,NA,2001,157,157,2198,NA,NA,NA,NA,NA,9.577,0.555,34540,Other Oil,NA,Combustion turbine,NA,NA,NA,NA,OTC
NY,59th Street,2503,CT0001,NA,2002,160,160,2240,NA,NA,NA,NA,NA,10.723,0.6092,35200,Other Oil,NA,Combustion turbine,NA,NA,NA,NA,OTC
NY,59th Street,2503,CT0001,NA,2003,26,26,364,NA,0,0,0,0,1.745,0.61,5720,Other Oil,NA,Combustion turbine,NA,NA,NA,NA,NBP
NY,59th Street,2503,CT0001,NA,2004,16,16,224,NA,0,0,0,0,1.062,0.6033,3520,Other Oil,NA,Combustion turbine,NA,NA,NA,NA,NBP
NY,59th Street,2503,CT0001,NA,2005,123,105.5,1477,NA,0,0,0,0,6.767,0.5831,23210,Other Oil,NA,Combustion turbine,NA,NA,NA,NA,NBP
NY,59th Street,2503,CT0001,NA,2006,103,95,1214.25,NA,0,0,0,0,6.094,0.5831,20900,Other Oil,NA,Combustion turbine,NA,NA,NA,NA,NBP
NY,59th Street,2503,CT0001,NA,2007,57,57,798,NA,0,0,0,0,3.657,0.583,12540,Other Oil,NA,Combustion turbine,NA,NA,NA,NA,NBP
NY,59th Street,2503,CT0001,NA,2008,68,68,952,NA,0,0,0,0,4.362,0.583,14960,Other Oil,NA,Combustion turbine,NA,NA,NA,NA,"CAIROS, NBP"
NY,59th Street,2503,CT0001,NA,2009,22,18.75,262.5,NA,NA,NA,NA,NA,1.203,0.583,4125,Other Oil,NA,Combustion turbine,NA,NA,NA,NA,CAIROS
NY,59th Street,2503,CT0001,NA,2010,55,47.2,660.8,NA,NA,NA,NA,NA,3.028,0.583,10384,Other Oil,NA,Combustion turbine,NA,NA,NA,NA,CAIROS
NY,59th Street,2503,CT0001,NA,2011,51,44.9,628.6,NA,NA,NA,NA,NA,2.88,0.5831,9878,Other Oil,NA,Combustion turbine,NA,NA,NA,NA,CAIROS
NY,59th Street,2503,CT0001,NA,2012,18,17.3,215.6,NA,NA,NA,NA,NA,1.11,0.583,3806,Other Oil,NA,Combustion turbine,NA,NA,NA,NA,CAIROS
NY,59th Street,2503,CT0001,NA,2013,35,34.15,478.1,NA,NA,NA,NA,NA,1.6,0.426,7513,Other Oil,NA,Combustion turbine,NA,NA,NA,NA,CAIROS
NY,59th Street,2503,CT0001,NA,2014,24,24,336,NA,NA,NA,NA,NA,1.124,0.426,5280,Other Oil,NA,Combustion turbine,NA,NA,NA,NA,CAIROS
NY,59th Street,2503,CT0001,NA,2015,11,11,154,NA,NA,NA,NA,NA,0.515,0.426,2420,Other Oil,NA,Combustion turbine,NA,NA,NA,NA,SIPNOX
NY,59th Street,2503,CT0001,NA,2016,6,6,84,NA,NA,NA,NA,NA,0.24,0.363,1320,Other Oil,NA,Combustion turbine,NA,NA,NA,NA,SIPNOX
NY,59th Street,2503,CT0001,NA,2017,7,7,98,NA,NA,NA,NA,NA,1.155,1.5,1540,Other Oil,NA,Combustion turbine,NA,NA,NA,NA,SIPNOX
NY,59th Street,2503,CT0001,NA,2018,3,3,42,NA,NA,NA,NA,NA,0.495,1.5,660,Other Oil,NA,Combustion turbine,NA,NA,NA,NA,SIPNOX
NY,59th Street,2503,CT0001,NA,2019,4,4,56,NA,NA,NA,NA,NA,0.66,1.5,880,Other Oil,NA,Combustion turbine,NA,NA,NA,NA,SIPNOX
NY,59th Street,2503,CT0001,NA,2020,6,6,84,NA,NA,NA,NA,NA,0.99,1.5,1320,Other Oil,NA,Combustion turbine,NA,NA,NA,NA,SIPNOX
NY,59th Street,2503,CT0001,NA,2021,99,70.04,980.56,NA,NA,NA,NA,NA,11.557,1.5,15408.8,Other Oil,NA,Combustion turbine,NA,NA,NA,NA,SIPNOX
NY,59th Street,2503,CT0001,NA,2022,0,0,NA,NA,NA,NA,NA,NA,NA,NA,NA,Other Oil,NA,Combustion turbine,NA,NA,NA,NA,SIPNOX
NY,59th Street,2503,CT0001,NA,2023,48,48,672,NA,NA,NA,NA,NA,6.336,1.2,10560,Other Oil,NA,Combustion turbine,NA,NA,NA,NA,SIPNOX
NY,59th Street,2503,CT0001,NA,2024,29,29,406,NA,NA,NA,NA,NA,3.828,1.2,6380,Other Oil,NA,Combustion turbine,NA,NA,NA,NA,SIPNOX
NY,74th Street,2504,120,CS0002,1995,NA,NA,NA,NA,261.9,NA,154416.6,NA,232.8,NA,1667170,Residual Oil,NA,Tangentially-fired,NA,NA,NA,NA,ARP
NY,74th Street,2504,120,CS0002,1996,NA,NA,NA,NA,267.2,NA,167059.8,NA,197,NA,2010284,Residual Oil,NA,Tangentially-fired,NA,NA,NA,NA,ARP
NY,74th Street,2504,120,CS0002,1997,2114,2098,NA,717177.5,125.942,0.2576,79180.422,0.081,103.299,0.2089,978260.497,Residual Oil,NA,Tangentially-fired,NA,NA,NA,NA,ARP
NY,74th Street,2504,120,CS0002,1998,5036,5023.5,NA,1563045.5,318.282,0.2568,200329.328,0.081,263.284,0.2091,2475031.036,Residual Oil,NA,Tangentially-fired,NA,NA,NA,NA,ARP
NY,74th Street,2504,120,CS0002,1999,5676,5663,NA,1432322.5,291.631,0.2746,172918.19,0.081,224.501,0.2102,2136381.084,Residual Oil,NA,Tangentially-fired,NA,NA,NA,NA,"ARP, OTC"
NY,74th Street,2504,120,CS0002,2000,5012,5004.25,NA,1488701.5,458.404,0.2594,296567.129,0.081,646.601,0.2996,3664063.032,Residual Oil,NA,Tangentially-fired,NA,NA,NA,NA,"ARP, OTC"
NY,74th Street,2504,120,CS0002,2001,5292,5289.75,NA,1591078.25,270.158,0.2708,161376.281,0.081,222.078,0.2194,1993755.008,Residual Oil,NA,Tangentially-fired,NA,NA,NA,NA,"ARP, OTC"
NY,74th Street,2504,120,CS0002,2002,5196,5186.25,NA,1437506,270.913,0.2675,163693.033,0.081,235.891,0.2318,2022394.103,Residual Oil,NA,Tangentially-fired,NA,NA,NA,NA,"ARP, OTC"
NY,74th Street,2504,120,CS0002,2003,2638,2632.75,NA,812943.5,151.336,0.2763,88310.893,0.081,123.883,0.2244,1091064.621,Residual Oil,NA,Tangentially-fired,NA,NA,NA,NA,"ARP, NBP"
NY,74th Street,2504,120,CS0002,2004,6318,6309.75,NA,1860391,363.503,0.299,194633.965,0.0844,273.581,0.223,2438259.89,Residual Oil,NA,Tangentially-fired,NA,NA,NA,NA,"ARP, NBP"
NY,74th Street,2504,120,CS0002,2005,5271,5261,NA,1515551.75,308.745,0.3129,169811.625,0.086,215.576,0.2159,1973695.908,Residual Oil,NA,Tangentially-fired,NA,NA,NA,NA,"ARP, NBP"
NY,74th Street,2504,120,CS0002,2006,4536,4523,NA,1189606.25,246.235,0.3102,135427.75,0.0851,162.708,0.2019,1586147.016,Residual Oil,NA,Tangentially-fired,NA,NA,NA,NA,"ARP, NBP"
NY,74th Street,2504,120,CS0002,2007,4028,4004.5,NA,891281,188.589,0.3101,103715.325,0.085,120.601,0.1966,1215461.363,Residual Oil,NA,Tangentially-fired,NA,NA,NA,NA,"ARP, NBP"
NY,74th Street,2504,120,CS0002,2008,3006,2990.25,NA,678231.75,143.415,0.3131,77488.75,0.0844,92.668,0.201,916196.251,Residual Oil,NA,Tangentially-fired,NA,NA,NA,NA,"ARP, CAIRNOX, CAIROS, NBP"
NY,74th Street,2504,120,CS0002,2009,4012,3997.5,NA,909702.25,199.036,0.3136,103019.3,0.081,130.421,0.2029,1269585.55,Residual Oil,NA,Tangentially-fired,NA,NA,NA,NA,"ARP, CAIRNOX, CAIROS, CAIRSO2"
NY,74th Street,2504,120,CS0002,2010,3528,3510.25,NA,843024.25,189.829,0.316,97402.975,0.081,120.673,0.1992,1200409.925,Residual Oil,NA,Tangentially-fired,NA,NA,NA,NA,"ARP, CAIRNOX, CAIROS, CAIRSO2"
NY,74th Street,2504,120,CS0002,2011,2964,2954.25,NA,665781.5,135.571,0.314,70120.825,0.081,83.816,0.1929,864086.125,Residual Oil,NA,Tangentially-fired,NA,NA,NA,NA,"ARP, CAIRNOX, CAIROS, CAIRSO2"
NY,74th Street,2504,120,CS0002,2012,1236,1223,NA,209712.5,49.424,0.317,25291.025,0.081,31.267,0.1976,311632.675,Residual Oil,NA,Tangentially-fired,NA,NA,NA,NA,"ARP, CAIRNOX, CAIROS, CAIRSO2"
NY,74th Street,2504,120,CS0002,2013,3008,2993,NA,514756.75,74.159,0.1921,49881.95,0.0708,60.881,0.1572,669200.875,"Residual Oil, Pipeline Natural Gas",Residual Oil,Tangentially-fired,NA,NA,NA,NA,"ARP, CAIRNOX, CAIROS, CAIRSO2"
NY,74th Street,2504,120,CS0002,2014,4059,4051.5,NA,1126202.5,14.143,0.0156,89570.35,0.0602,101.839,0.127,1475501.025,Pipeline Natural Gas,Residual Oil,Tangentially-fired,NA,NA,NA,NA,"ARP, CAIRNOX, CAIROS, CAIRSO2"
NY,74th Street,2504,120,CS0002,2015,3447,3443.75,NA,1033617.75,26.321,0.0364,81800.425,0.0618,67.667,0.0984,1313968.975,Pipeline Natural Gas,Residual Oil,Tangentially-fired,NA,NA,NA,NA,"ARP, SIPNOX"
NY,74th Street,2504,120,CS0002,2016,3223,3216.75,NA,856569,7.056,0.0118,65494.9,0.06,46.69,0.0821,1086482.05,Pipeline Natural Gas,Residual Oil,Tangentially-fired,NA,NA,NA,NA,"ARP, SIPNOX"
NY,74th Street,2504,120,CS0002,2017,2444,2433.75,NA,681124,4.072,0.0079,55995.1,0.0597,46.19,0.0924,932993.725,Pipeline Natural Gas,Residual Oil,Tangentially-fired,NA,NA,NA,NA,"ARP, SIPNOX"
NY,74th Street,2504,120,CS0002,2018,3694,3689,NA,931070.25,14.57,0.0169,85121.525,0.0604,73.455,0.0994,1398128.6,Pipeline Natural Gas,Residual Oil,Tangentially-fired,NA,NA,NA,NA,"ARP, SIPNOX"
NY,74th Street,2504,120,CS0002,2019,2900,2893.25,NA,754467.5,7.754,0.0122,69755.75,0.06,63.014,0.1017,1155920.675,Pipeline Natural Gas,Residual Oil,Tangentially-fired,NA,NA,NA,NA,"ARP, SIPNOX"
NY,74th Street,2504,120,CS0002,2020,1410,1404.25,NA,339997.5,4.249,0.0181,32395.25,0.0605,24.469,0.0867,535353.075,Pipeline Natural Gas,Residual Oil,Tangentially-fired,NA,NA,NA,NA,"ARP, SIPNOX"
NY,74th Street,2504,120,CS0002,2021,2359,2357,NA,570449.5,2.659,0.0061,52603.15,0.0596,38.822,0.0802,879551.925,Pipeline Natural Gas,Residual Oil,Tangentially-fired,NA,NA,NA,NA,"ARP, SIPNOX"
NY,74th Street,2504,120,CS0002,2022,2914,2911.25,NA,871860,17.149,0.0259,68689.475,0.061,57.391,0.0946,1116033.625,Pipeline Natural Gas,Residual Oil,Tangentially-fired,NA,NA,NA,NA,"ARP, SIPNOX"
NY,74th Street,2504,120,CS0002,2023,3230,3225.75,NA,804591.75,3.116,0.0047,63993.7,0.0595,46.42,0.0842,1070032.1,Pipeline Natural Gas,Residual Oil,Tangentially-fired,NA,NA,NA,NA,"ARP, SIPNOX"
NY,74th Street,2504,120,CS0002,2024,4329,4324,NA,1183341.5,4.644,0.0057,93107.475,0.0596,65.042,0.0793,1556577.6,Pipeline Natural Gas,Residual Oil,Tangentially-fired,NA,NA,NA,NA,"ARP, SIPNOX"
NY,74th Street,2504,121,CS0002,1995,NA,NA,NA,NA,268.1,NA,158078.6,NA,238.3,NA,1706707,Residual Oil,NA,Tangentially-fired,NA,NA,NA,NA,ARP
NY,74th Street,2504,121,CS0002,1996,NA,NA,NA,NA,178.2,NA,111389.7,NA,130,NA,1338191,Residual Oil,NA,Tangentially-fired,NA,NA,NA,NA,ARP
NY,74th Street,2504,121,CS0002,1997,6748,6729.5,NA,2403566,431.774,0.2632,264583.034,0.081,342.757,0.2075,3268376.213,Residual Oil,NA,Tangentially-fired,NA,NA,NA,NA,ARP
NY,74th Street,2504,121,CS0002,1998,6465,6459.25,NA,2215828.75,452.957,0.2606,282603.606,0.081,365.199,0.2059,3491526.613,Residual Oil,NA,Tangentially-fired,NA,NA,NA,NA,ARP
NY,74th Street,2504,121,CS0002,1999,5788,5022.5,NA,1472466.25,304.425,0.276,179384.752,0.081,231.3,0.2094,2216270.648,Residual Oil,NA,Tangentially-fired,NA,NA,NA,NA,"ARP, OTC"
NY,74th Street,2504,121,CS0002,2000,5408,5402.25,NA,1640550.5,495.859,0.2593,318412.962,0.081,656.193,0.2865,3934373.896,Residual Oil,NA,Tangentially-fired,NA,NA,NA,NA,"ARP, OTC"
NY,74th Street,2504,121,CS0002,2001,2721,2715.75,NA,936183,172.5,0.2723,102421.311,0.081,144.659,0.2249,1265393.073,Residual Oil,NA,Tangentially-fired,NA,NA,NA,NA,"ARP, OTC"
NY,74th Street,2504,121,CS0002,2002,4460,4417,NA,1172914.25,252.82,0.2753,148938.316,0.081,205.555,0.2206,1840124.319,Residual Oil,NA,Tangentially-fired,NA,NA,NA,NA,"ARP, OTC"
NY,74th Street,2504,121,CS0002,2003,5080,5067.5,NA,1418832.25,274.149,0.274,161326.464,0.081,214.944,0.2135,1993186.172,Residual Oil,NA,Tangentially-fired,NA,NA,NA,NA,"ARP, NBP"
NY,74th Street,2504,121,CS0002,2004,5252,5240,NA,1572242,314.779,0.2986,167072.313,0.0842,233.046,0.2192,2114326.178,Residual Oil,NA,Tangentially-fired,NA,NA,NA,NA,"ARP, NBP"
NY,74th Street,2504,121,CS0002,2005,6640,6625,NA,2016189.5,409.45,0.3129,225201.175,0.086,274.132,0.2073,2616901.307,Residual Oil,NA,Tangentially-fired,NA,NA,NA,NA,"ARP, NBP"
NY,74th Street,2504,121,CS0002,2006,4406,4395,NA,1253530.5,244.257,0.3101,134340.025,0.0851,157.532,0.1969,1573802.511,Residual Oil,NA,Tangentially-fired,NA,NA,NA,NA,"ARP, NBP"
NY,74th Street,2504,121,CS0002,2007,6311,6291.75,NA,1450546,285.978,0.3101,157299.6,0.0851,172.918,0.1854,1843127.282,Residual Oil,NA,Tangentially-fired,NA,NA,NA,NA,"ARP, NBP"
NY,74th Street,2504,121,CS0002,2008,2567,2550,NA,560750.75,111.612,0.3131,60195.3,0.0843,68.961,0.1894,713145.157,Residual Oil,NA,Tangentially-fired,NA,NA,NA,NA,"ARP, CAIRNOX, CAIROS, NBP"
NY,74th Street,2504,121,CS0002,2009,3781,3769.75,NA,896774,175.892,0.3136,91031.275,0.081,110.174,0.1939,1121971.675,Residual Oil,NA,Tangentially-fired,NA,NA,NA,NA,"ARP, CAIRNOX, CAIROS, CAIRSO2"
NY,74th Street,2504,121,CS0002,2010,4025,4008.75,NA,976345,194.234,0.316,99664.525,0.081,119.41,0.1919,1228274.625,Residual Oil,NA,Tangentially-fired,NA,NA,NA,NA,"ARP, CAIRNOX, CAIROS, CAIRSO2"
NY,74th Street,2504,121,CS0002,2011,3300,3286.5,NA,763169.75,147.75,0.314,76412.35,0.081,89.184,0.1887,941712.8,Residual Oil,NA,Tangentially-fired,NA,NA,NA,NA,"ARP, CAIRNOX, CAIROS, CAIRSO2"
NY,74th Street,2504,121,CS0002,2012,1628,1618.25,NA,376791,73.008,0.317,37360.6,0.081,44.294,0.1895,460406.475,Residual Oil,NA,Tangentially-fired,NA,NA,NA,NA,"ARP, CAIRNOX, CAIROS, CAIRSO2"
NY,74th Street,2504,121,CS0002,2013,2704,2674.75,NA,634498.75,77.061,0.1922,59357.45,0.0724,66.84,0.1578,821662.6,"Residual Oil, Pipeline Natural Gas",Residual Oil,Tangentially-fired,NA,NA,NA,NA,"ARP, CAIRNOX, CAIROS, CAIRSO2"
NY,74th Street,2504,121,CS0002,2014,2720,2709,NA,756843,20.397,0.0404,61920.025,0.0607,70.637,0.1338,995314.4,Pipeline Natural Gas,Residual Oil,Tangentially-fired,NA,NA,NA,NA,"ARP, CAIRNOX, CAIROS, CAIRSO2"
NY,74th Street,2504,121,CS0002,2015,2738,2729.5,NA,842694.25,27.929,0.0484,64740.275,0.0626,56.17,0.1039,1022772.625,Pipeline Natural Gas,Residual Oil,Tangentially-fired,NA,NA,NA,NA,"ARP, SIPNOX"
NY,74th Street,2504,121,CS0002,2016,2728,2722.75,NA,765860.5,13.982,0.0243,59546.85,0.0609,44.676,0.0867,970192.3,Pipeline Natural Gas,Residual Oil,Tangentially-fired,NA,NA,NA,NA,"ARP, SIPNOX"
NY,74th Street,2504,121,CS0002,2017,2974,2969,NA,848978.75,6.577,0.011,65939.825,0.06,48.61,0.0845,1094410.575,Pipeline Natural Gas,Residual Oil,Tangentially-fired,NA,NA,NA,NA,"ARP, SIPNOX"
NY,74th Street,2504,121,CS0002,2018,2677,2672,NA,788078,15.672,0.024,62727.3,0.0609,53.574,0.0983,1018352.625,Pipeline Natural Gas,Residual Oil,Tangentially-fired,NA,NA,NA,NA,"ARP, SIPNOX"
NY,74th Street,2504,121,CS0002,2019,2842,2834.75,NA,832943.5,4.419,0.0079,64263.5,0.0597,55.355,0.0957,1071430.75,Pipeline Natural Gas,Residual Oil,Tangentially-fired,NA,NA,NA,NA,"ARP, SIPNOX"
NY,74th Street,2504,121,CS0002,2020,2643,2636,NA,813201,0.657,0.0017,63807.55,0.0592,51.971,0.0917,1072985.625,Pipeline Natural Gas,Residual Oil,Tangentially-fired,NA,NA,NA,NA,"ARP, SIPNOX"
NY,74th Street,2504,121,CS0002,2021,2986,2982.5,NA,895334.75,4.84,0.0098,70640.4,0.0598,58.352,0.0935,1178278.6,Pipeline Natural Gas,Residual Oil,Tangentially-fired,NA,NA,NA,NA,"ARP, SIPNOX"
NY,74th Street,2504,121,CS0002,2022,3638,3632.75,NA,1009183.75,22.232,0.0304,73083.1,0.0614,52.764,0.0844,1177972.175,Pipeline Natural Gas,Residual Oil,Tangentially-fired,NA,NA,NA,NA,"ARP, SIPNOX"
NY,74th Street,2504,121,CS0002,2023,4484,4478.5,NA,1224513.5,0.463,0.001,91611.8,0.0593,69.817,0.0879,1541435.975,Pipeline Natural Gas,Residual Oil,Tangentially-fired,NA,NA,NA,NA,"ARP, SIPNOX"
NY,74th Street,2504,121,CS0002,2024,2487,2482,NA,727212,1.212,0.0035,53190.55,0.0595,41.072,0.0884,892616.275,Pipeline Natural Gas,Residual Oil,Tangentially-fired,NA,NA,NA,NA,"ARP, SIPNOX"
NY,74th Street,2504,122,CS0002,1995,NA,NA,NA,NA,325,NA,191613.8,NA,288.9,NA,2068772,Residual Oil,NA,Tangentially-fired,NA,NA,NA,NA,ARP
NY,74th Street,2504,122,CS0002,1996,NA,NA,NA,NA,499.6,NA,312285.4,NA,326,NA,3309489,Residual Oil,NA,Tangentially-fired,NA,NA,NA,NA,ARP
NY,74th Street,2504,122,CS0002,1997,7390,7383.25,NA,2642306,474.43,0.2617,292716.982,0.081,377.315,0.2066,3615990.449,Residual Oil,NA,Tangentially-fired,NA,NA,NA,NA,ARP
NY,74th Street,2504,122,CS0002,1998,4852,4846.25,NA,1633859.5,303.41,0.2588,190137.048,0.081,237.375,0.1996,2349093.582,Residual Oil,NA,Tangentially-fired,NA,NA,NA,NA,ARP
NY,74th Street,2504,122,CS0002,1999,6843,6840.25,NA,2156613.75,442.441,0.2786,258041.908,0.081,338.083,0.2107,3188053.326,Residual Oil,NA,Tangentially-fired,NA,NA,NA,NA,"ARP, OTC"
NY,74th Street,2504,122,CS0002,2000,4717,4714.25,NA,1460260.25,295.574,0.2675,182144.093,0.081,309.021,0.2455,2250850.189,Residual Oil,NA,Tangentially-fired,NA,NA,NA,NA,"ARP, OTC"
NY,74th Street,2504,122,CS0002,2001,5737,5730,NA,1759800.75,316.007,0.2713,188370.732,0.081,256.706,0.2184,2327270.299,Residual Oil,NA,Tangentially-fired,NA,NA,NA,NA,"ARP, OTC"
NY,74th Street,2504,122,CS0002,2002,4791,4781.25,NA,1337154.25,253.859,0.2671,153381.608,0.081,209.405,0.2221,1895002.26,Residual Oil,NA,Tangentially-fired,NA,NA,NA,NA,"ARP, OTC"
NY,74th Street,2504,122,CS0002,2003,4772,4766,NA,1430384,279.633,0.2712,166517.269,0.081,217.488,0.2105,2057308.763,Residual Oil,NA,Tangentially-fired,NA,NA,NA,NA,"ARP, NBP"
NY,74th Street,2504,122,CS0002,2004,5735,5726.5,NA,1686861.5,336.714,0.2981,179456.628,0.0843,249.014,0.2186,2258807.123,Residual Oil,NA,Tangentially-fired,NA,NA,NA,NA,"ARP, NBP"
NY,74th Street,2504,122,CS0002,2005,6537,6523.25,NA,1955971.5,389.125,0.3129,214016.45,0.086,261.975,0.2078,2487009.56,Residual Oil,NA,Tangentially-fired,NA,NA,NA,NA,"ARP, NBP"
NY,74th Street,2504,122,CS0002,2006,4659,4645.25,NA,1236364.75,245.568,0.3102,135066.95,0.0851,156.977,0.1949,1581861.626,Residual Oil,NA,Tangentially-fired,NA,NA,NA,NA,"ARP, NBP"
NY,74th Street,2504,122,CS0002,2007,2842,2821.5,NA,660935,130.852,0.311,71969.025,0.0853,81.594,0.1912,843167.603,Residual Oil,NA,Tangentially-fired,NA,NA,NA,NA,"ARP, NBP"
NY,74th Street,2504,122,CS0002,2008,2831,2820.75,NA,694222.25,139.673,0.3129,75515.075,0.0845,83.952,0.1855,892771.019,Residual Oil,NA,Tangentially-fired,NA,NA,NA,NA,"ARP, CAIRNOX, CAIROS, NBP"
NY,74th Street,2504,122,CS0002,2009,3907,3878,NA,946912.75,183.226,0.3136,94835.4,0.081,116.316,0.197,1168739.5,Residual Oil,NA,Tangentially-fired,NA,NA,NA,NA,"ARP, CAIRNOX, CAIROS, CAIRSO2"
NY,74th Street,2504,122,CS0002,2010,4833,4812.25,NA,1164320.5,231.403,0.316,118742.65,0.081,136.701,0.1834,1463307.4,Residual Oil,NA,Tangentially-fired,NA,NA,NA,NA,"ARP, CAIRNOX, CAIROS, CAIRSO2"
NY,74th Street,2504,122,CS0002,2011,3544,3523.75,NA,783982,155.121,0.314,80217.325,0.081,92.553,0.1854,988688.225,Residual Oil,NA,Tangentially-fired,NA,NA,NA,NA,"ARP, CAIRNOX, CAIROS, CAIRSO2"
NY,74th Street,2504,122,CS0002,2012,1876,1863.5,NA,434853.25,83.384,0.317,42656.3,0.081,49.623,0.1838,525780.35,Residual Oil,NA,Tangentially-fired,NA,NA,NA,NA,"ARP, CAIRNOX, CAIROS, CAIRSO2"
NY,74th Street,2504,122,CS0002,2013,3196,3183,NA,726122.75,106.78,0.2473,71758.375,0.0762,82.457,0.1638,961822.225,"Residual Oil, Pipeline Natural Gas",Residual Oil,Tangentially-fired,NA,NA,NA,NA,"ARP, CAIRNOX, CAIROS, CAIRSO2"
NY,74th Street,2504,122,CS0002,2014,2844,2840.25,NA,802677.75,33.257,0.0586,68019.5,0.0632,75.272,0.1339,1068374.15,Pipeline Natural Gas,Residual Oil,Tangentially-fired,NA,NA,NA,NA,"ARP, CAIRNOX, CAIROS, CAIRSO2"
NY,74th Street,2504,122,CS0002,2015,2593,2585,NA,743329.5,15.463,0.0297,59211.075,0.0613,51.324,0.1016,959665.1,Pipeline Natural Gas,Residual Oil,Tangentially-fired,NA,NA,NA,NA,"ARP, SIPNOX"
NY,74th Street,2504,122,CS0002,2016,2779,2769,NA,789354.25,7.473,0.0145,59679.725,0.0602,44.103,0.0858,987471.85,Pipeline Natural Gas,Residual Oil,Tangentially-fired,NA,NA,NA,NA,"ARP, SIPNOX"
NY,74th Street,2504,122,CS0002,2017,2217,2214.25,NA,671553,11.596,0.0243,52249.875,0.0609,39.788,0.0889,851835.65,Pipeline Natural Gas,Residual Oil,Tangentially-fired,NA,NA,NA,NA,"ARP, SIPNOX"
NY,74th Street,2504,122,CS0002,2018,4275,4269,NA,1233911.75,18.601,0.0196,94565.8,0.0606,72.571,0.088,1547335.4,Pipeline Natural Gas,Residual Oil,Tangentially-fired,NA,NA,NA,NA,"ARP, SIPNOX"
NY,74th Street,2504,122,CS0002,2019,3593,3586.25,NA,1097421.75,7.922,0.0099,84973.325,0.0599,70.642,0.091,1411679.15,Pipeline Natural Gas,Residual Oil,Tangentially-fired,NA,NA,NA,NA,"ARP, SIPNOX"
NY,74th Street,2504,122,CS0002,2020,2386,2380.5,NA,693551.5,0.801,0.0021,51351.975,0.0593,39.045,0.0837,862755.225,Pipeline Natural Gas,Residual Oil,Tangentially-fired,NA,NA,NA,NA,"ARP, SIPNOX"
NY,74th Street,2504,122,CS0002,2021,2467,2462.75,NA,706466.25,2.09,0.0047,52486.8,0.0596,36.856,0.0772,878848.25,Pipeline Natural Gas,Residual Oil,Tangentially-fired,NA,NA,NA,NA,"ARP, SIPNOX"
NY,74th Street,2504,122,CS0002,2022,3925,3920,NA,1064044.75,25.919,0.0323,80540.875,0.0615,61.098,0.087,1294985.05,Pipeline Natural Gas,Residual Oil,Tangentially-fired,NA,NA,NA,NA,"ARP, SIPNOX"
NY,74th Street,2504,122,CS0002,2023,3617,3614.5,NA,949104.75,0.342,0.001,67682.275,0.0593,47.233,0.0795,1138852.45,Pipeline Natural Gas,Residual Oil,Tangentially-fired,NA,NA,NA,NA,"ARP, SIPNOX"
NY,74th Street,2504,122,CS0002,2024,3438,3430.5,NA,932151.75,4.977,0.0075,69584.125,0.0597,46.529,0.0769,1159711.875,Pipeline Natural Gas,Residual Oil,Tangentially-fired,NA,NA,NA,NA,"ARP, SIPNOX"
NY,74th Street,2504,CT0001,NA,1999,16,16,272,NA,NA,NA,NA,NA,0.99,0.555,3568,Other Oil,NA,Combustion turbine,NA,NA,NA,NA,OTC
NY,74th Street,2504,CT0001,NA,2000,4,4,68,NA,NA,NA,NA,NA,0.248,0.49,1012,Other Oil,NA,Combustion turbine,NA,NA,NA,NA,OTC
NY,74th Street,2504,CT0001,NA,2001,5,5,45,NA,NA,NA,NA,NA,0.31,0.556,1115,Other Oil,NA,Combustion turbine,NA,NA,NA,NA,OTC
NY,74th Street,2504,CT0001,NA,2002,3,3,27,NA,NA,NA,NA,NA,0.204,0.61,669,Other Oil,NA,Combustion turbine,NA,NA,NA,NA,OTC
NY,74th Street,2504,CT0001,NA,2003,66,66,594,NA,0,0,0,0,4.488,0.61,14718,Other Oil,NA,Combustion turbine,NA,NA,NA,NA,NBP
NY,74th Street,2504,CT0001,NA,2004,15,15,270,NA,0,0,0,0,1.092,0.6532,3345,Other Oil,NA,Combustion turbine,NA,NA,NA,NA,NBP
NY,74th Street,2504,CT0001,NA,2005,36,36,648,NA,0,0,0,0,3.1,0.772,8028,Other Oil,NA,Combustion turbine,NA,NA,NA,NA,NBP
NY,74th Street,2504,CT0001,NA,2006,40,34,542.75,NA,0,0,0,0,2.928,0.772,7582.3,Other Oil,NA,Combustion turbine,NA,NA,NA,NA,NBP
NY,74th Street,2504,CT0001,NA,2007,13,13,182,NA,0,0,0,0,1.119,0.772,2899,Other Oil,NA,Combustion turbine,NA,NA,NA,NA,NBP
NY,74th Street,2504,CT0001,NA,2008,25,25,350,NA,0,0,0,0,2.153,0.772,5575,Other Oil,NA,Combustion turbine,NA,NA,NA,NA,"CAIROS, NBP"
NY,74th Street,2504,CT0001,NA,2009,4,3.2,44.8,NA,NA,NA,NA,NA,0.276,0.7718,713.6,Other Oil,NA,Combustion turbine,NA,NA,NA,NA,CAIROS
NY,74th Street,2504,CT0001,NA,2010,5,3.4,47.6,NA,NA,NA,NA,NA,0.293,0.772,758.2,Other Oil,NA,Combustion turbine,NA,NA,NA,NA,CAIROS
NY,74th Street,2504,CT0001,NA,2011,10,9,126,NA,NA,NA,NA,NA,0.775,0.772,2007,Other Oil,NA,Combustion turbine,NA,NA,NA,NA,CAIROS
NY,74th Street,2504,CT0001,NA,2012,11,10.08,141.12,NA,NA,NA,NA,NA,0.868,0.7718,2247.8,Other Oil,NA,Combustion turbine,NA,NA,NA,NA,CAIROS
NY,74th Street,2504,CT0001,NA,2013,7,7,98,NA,NA,NA,NA,NA,0.42,0.538,1561,Other Oil,NA,Combustion turbine,NA,NA,NA,NA,CAIROS
NY,74th Street,2504,CT0001,NA,2014,10,10,140,NA,NA,NA,NA,NA,0.6,0.538,2230,Other Oil,NA,Combustion turbine,NA,NA,NA,NA,CAIROS
NY,74th Street,2504,CT0001,NA,2015,7,7,98,NA,NA,NA,NA,NA,0.42,0.538,1561,Other Oil,NA,Combustion turbine,NA,NA,NA,NA,SIPNOX
NY,74th Street,2504,CT0001,NA,2016,16,16,224,NA,NA,NA,NA,NA,0.96,0.538,3568,Other Oil,NA,Combustion turbine,NA,NA,NA,NA,SIPNOX
NY,74th Street,2504,CT0001,NA,2017,8,8,112,NA,NA,NA,NA,NA,0.48,0.538,1784,Other Oil,NA,Combustion turbine,NA,NA,NA,NA,SIPNOX
NY,74th Street,2504,CT0001,NA,2018,4,4,56,NA,NA,NA,NA,NA,0.669,1.5,892,Other Oil,NA,Combustion turbine,NA,NA,NA,NA,SIPNOX
NY,74th Street,2504,CT0001,NA,2019,9,9,126,NA,NA,NA,NA,NA,1.505,1.5,2007,Other Oil,NA,Combustion turbine,NA,NA,NA,NA,SIPNOX
NY,74th Street,2504,CT0001,NA,2020,9,9,126,NA,NA,NA,NA,NA,1.505,1.5,2007,Other Oil,NA,Combustion turbine,NA,NA,NA,NA,SIPNOX
NY,74th Street,2504,CT0001,NA,2021,32,28.11,393.54,NA,NA,NA,508.8,0.0811,4.702,1.5,6268.6,Other Oil,NA,Combustion turbine,NA,NA,NA,NA,"RGGI, SIPNOX"
NY,74th Street,2504,CT0001,NA,2022,7,7,98,NA,NA,NA,126.7,0.081,0.937,1.2,1561,Other Oil,NA,Combustion turbine,NA,NA,NA,NA,"RGGI, SIPNOX"
NY,74th Street,2504,CT0001,NA,2023,5,5,70,NA,NA,NA,90.5,0.081,0.669,1.2,1115,Other Oil,NA,Combustion turbine,NA,NA,NA,NA,"RGGI, SIPNOX"
NY,74th Street,2504,CT0001,NA,2024,2,2,28,NA,NA,NA,36.2,0.081,0.268,1.2,446,Other Oil,NA,Combustion turbine,NA,NA,NA,NA,"RGGI, SIPNOX"
NY,74th Street,2504,CT0002,NA,1999,6,6,102,NA,NA,NA,NA,NA,0.371,0.555,1338,Other Oil,NA,Combustion turbine,NA,NA,NA,NA,OTC
NY,74th Street,2504,CT0002,NA,2000,5,5,85,NA,NA,NA,NA,NA,0.31,0.49,1265,Other Oil,NA,Combustion turbine,NA,NA,NA,NA,OTC
NY,74th Street,2504,CT0002,NA,2001,2,2,18,NA,NA,NA,NA,NA,0.124,0.556,446,Other Oil,NA,Combustion turbine,NA,NA,NA,NA,OTC
NY,74th Street,2504,CT0002,NA,2002,7,7,91,NA,NA,NA,NA,NA,0.476,0.61,1561,Other Oil,NA,Combustion turbine,NA,NA,NA,NA,OTC
NY,74th Street,2504,CT0002,NA,2003,30,30,390,NA,0,0,0,0,2.04,0.61,6690,Other Oil,NA,Combustion turbine,NA,NA,NA,NA,NBP
NY,74th Street,2504,CT0002,NA,2004,15,15,270,NA,0,0,0,0,1.074,0.6424,3345,Other Oil,NA,Combustion turbine,NA,NA,NA,NA,NBP
NY,74th Street,2504,CT0002,NA,2005,35,35,630,NA,0,0,0,0,3.014,0.772,7805,Other Oil,NA,Combustion turbine,NA,NA,NA,NA,NBP
NY,74th Street,2504,CT0002,NA,2006,64,54.25,832,NA,0,0,0,0,4.671,0.772,12098.2,Other Oil,NA,Combustion turbine,NA,NA,NA,NA,NBP
NY,74th Street,2504,CT0002,NA,2007,13,13,182,NA,0,0,0,0,1.119,0.772,2899,Other Oil,NA,Combustion turbine,NA,NA,NA,NA,NBP
NY,74th Street,2504,CT0002,NA,2008,0,0,NA,NA,NA,NA,NA,NA,NA,NA,NA,Other Oil,NA,Combustion turbine,NA,NA,NA,NA,"CAIROS, NBP"
NY,74th Street,2504,CT0002,NA,2009,12,10.14,141.96,NA,NA,NA,NA,NA,0.788,0.6971,2261.3,Other Oil,NA,Combustion turbine,NA,NA,NA,NA,CAIROS
NY,74th Street,2504,CT0002,NA,2010,7,5.6,78.4,NA,NA,NA,NA,NA,0.435,0.697,1248.8,Other Oil,NA,Combustion turbine,NA,NA,NA,NA,CAIROS
NY,74th Street,2504,CT0002,NA,2011,13,13,182,NA,NA,NA,NA,NA,1.01,0.697,2899,Other Oil,NA,Combustion turbine,NA,NA,NA,NA,CAIROS
NY,74th Street,2504,CT0002,NA,2012,17,16.63,232.82,NA,NA,NA,NA,NA,1.292,0.697,3708.5,Other Oil,NA,Combustion turbine,NA,NA,NA,NA,CAIROS
NY,74th Street,2504,CT0002,NA,2013,4,4,56,NA,NA,NA,NA,NA,0.24,0.538,892,Other Oil,NA,Combustion turbine,NA,NA,NA,NA,CAIROS
NY,74th Street,2504,CT0002,NA,2014,10,10,140,NA,NA,NA,NA,NA,0.6,0.538,2230,Other Oil,NA,Combustion turbine,NA,NA,NA,NA,CAIROS
NY,74th Street,2504,CT0002,NA,2015,22,22,308,NA,NA,NA,NA,NA,1.32,0.538,4906,Other Oil,NA,Combustion turbine,NA,NA,NA,NA,SIPNOX
NY,74th Street,2504,CT0002,NA,2016,12,12,168,NA,NA,NA,NA,NA,0.72,0.538,2676,Other Oil,NA,Combustion turbine,NA,NA,NA,NA,SIPNOX
NY,74th Street,2504,CT0002,NA,2017,4,4,56,NA,NA,NA,NA,NA,0.24,0.538,892,Other Oil,NA,Combustion turbine,NA,NA,NA,NA,SIPNOX
NY,74th Street,2504,CT0002,NA,2018,7,7,98,NA,NA,NA,NA,NA,1.171,1.5,1561,Other Oil,NA,Combustion turbine,NA,NA,NA,NA,SIPNOX
NY,74th Street,2504,CT0002,NA,2019,20,20,280,NA,NA,NA,NA,NA,3.345,1.5,4460,Other Oil,NA,Combustion turbine,NA,NA,NA,NA,SIPNOX
NY,74th Street,2504,CT0002,NA,2020,11,11,154,NA,NA,NA,NA,NA,1.84,1.5,2453,Other Oil,NA,Combustion turbine,NA,NA,NA,NA,SIPNOX
NY,74th Street,2504,CT0002,NA,2021,26,22.7,317.8,NA,NA,NA,410.8,0.081,3.797,1.5,5062.2,Other Oil,NA,Combustion turbine,NA,NA,NA,NA,"RGGI, SIPNOX"
NY,74th Street,2504,CT0002,NA,2022,8,8,112,NA,NA,NA,144.8,0.081,1.07,1.2,1784,Other Oil,NA,Combustion turbine,NA,NA,NA,NA,"RGGI, SIPNOX"
NY,74th Street,2504,CT0002,NA,2023,10,10,140,NA,NA,NA,181,0.081,1.338,1.2,2230,Other Oil,NA,Combustion turbine,NA,NA,NA,NA,"RGGI, SIPNOX"
NY,74th Street,2504,CT0002,NA,2024,0,0,NA,NA,NA,NA,NA,NA,NA,NA,NA,Other Oil,NA,Combustion turbine,NA,NA,NA,NA,"RGGI, SIPNOX"
NY,E F Barrett,2511,10,"MS1E, MS1W",1995,NA,NA,NA,NA,138,NA,668039,NA,738,NA,10935718,Pipeline Natural Gas,Residual Oil,Tangentially-fired,NA,Combustion Modification/Fuel Reburning,NA,NA,ARP
NY,E F Barrett,2511,10,"MS1E, MS1W",1996,NA,NA,NA,NA,100.9,NA,491597,NA,505,NA,8092595,Pipeline Natural Gas,Residual Oil,Tangentially-fired,NA,Combustion Modification/Fuel Reburning,NA,NA,ARP
NY,E F Barrett,2511,10,"MS1E, MS1W",1997,5480,5470.5,744722,NA,42.747,0.0139,464467.275,0.0597,0,0,7745988.8,Pipeline Natural Gas,Residual Oil,Tangentially-fired,NA,Combustion Modification/Fuel Reburning,NA,NA,ARP
NY,E F Barrett,2511,10,"MS1E, MS1W",1998,5762,5744.25,679558.25,NA,26.707,0.0046,408027.35,0.0592,0,0,6820666.875,Pipeline Natural Gas,Residual Oil,Tangentially-fired,NA,Combustion Modification/Fuel Reburning,NA,NA,ARP
NY,E F Barrett,2511,10,"MS1E, MS1W",1999,7945,7928.25,962710,NA,89.812,0.0244,568323.15,0.06,517.912,0.0979,9428174,Pipeline Natural Gas,Residual Oil,Tangentially-fired,NA,Combustion Modification/Fuel Reburning,NA,NA,"ARP, OTC"
NY,E F Barrett,2511,10,NA,2000,6043,6028,623023.25,NA,132.982,0.0394,370192.1,0.0613,456.943,0.1351,5982995.225,Pipeline Natural Gas,Residual Oil,Tangentially-fired,NA,Combustion Modification/Fuel Reburning,NA,NA,"ARP, OTC"
NY,E F Barrett,2511,10,NA,2001,8055,8044,847118.5,NA,325.392,0.0869,616383.925,0.064,610.407,0.1369,9762835.625,Pipeline Natural Gas,Residual Oil,Tangentially-fired,NA,Combustion Modification/Fuel Reburning,NA,NA,"ARP, OTC"
NY,E F Barrett,2511,10,NA,2002,8212,8204.5,959995,NA,211.113,0.0485,646716.7,0.0617,646.998,0.134,10491094.225,Pipeline Natural Gas,Residual Oil,Tangentially-fired,NA,Combustion Modification/Fuel Reburning,NA,NA,"ARP, OTC"
NY,E F Barrett,2511,10,NA,2003,7530,7518.5,695854,NA,294.216,0.0793,496946.025,0.0637,605.385,0.1615,7796626.075,Pipeline Natural Gas,Residual Oil,Tangentially-fired,NA,Combustion Modification/Fuel Reburning,NA,NA,"ARP, NBP"
NY,E F Barrett,2511,10,NA,2004,8439,8432.5,689427.5,NA,193.198,0.0516,493995.575,0.062,545.293,0.1399,7948606.675,Pipeline Natural Gas,Residual Oil,Tangentially-fired,NA,Combustion Modification/Fuel Reburning,NA,NA,"ARP, NBP"
NY,E F Barrett,2511,10,NA,2005,5965,5958.25,595163.75,NA,316.394,0.0888,405909.6,0.0641,452.388,0.1472,6242007.525,Pipeline Natural Gas,Residual Oil,Tangentially-fired,NA,Combustion Modification/Fuel Reburning,NA,NA,"ARP, NBP"
NY,E F Barrett,2511,10,NA,2006,7142,7140,744282.75,NA,114.543,0.0286,486019.8,0.0607,521.825,0.1356,7957927.475,Pipeline Natural Gas,Residual Oil,Tangentially-fired,NA,Combustion Modification/Fuel Reburning,NA,NA,"ARP, NBP"
NY,E F Barrett,2511,10,NA,2007,7266,7259,774608.25,NA,190.879,0.0456,516517.475,0.0616,610.303,0.1496,8339690.775,Pipeline Natural Gas,Residual Oil,Tangentially-fired,NA,Combustion Modification/Fuel Reburning,NA,NA,"ARP, NBP"
NY,E F Barrett,2511,10,NA,2008,6292,6280.5,610905.25,NA,1.993,0.001,394902,0.059,513.597,0.1485,6644985.375,Pipeline Natural Gas,Residual Oil,Tangentially-fired,NA,Combustion Modification/Fuel Reburning,NA,NA,"ARP, CAIRNOX, CAIROS, NBP"
NY,E F Barrett,2511,10,NA,2009,6131,6117.5,556179,NA,1.819,0.001,360333.175,0.059,370.712,0.1189,6063369.05,Pipeline Natural Gas,Residual Oil,Tangentially-fired,NA,Combustion Modification/Fuel Reburning,NA,NA,"ARP, CAIRNOX, CAIROS, CAIRSO2, RGGI"
NY,E F Barrett,2511,10,NA,2010,6140,6117.75,566533,NA,5.764,0.0021,415591.675,0.0591,347.239,0.0934,6986074.15,Pipeline Natural Gas,Residual Oil,Tangentially-fired,NA,Combustion Modification/Fuel Reburning,NA,NA,"ARP, CAIRNOX, CAIROS, CAIRSO2, RGGI"
NY,E F Barrett,2511,10,NA,2011,6879,6863.5,658754.25,NA,9.542,0.0032,406844.525,0.0592,292.392,0.0764,6831601.9,Pipeline Natural Gas,Residual Oil,Tangentially-fired,NA,NA,NA,NA,"ARP, CAIRNOX, CAIROS, CAIRSO2, RGGI"
NY,E F Barrett,2511,10,NA,2012,4511,4500.25,488568.5,NA,1.589,0.001,311436.075,0.0591,197.765,0.07,5240450.525,Pipeline Natural Gas,Residual Oil,Tangentially-fired,NA,NA,NA,NA,"ARP, CAIRNOX, CAIROS, CAIRSO2, RGGI"
NY,E F Barrett,2511,10,NA,2013,3691,3672.25,350089.5,NA,9.16,0.0064,233260.9,0.0594,163.484,0.077,3909839.45,Pipeline Natural Gas,Residual Oil,Tangentially-fired,NA,NA,NA,NA,"ARP, CAIRNOX, CAIROS, CAIRSO2, RGGI"
NY,E F Barrett,2511,10,NA,2014,5288,5273.25,663500,NA,2.379,0.001,471447.05,0.059,339.384,0.0791,7932994.625,Pipeline Natural Gas,Residual Oil,Tangentially-fired,NA,NA,NA,NA,"ARP, CAIRNOX, CAIROS, CAIRSO2, RGGI"
NY,E F Barrett,2511,10,NA,2015,4896,4882.5,648409.25,NA,5.472,0.002,449956.35,0.0591,345.076,0.0863,7565254.4,Pipeline Natural Gas,Residual Oil,Tangentially-fired,NA,NA,NA,NA,"ARP, CSNOX, CSNOXOS, CSSO2G1, RGGI"
NY,E F Barrett,2511,10,NA,2016,6706,6695.75,917268.75,NA,7.673,0.0019,642818.325,0.0591,436.543,0.0781,10808419.225,Pipeline Natural Gas,Residual Oil,Tangentially-fired,NA,NA,NA,NA,"ARP, CSNOX, CSNOXOS, CSSO2G1, RGGI"
NY,E F Barrett,2511,10,NA,2017,7305,7292.75,900924,NA,39.646,0.0073,563489.425,0.0594,385.679,0.0776,9411666.6,Pipeline Natural Gas,Residual Oil,Tangentially-fired,NA,NA,NA,NA,"ARP, CSNOX, CSOSG2, CSSO2G1, RGGI"
NY,E F Barrett,2511,10,NA,2018,4928,4911.75,604748.5,NA,63.24,0.0144,390102.175,0.0598,278.314,0.0803,6447193.75,Pipeline Natural Gas,Residual Oil,Tangentially-fired,NA,NA,NA,NA,"ARP, CSNOX, CSOSG2, CSSO2G1, RGGI"
NY,E F Barrett,2511,10,NA,2019,7295,7281.25,916430.5,NA,18.731,0.0044,578092,0.0592,405.749,0.0806,9697815.825,Pipeline Natural Gas,Residual Oil,Tangentially-fired,NA,NA,NA,NA,"ARP, CSNOX, CSOSG2, CSSO2G1, RGGI"
NY,E F Barrett,2511,10,NA,2020,6071,6065,738291.75,NA,8.034,0.0021,460588.2,0.0591,316.622,0.0802,7739178.4,Pipeline Natural Gas,Residual Oil,Tangentially-fired,NA,NA,NA,NA,"ARP, CSNOX, CSOSG2, CSSO2G1, RGGI"
NY,E F Barrett,2511,10,NA,2021,6354,6328.84,809076.29,NA,2.434,0.001,472429.133,0.059,356.738,0.0875,7949548.63,Pipeline Natural Gas,Residual Oil,Tangentially-fired,NA,NA,NA,NA,"ARP, CSNOX, CSOSG3, CSSO2G1, RGGI"
NY,E F Barrett,2511,10,NA,2022,6848,6826.71,887053.05,NA,34.222,0.0069,525162.493,0.0594,404.512,0.0892,8776397.924,Pipeline Natural Gas,Residual Oil,Tangentially-fired,NA,NA,NA,NA,"ARP, CSNOX, CSOSG3, CSSO2G1, RGGI"
NY,E F Barrett,2511,10,NA,2023,6838,6823,859761.15,NA,12.482,0.0036,507383.803,0.0592,385.95,0.0896,8518755.986,Pipeline Natural Gas,Residual Oil,Tangentially-fired,NA,NA,NA,NA,"ARP, CSNOX, CSOSG3, CSSO2G1, RGGI"
NY,E F Barrett,2511,10,NA,2024,2220,2208.07,233572.51,NA,0.711,0.001,140757.733,0.059,104.564,0.0854,2368519.207,Pipeline Natural Gas,Residual Oil,Tangentially-fired,NA,NA,NA,NA,"ARP, CSNOX, CSOSG2E, CSSO2G1, RGGI"
NY,E F Barrett,2511,20,"MS2E, MS2W",1995,NA,NA,NA,NA,171,NA,508504,NA,434,NA,8192745,Pipeline Natural Gas,Residual Oil,Tangentially-fired,NA,Overfire Air,NA,NA,ARP
NY,E F Barrett,2511,20,"MS2E, MS2W",1996,NA,NA,NA,NA,234.5,NA,535803,NA,394,NA,8617189,Pipeline Natural Gas,Residual Oil,Tangentially-fired,NA,Overfire Air,NA,NA,ARP
NY,E F Barrett,2511,20,"MS2E, MS2W",1997,8494,8488,1089880,NA,63.304,0.014,649428.65,0.0597,0,0,10825265.15,Pipeline Natural Gas,Residual Oil,Tangentially-fired,NA,Overfire Air,NA,NA,ARP
NY,E F Barrett,2511,20,"MS2E, MS2W",1998,7376,7365.25,828576.75,NA,8.561,0.0026,519277.3,0.0591,0,0,8726926.225,Pipeline Natural Gas,Residual Oil,Tangentially-fired,NA,Overfire Air,NA,NA,ARP
NY,E F Barrett,2511,20,"MS2E, MS2W",1999,7879,7864.25,961933,NA,95.538,0.0237,523648.75,0.0603,312.378,0.0808,8644973.825,Pipeline Natural Gas,Residual Oil,Tangentially-fired,NA,Overfire Air,NA,NA,"ARP, OTC"
NY,E F Barrett,2511,20,NA,2000,8328,8316.75,908299.25,NA,370.234,0.0876,561478.725,0.064,527.569,0.1289,8759237.075,Pipeline Natural Gas,Residual Oil,Tangentially-fired,NA,Overfire Air,NA,NA,"ARP, OTC"
NY,E F Barrett,2511,20,NA,2001,7629,7612.25,869458,NA,457.647,0.1046,606685.342,0.0638,520.325,0.1194,9607410.575,Pipeline Natural Gas,Residual Oil,Tangentially-fired,NA,Overfire Air,NA,NA,"ARP, OTC"
NY,E F Barrett,2511,20,NA,2002,5715,5702.25,774238.5,NA,96.469,0.0299,442479.102,0.0582,403.322,0.1164,7657503.175,Pipeline Natural Gas,Residual Oil,Tangentially-fired,NA,Overfire Air,NA,NA,"ARP, OTC"
NY,E F Barrett,2511,20,NA,2003,7387,7373.75,720983.75,NA,348.366,0.0885,464713.8,0.0643,388.719,0.1193,7133229.275,Pipeline Natural Gas,Residual Oil,Tangentially-fired,NA,Overfire Air,NA,NA,"ARP, NBP"
NY,E F Barrett,2511,20,NA,2004,6914,6903.25,595064,NA,192.702,0.0655,362785.775,0.0628,350.578,0.1305,5740524.4,Pipeline Natural Gas,Residual Oil,Tangentially-fired,NA,Overfire Air,NA,NA,"ARP, NBP"
NY,E F Barrett,2511,20,NA,2005,7430,7421.75,684380.25,NA,375.519,0.0908,441127.2,0.0642,399.683,0.1269,6724813.375,Pipeline Natural Gas,Residual Oil,Tangentially-fired,NA,Overfire Air,NA,NA,"ARP, NBP"
NY,E F Barrett,2511,20,NA,2006,6292,6283.25,706750.5,NA,58.32,0.0187,416523.85,0.0601,274.769,0.0916,6898200.7,Pipeline Natural Gas,Residual Oil,Tangentially-fired,NA,Overfire Air,NA,NA,"ARP, NBP"
NY,E F Barrett,2511,20,NA,2007,6766,6738.75,692011.25,NA,66.726,0.0221,406510.1,0.0602,322.842,0.1119,6719523.125,Pipeline Natural Gas,Residual Oil,Tangentially-fired,NA,Overfire Air,NA,NA,"ARP, NBP"
NY,E F Barrett,2511,20,NA,2008,6190,6172.75,574514.75,NA,1.693,0.001,335415,0.0591,245.867,0.0964,5643998.4,Pipeline Natural Gas,Residual Oil,Tangentially-fired,NA,Overfire Air,NA,NA,"ARP, CAIRNOX, CAIROS, NBP"
NY,E F Barrett,2511,20,NA,2009,4724,4705.75,421455.5,NA,8.455,0.0069,251272.925,0.0594,148.776,0.073,4214588.725,Pipeline Natural Gas,Residual Oil,Tangentially-fired,NA,Overfire Air,NA,NA,"ARP, CAIRNOX, CAIROS, CAIRSO2, RGGI"
NY,E F Barrett,2511,20,NA,2010,6280,6264.75,583397.25,NA,6.024,0.0018,407718.475,0.0591,188.089,0.0559,6852934.25,Pipeline Natural Gas,Residual Oil,Tangentially-fired,NA,Overfire Air,NA,NA,"ARP, CAIRNOX, CAIROS, CAIRSO2, RGGI"
NY,E F Barrett,2511,20,NA,2011,3927,3915.75,383521,NA,4.461,0.0032,221963.9,0.0592,94.236,0.0498,3728618.2,Pipeline Natural Gas,Residual Oil,Tangentially-fired,NA,Overfire Air,NA,NA,"ARP, CAIRNOX, CAIROS, CAIRSO2, RGGI"
NY,E F Barrett,2511,20,NA,2012,5437,5419,590077.5,NA,1.807,0.001,357915.5,0.059,155.083,0.0507,6022597.575,Pipeline Natural Gas,Residual Oil,Tangentially-fired,NA,Overfire Air,NA,NA,"ARP, CAIRNOX, CAIROS, CAIRSO2, RGGI"
NY,E F Barrett,2511,20,NA,2013,7006,6980.75,751071.75,NA,23.753,0.0072,461571.45,0.0594,201.763,0.0511,7726002.475,Pipeline Natural Gas,Residual Oil,Tangentially-fired,NA,Overfire Air,NA,NA,"ARP, CAIRNOX, CAIROS, CAIRSO2, RGGI"
NY,E F Barrett,2511,20,NA,2014,6941,6926.75,858274.5,NA,74.205,0.0152,530493.825,0.0599,247.29,0.0543,8790112.1,Pipeline Natural Gas,Residual Oil,Tangentially-fired,NA,Overfire Air,NA,NA,"ARP, CAIRNOX, CAIROS, CAIRSO2, RGGI"
NY,E F Barrett,2511,20,NA,2015,6403,6392.25,882146.75,NA,6.81,0.0019,534699.425,0.0591,249.872,0.0554,8989567.775,Pipeline Natural Gas,Residual Oil,Tangentially-fired,NA,Overfire Air,NA,NA,"ARP, CSNOX, CSNOXOS, CSSO2G1, RGGI"
NY,E F Barrett,2511,20,NA,2016,4774,4768.25,648200,NA,2.01,0.001,398128.725,0.059,175.889,0.052,6699294.975,Pipeline Natural Gas,Residual Oil,Tangentially-fired,NA,Overfire Air,NA,NA,"ARP, CSNOX, CSNOXOS, CSSO2G1, RGGI"
NY,E F Barrett,2511,20,NA,2017,3946,3935.75,464078.25,NA,1.443,0.001,285792.275,0.059,121.821,0.0479,4809001.475,Pipeline Natural Gas,Residual Oil,Tangentially-fired,NA,Overfire Air,NA,NA,"ARP, CSNOX, CSOSG2, CSSO2G1, RGGI"
NY,E F Barrett,2511,20,NA,2018,6138,6128,770919.25,NA,2.373,0.001,470103.9,0.059,202.303,0.0488,7910359.05,Pipeline Natural Gas,Residual Oil,Tangentially-fired,NA,Overfire Air,NA,NA,"ARP, CSNOX, CSOSG2, CSSO2G1, RGGI"
NY,E F Barrett,2511,20,NA,2019,4211,4198.5,508862.75,NA,20.98,0.0111,313316.85,0.0596,132.598,0.0492,5235747.875,Pipeline Natural Gas,Residual Oil,Tangentially-fired,NA,Overfire Air,NA,NA,"ARP, CSNOX, CSOSG2, CSSO2G1, RGGI"
NY,E F Barrett,2511,20,NA,2020,4941,4928.63,633151.34,NA,15.301,0.0061,384608.339,0.0593,169.747,0.0518,6445721.039,Pipeline Natural Gas,Residual Oil,Tangentially-fired,NA,Overfire Air,NA,NA,"ARP, CSNOX, CSOSG2, CSSO2G1, RGGI"
NY,E F Barrett,2511,20,NA,2021,4960,4941.76,651908.12,NA,106.542,0.0264,392281.095,0.0601,197.097,0.0597,6454159.728,Pipeline Natural Gas,Residual Oil,Tangentially-fired,NA,Overfire Air,NA,NA,"ARP, CSNOX, CSOSG3, CSSO2G1, RGGI"
NY,E F Barrett,2511,20,NA,2022,3210,3179.39,393996.26,NA,12.589,0.0069,231046.378,0.0594,107.605,0.0517,3865988.845,Pipeline Natural Gas,Residual Oil,Tangentially-fired,NA,Overfire Air,NA,NA,"ARP, CSNOX, CSOSG3, CSSO2G1, RGGI"
NY,E F Barrett,2511,20,NA,2023,4247,4225.17,526082.28,NA,10.385,0.0052,310560.833,0.0593,136.128,0.0499,5208932.624,Pipeline Natural Gas,Residual Oil,Tangentially-fired,NA,Overfire Air,NA,NA,"ARP, CSNOX, CSOSG3, CSSO2G1, RGGI"
NY,E F Barrett,2511,20,NA,2024,7952,7947.85,905332.25,NA,2.937,0.0011,531314.716,0.059,227.392,0.0474,8939866.462,Pipeline Natural Gas,Residual Oil,Tangentially-fired,NA,Overfire Air,NA,NA,"ARP, CSNOX, CSOSG2E, CSSO2G1, RGGI"
NY,E F Barrett,2511,U00004,NA,1999,290,290,3317,NA,NA,NA,NA,NA,9.821,0.3513,55448.1,Pipeline Natural Gas,Diesel Oil,Combustion turbine,NA,NA,NA,NA,OTC
NY,E F Barrett,2511,U00004,NA,2000,201,201,2439,NA,NA,NA,NA,NA,6.576,0.321,40960.5,Pipeline Natural Gas,Diesel Oil,Combustion turbine,NA,NA,NA,NA,OTC
NY,E F Barrett,2511,U00004,NA,2001,228,228,2734,NA,NA,NA,NA,NA,5.919,0.2743,42944.3,Pipeline Natural Gas,Diesel Oil,Combustion turbine,NA,NA,NA,NA,OTC
NY,E F Barrett,2511,U00004,NA,2002,236,236,2690,NA,0,0,0,0,6.301,0.3023,41631.3,Pipeline Natural Gas,Diesel Oil,Combustion turbine,NA,"Water Injection (Began May 01, 2002)",NA,NA,OTC
NY,E F Barrett,2511,U00004,NA,2003,131,131,1366,NA,NA,NA,NA,NA,3.582,0.3128,22789.4,Pipeline Natural Gas,Diesel Oil,Combustion turbine,NA,"Water Injection (Retired Apr 30, 2003)",NA,NA,NBP
NY,E F Barrett,2511,U00004,NA,2004,298,298,3116,NA,NA,NA,NA,NA,6.838,0.2874,47849.3,Pipeline Natural Gas,Diesel Oil,Combustion turbine,NA,NA,NA,NA,NBP
NY,E F Barrett,2511,U00004,NA,2005,320,320,3305,NA,NA,NA,NA,NA,8.64,0.3018,57248.6,Pipeline Natural Gas,Diesel Oil,Combustion turbine,NA,NA,NA,NA,NBP
NY,E F Barrett,2511,U00004,NA,2006,252,252,2594,NA,NA,NA,NA,NA,6.711,0.301,44624.6,Pipeline Natural Gas,Diesel Oil,Combustion turbine,NA,NA,NA,NA,NBP
NY,E F Barrett,2511,U00004,NA,2007,89,89,872,NA,NA,NA,NA,NA,2.48,0.3206,15476.8,Pipeline Natural Gas,Diesel Oil,Combustion turbine,NA,NA,NA,NA,NBP
NY,E F Barrett,2511,U00004,NA,2008,41,41,407,NA,NA,NA,NA,NA,1.086,0.2999,7238.3,Pipeline Natural Gas,Diesel Oil,Combustion turbine,NA,NA,NA,NA,"CAIROS, NBP"
NY,E F Barrett,2511,U00004,CP001,2009,47,47,448,NA,NA,NA,NA,NA,1.421,0.3632,7831.5,Pipeline Natural Gas,Diesel Oil,Combustion turbine,NA,NA,NA,NA,CAIROS
NY,E F Barrett,2511,U00004,CP001,2010,97,97,839,NA,NA,NA,823.6,0.0591,2.403,0.3435,13967.5,Pipeline Natural Gas,Diesel Oil,Combustion turbine,NA,NA,NA,NA,CAIROS
NY,E F Barrett,2511,U00004,CP001,2011,122,122,1010,NA,NA,NA,954.4,0.059,2.864,0.3541,16177.1,Pipeline Natural Gas,Diesel Oil,Combustion turbine,NA,NA,NA,NA,CAIROS
NY,E F Barrett,2511,U00004,CP001,2012,412,412,3634,NA,NA,NA,3582.1,0.0589,10.755,0.354,60757.1,Pipeline Natural Gas,Diesel Oil,Combustion turbine,NA,NA,NA,NA,CAIROS
NY,E F Barrett,2511,U00004,CP001,2013,247,247,2121,NA,NA,NA,2155.8,0.0589,6.458,0.354,36501.8,Pipeline Natural Gas,Diesel Oil,Combustion turbine,NA,NA,NA,NA,CAIROS
NY,E F Barrett,2511,U00004,CP001,2014,17,17,87,NA,NA,NA,82.2,0.0584,0.212,0.3042,1396.4,Pipeline Natural Gas,Diesel Oil,Combustion turbine,NA,NA,NA,NA,CAIROS
NY,E F Barrett,2511,U00004,CP001,2015,296,296,2675,NA,NA,NA,2623.7,0.0595,10.117,0.4479,44026.3,Pipeline Natural Gas,Diesel Oil,Combustion turbine,NA,NA,NA,NA,SIPNOX
NY,E F Barrett,2511,U00004,CP001,2016,715,715,7090,NA,NA,NA,7096,0.0605,23.159,0.3975,116906.2,Pipeline Natural Gas,Diesel Oil,Combustion turbine,NA,NA,NA,NA,SIPNOX
NY,E F Barrett,2511,U00004,CP001,2017,584,584,5471,NA,NA,NA,5572.6,0.0606,14.763,0.3208,92106.7,Pipeline Natural Gas,Diesel Oil,Combustion turbine,NA,NA,NA,NA,SIPNOX
NY,E F Barrett,2511,U00004,CP001,2018,378,378,3912,NA,NA,NA,3811.9,0.0599,9.971,0.3143,63947.3,Pipeline Natural Gas,Diesel Oil,Combustion turbine,NA,NA,NA,NA,SIPNOX
NY,E F Barrett,2511,U00004,CP001,2019,439,439,3883,NA,NA,NA,3802.5,0.0595,9.376,0.293,63565.5,Pipeline Natural Gas,Diesel Oil,Combustion turbine,NA,NA,NA,NA,SIPNOX
NY,E F Barrett,2511,U00004,CP001,2020,743,743,7410,NA,NA,NA,7404.6,0.059,20.168,0.3186,125463.4,Pipeline Natural Gas,Diesel Oil,Combustion turbine,NA,NA,NA,NA,SIPNOX
NY,E F Barrett,2511,U00004,CP001,2021,479,479,4851,NA,NA,NA,4495.9,0.0596,12.795,0.3394,75422.1,Pipeline Natural Gas,Diesel Oil,Combustion turbine,NA,NA,NA,NA,"RGGI, SIPNOX"
NY,E F Barrett,2511,U00004,CP001,2022,812,812,8423,NA,NA,NA,8120.1,0.0593,23.157,0.3381,137012.2,Pipeline Natural Gas,Diesel Oil,Combustion turbine,NA,NA,NA,NA,"RGGI, SIPNOX"
NY,E F Barrett,2511,U00004,CP001,2023,395,395,3758,NA,NA,NA,3342.2,0.0597,9.606,0.343,55825.9,Pipeline Natural Gas,Diesel Oil,Combustion turbine,NA,NA,NA,NA,"RGGI, SIPNOX"
NY,E F Barrett,2511,U00004,CP001,2024,475,475,4582,NA,NA,NA,4638.5,0.0595,13.258,0.3485,78531.5,Pipeline Natural Gas,Diesel Oil,Combustion turbine,NA,NA,NA,NA,"RGGI, SIPNOX"
NY,E F Barrett,2511,U00005,NA,1999,290,290,3213,NA,NA,NA,NA,NA,9.234,0.3483,53708.5,Pipeline Natural Gas,Diesel Oil,Combustion turbine,NA,NA,NA,NA,OTC
NY,E F Barrett,2511,U00005,NA,2000,184,184,2160,NA,NA,NA,NA,NA,5.823,0.321,36275.3,Pipeline Natural Gas,Diesel Oil,Combustion turbine,NA,NA,NA,NA,OTC
NY,E F Barrett,2511,U00005,NA,2001,195,195,2288,NA,NA,NA,NA,NA,4.964,0.2751,35938.6,Pipeline Natural Gas,Diesel Oil,Combustion turbine,NA,NA,NA,NA,OTC
NY,E F Barrett,2511,U00005,NA,2002,213,213,2411,NA,0,0,0,0,5.648,0.3024,37313.9,Pipeline Natural Gas,Diesel Oil,Combustion turbine,NA,"Water Injection (Began May 01, 2002)",NA,NA,OTC
NY,E F Barrett,2511,U00005,NA,2003,96,96,1050,NA,NA,NA,NA,NA,2.911,0.3355,17566.5,Pipeline Natural Gas,Diesel Oil,Combustion turbine,NA,"Water Injection (Retired Apr 30, 2003)",NA,NA,NBP
NY,E F Barrett,2511,U00005,NA,2004,194,194,1771,NA,NA,NA,NA,NA,3.872,0.2841,27303.9,Pipeline Natural Gas,Diesel Oil,Combustion turbine,NA,NA,NA,NA,NBP
NY,E F Barrett,2511,U00005,NA,2005,440,440,4393,NA,NA,NA,NA,NA,11.824,0.3204,75087.4,Pipeline Natural Gas,Diesel Oil,Combustion turbine,NA,NA,NA,NA,NBP
NY,E F Barrett,2511,U00005,NA,2006,396,396,3716,NA,NA,NA,NA,NA,10.29,0.3239,63820.1,Pipeline Natural Gas,Diesel Oil,Combustion turbine,NA,NA,NA,NA,NBP
NY,E F Barrett,2511,U00005,NA,2007,105,105,863,NA,NA,NA,NA,NA,2.684,0.3526,15326.4,Pipeline Natural Gas,Diesel Oil,Combustion turbine,NA,NA,NA,NA,NBP
NY,E F Barrett,2511,U00005,NA,2008,125,125,975,NA,NA,NA,NA,NA,2.652,0.302,17553.8,Pipeline Natural Gas,Diesel Oil,Combustion turbine,NA,NA,NA,NA,"CAIROS, NBP"
NY,E F Barrett,2511,U00005,CP001,2009,344,344,2902,NA,NA,NA,NA,NA,8.051,0.3142,51269.4,Pipeline Natural Gas,Diesel Oil,Combustion turbine,NA,NA,NA,NA,CAIROS
NY,E F Barrett,2511,U00005,CP001,2010,229,229,1894,NA,NA,NA,1883.5,0.0593,5.37,0.3388,31728.3,Pipeline Natural Gas,Diesel Oil,Combustion turbine,NA,NA,NA,NA,CAIROS
NY,E F Barrett,2511,U00005,CP001,2011,213,213,1801,NA,NA,NA,1367.9,0.0584,4.101,0.3526,23165,Pipeline Natural Gas,Diesel Oil,Combustion turbine,NA,NA,NA,NA,CAIROS
NY,E F Barrett,2511,U00005,CP001,2012,469,469,3295,NA,NA,NA,3214,0.0588,9.652,0.3541,54528.1,Pipeline Natural Gas,Diesel Oil,Combustion turbine,NA,NA,NA,NA,CAIROS
NY,E F Barrett,2511,U00005,CP001,2013,797,797,6695,NA,NA,NA,6534.5,0.0589,19.574,0.354,110614.6,Pipeline Natural Gas,Diesel Oil,Combustion turbine,NA,NA,NA,NA,CAIROS
NY,E F Barrett,2511,U00005,CP001,2014,572,572,4549,NA,NA,NA,4355.4,0.0599,12.191,0.3361,72785.1,Pipeline Natural Gas,Diesel Oil,Combustion turbine,NA,NA,NA,NA,CAIROS
NY,E F Barrett,2511,U00005,CP001,2015,445,445,3812,NA,NA,NA,3933.4,0.0632,14.644,0.4665,61700,Pipeline Natural Gas,Diesel Oil,Combustion turbine,NA,NA,NA,NA,SIPNOX
NY,E F Barrett,2511,U00005,CP001,2016,765,765,6502,NA,NA,NA,6410.7,0.0603,24.336,0.4667,106054.9,Pipeline Natural Gas,Diesel Oil,Combustion turbine,NA,NA,NA,NA,SIPNOX
NY,E F Barrett,2511,U00005,CP001,2017,299,299,2448,NA,NA,NA,2436.6,0.0595,6.326,0.3089,41068.8,Pipeline Natural Gas,Diesel Oil,Combustion turbine,NA,NA,NA,NA,SIPNOX
NY,E F Barrett,2511,U00005,CP001,2018,374,374,3886,NA,NA,NA,3788.4,0.059,9.775,0.3041,64336.8,Pipeline Natural Gas,Diesel Oil,Combustion turbine,NA,NA,NA,NA,SIPNOX
NY,E F Barrett,2511,U00005,CP001,2019,315,315,2502,NA,NA,NA,2426.4,0.0592,5.911,0.2893,40938.3,Pipeline Natural Gas,Diesel Oil,Combustion turbine,NA,NA,NA,NA,SIPNOX
NY,E F Barrett,2511,U00005,CP001,2020,911,911,8958,NA,NA,NA,8958.2,0.059,24.024,0.3149,151779.7,Pipeline Natural Gas,Diesel Oil,Combustion turbine,NA,NA,NA,NA,SIPNOX
NY,E F Barrett,2511,U00005,CP001,2021,720,720,6975,NA,NA,NA,6505.8,0.06,18.499,0.3414,108582.5,Pipeline Natural Gas,Diesel Oil,Combustion turbine,NA,NA,NA,NA,"RGGI, SIPNOX"
NY,E F Barrett,2511,U00005,CP001,2022,1068,1068,10747,NA,NA,NA,10496.1,0.06,30.072,0.3432,174826.7,Pipeline Natural Gas,Diesel Oil,Combustion turbine,NA,NA,NA,NA,"RGGI, SIPNOX"
NY,E F Barrett,2511,U00005,CP001,2023,461,461,4463,NA,NA,NA,3902.1,0.0595,11.181,0.3416,65542.2,Pipeline Natural Gas,Diesel Oil,Combustion turbine,NA,NA,NA,NA,"RGGI, SIPNOX"
NY,E F Barrett,2511,U00005,CP001,2024,592,592,5249,NA,NA,NA,5337.5,0.0598,15.085,0.3366,89857.6,Pipeline Natural Gas,Diesel Oil,Combustion turbine,NA,NA,NA,NA,"RGGI, SIPNOX"
NY,E F Barrett,2511,U00006,NA,1999,289,289,2879,NA,NA,NA,NA,NA,8.459,0.3515,48129.8,Pipeline Natural Gas,Diesel Oil,Combustion turbine,NA,NA,NA,NA,OTC
NY,E F Barrett,2511,U00006,NA,2000,182,182,1863,NA,NA,NA,NA,NA,5.022,0.321,31296.2,Pipeline Natural Gas,Diesel Oil,Combustion turbine,NA,NA,NA,NA,OTC
NY,E F Barrett,2511,U00006,NA,2001,229,229,2459,NA,NA,NA,NA,NA,5.278,0.2735,38625.4,Pipeline Natural Gas,Diesel Oil,Combustion turbine,NA,NA,NA,NA,OTC
NY,E F Barrett,2511,U00006,NA,2002,307,307,3135,NA,0,0,0,0,7.338,0.3023,48526,Pipeline Natural Gas,Diesel Oil,Combustion turbine,NA,"Water Injection (Began May 01, 2002)",NA,NA,OTC
NY,E F Barrett,2511,U00006,NA,2003,93,93,851,NA,NA,NA,NA,NA,2.036,0.302,13481.7,Pipeline Natural Gas,Diesel Oil,Combustion turbine,NA,"Water Injection (Retired Apr 30, 2003)",NA,NA,NBP
NY,E F Barrett,2511,U00006,NA,2004,215,215,2018,NA,NA,NA,NA,NA,4.291,0.2835,30281.6,Pipeline Natural Gas,Diesel Oil,Combustion turbine,NA,NA,NA,NA,NBP
NY,E F Barrett,2511,U00006,NA,2005,239,239,2252,NA,NA,NA,NA,NA,5.874,0.2997,39168.7,Pipeline Natural Gas,Diesel Oil,Combustion turbine,NA,NA,NA,NA,NBP
NY,E F Barrett,2511,U00006,NA,2006,228,228,2242,NA,NA,NA,NA,NA,5.838,0.3081,38502.2,Pipeline Natural Gas,Diesel Oil,Combustion turbine,NA,NA,NA,NA,NBP
NY,E F Barrett,2511,U00006,NA,2007,50,50,392,NA,NA,NA,NA,NA,1.189,0.3421,6928.6,Pipeline Natural Gas,Diesel Oil,Combustion turbine,NA,NA,NA,NA,NBP
NY,E F Barrett,2511,U00006,NA,2008,47,47,408,NA,NA,NA,NA,NA,1.13,0.3055,7345.3,Pipeline Natural Gas,Diesel Oil,Combustion turbine,NA,NA,NA,NA,"CAIROS, NBP"
NY,E F Barrett,2511,U00006,CP001,2009,37,37,335,NA,NA,NA,NA,NA,0.953,0.3217,5965.4,Pipeline Natural Gas,Diesel Oil,Combustion turbine,NA,NA,NA,NA,CAIROS
NY,E F Barrett,2511,U00006,CP001,2010,176,176,1594,NA,NA,NA,1583.2,0.0591,4.537,0.3415,26841.7,Pipeline Natural Gas,Diesel Oil,Combustion turbine,NA,NA,NA,NA,CAIROS
NY,E F Barrett,2511,U00006,CP001,2011,132,132,1212,NA,NA,NA,1079.3,0.058,3.235,0.3559,18279.2,Pipeline Natural Gas,Diesel Oil,Combustion turbine,NA,NA,NA,NA,CAIROS
NY,E F Barrett,2511,U00006,CP001,2012,364,364,3003,NA,NA,NA,2952.6,0.059,8.865,0.354,50074.8,Pipeline Natural Gas,Diesel Oil,Combustion turbine,NA,NA,NA,NA,CAIROS
NY,E F Barrett,2511,U00006,CP001,2013,406,406,3746,NA,NA,NA,3697.9,0.0589,11.086,0.354,62643.5,Pipeline Natural Gas,Diesel Oil,Combustion turbine,NA,NA,NA,NA,CAIROS
NY,E F Barrett,2511,U00006,CP001,2014,278,278,2362,NA,NA,NA,2282.3,0.0603,6.404,0.3397,37870.2,Pipeline Natural Gas,Diesel Oil,Combustion turbine,NA,NA,NA,NA,CAIROS
NY,E F Barrett,2511,U00006,CP001,2015,525,525,4854,NA,NA,NA,5114.7,0.0643,19.488,0.4983,78029.2,Pipeline Natural Gas,Diesel Oil,Combustion turbine,NA,NA,NA,NA,SIPNOX
NY,E F Barrett,2511,U00006,CP001,2016,467,467,4049,NA,NA,NA,3992.5,0.0593,10.699,0.3193,67513.2,Pipeline Natural Gas,Diesel Oil,Combustion turbine,NA,NA,NA,NA,SIPNOX
NY,E F Barrett,2511,U00006,CP001,2017,443,443,3692,NA,NA,NA,3717.7,0.0603,9.755,0.3182,62000.4,Pipeline Natural Gas,Diesel Oil,Combustion turbine,NA,NA,NA,NA,SIPNOX
NY,E F Barrett,2511,U00006,CP001,2018,665,665,6335,NA,NA,NA,6172.8,0.0594,15.962,0.3084,103839.7,Pipeline Natural Gas,Diesel Oil,Combustion turbine,NA,NA,NA,NA,SIPNOX
NY,E F Barrett,2511,U00006,CP001,2019,353,353,2780,NA,NA,NA,2674.8,0.059,6.472,0.2858,45263,Pipeline Natural Gas,Diesel Oil,Combustion turbine,NA,NA,NA,NA,SIPNOX
NY,E F Barrett,2511,U00006,CP001,2020,488,488,4484,NA,NA,NA,4452.4,0.0591,11.772,0.3089,75483.5,Pipeline Natural Gas,Diesel Oil,Combustion turbine,NA,NA,NA,NA,SIPNOX
NY,E F Barrett,2511,U00006,CP001,2021,401,401,3983,NA,NA,NA,3787.1,0.059,10.771,0.336,64122.6,Pipeline Natural Gas,Diesel Oil,Combustion turbine,NA,NA,NA,NA,"RGGI, SIPNOX"
NY,E F Barrett,2511,U00006,CP001,2022,838,838,9349,NA,NA,NA,9037.9,0.0594,25.818,0.3391,152185.1,Pipeline Natural Gas,Diesel Oil,Combustion turbine,NA,NA,NA,NA,"RGGI, SIPNOX"
NY,E F Barrett,2511,U00006,CP001,2023,407,407,3729,NA,NA,NA,3334.4,0.0595,9.564,0.3432,55870.6,Pipeline Natural Gas,Diesel Oil,Combustion turbine,NA,NA,NA,NA,"RGGI, SIPNOX"
NY,E F Barrett,2511,U00006,CP001,2024,175,175,1162,NA,NA,NA,1160.4,0.0609,3.189,0.3341,19083.9,Pipeline Natural Gas,Diesel Oil,Combustion turbine,NA,NA,NA,NA,"RGGI, SIPNOX"
NY,E F Barrett,2511,U00007,NA,1999,292,292,3128,NA,NA,NA,NA,NA,11.618,0.4505,52290.8,Pipeline Natural Gas,Diesel Oil,Combustion turbine,NA,NA,NA,NA,OTC
NY,E F Barrett,2511,U00007,NA,2000,174,174,1811,NA,NA,NA,NA,NA,4.882,0.321,30422.5,Pipeline Natural Gas,Diesel Oil,Combustion turbine,NA,NA,NA,NA,OTC
NY,E F Barrett,2511,U00007,NA,2001,208,208,2301,NA,NA,NA,NA,NA,4.898,0.2719,36142.7,Pipeline Natural Gas,Diesel Oil,Combustion turbine,NA,NA,NA,NA,OTC
NY,E F Barrett,2511,U00007,NA,2002,202,202,2081,NA,0,0,0,0,4.875,0.3024,32207.8,Pipeline Natural Gas,Diesel Oil,Combustion turbine,NA,"Water Injection (Began May 01, 2002)",NA,NA,OTC
NY,E F Barrett,2511,U00007,NA,2003,69,69,680,NA,NA,NA,NA,NA,1.85,0.3283,11409.5,Pipeline Natural Gas,Diesel Oil,Combustion turbine,NA,"Water Injection (Retired Apr 30, 2003)",NA,NA,NBP
NY,E F Barrett,2511,U00007,NA,2004,86,86,780,NA,NA,NA,NA,NA,1.896,0.3031,12657.1,Pipeline Natural Gas,Diesel Oil,Combustion turbine,NA,NA,NA,NA,NBP
NY,E F Barrett,2511,U00007,NA,2005,303,303,2790,NA,NA,NA,NA,NA,7.267,0.3006,48326.5,Pipeline Natural Gas,Diesel Oil,Combustion turbine,NA,NA,NA,NA,NBP
NY,E F Barrett,2511,U00007,NA,2006,247,247,2007,NA,NA,NA,NA,NA,5.201,0.3021,34603.3,Pipeline Natural Gas,Diesel Oil,Combustion turbine,NA,NA,NA,NA,NBP
NY,E F Barrett,2511,U00007,NA,2007,126,126,1206,NA,NA,NA,NA,NA,3.483,0.3292,21444.7,Pipeline Natural Gas,Diesel Oil,Combustion turbine,NA,NA,NA,NA,NBP
NY,E F Barrett,2511,U00007,NA,2008,172,172,1577,NA,NA,NA,NA,NA,4.395,0.3061,28515.3,Pipeline Natural Gas,Diesel Oil,Combustion turbine,NA,NA,NA,NA,"CAIROS, NBP"
NY,E F Barrett,2511,U00007,CP001,2009,451,451,4318,NA,NA,NA,NA,NA,12.43,0.3276,75422.5,Pipeline Natural Gas,Diesel Oil,Combustion turbine,NA,NA,NA,NA,CAIROS
NY,E F Barrett,2511,U00007,CP001,2010,378,378,3623,NA,NA,NA,3579,0.0592,10.151,0.3373,60565.3,Pipeline Natural Gas,Diesel Oil,Combustion turbine,NA,NA,NA,NA,CAIROS
NY,E F Barrett,2511,U00007,CP001,2011,474,474,4802,NA,NA,NA,3181.3,0.059,9.547,0.3559,53928.6,Pipeline Natural Gas,Diesel Oil,Combustion turbine,NA,NA,NA,NA,CAIROS
NY,E F Barrett,2511,U00007,CP001,2012,637,637,6195,NA,NA,NA,6073.9,0.059,18.235,0.354,103030.6,Pipeline Natural Gas,Diesel Oil,Combustion turbine,NA,NA,NA,NA,CAIROS
NY,E F Barrett,2511,U00007,CP001,2013,613,613,5377,NA,NA,NA,5252.8,0.0591,16.252,0.3637,88523.2,Pipeline Natural Gas,Diesel Oil,Combustion turbine,NA,NA,NA,NA,CAIROS
NY,E F Barrett,2511,U00007,CP001,2014,658,658,6142,NA,NA,NA,6115.6,0.0626,17.455,0.3575,97545.7,Pipeline Natural Gas,Diesel Oil,Combustion turbine,NA,NA,NA,NA,CAIROS
NY,E F Barrett,2511,U00007,CP001,2015,380,380,3323,NA,NA,NA,3401.9,0.0628,13.115,0.4902,53875.6,Pipeline Natural Gas,Diesel Oil,Combustion turbine,NA,NA,NA,NA,SIPNOX
NY,E F Barrett,2511,U00007,CP001,2016,936,936,9076,NA,NA,NA,9033.1,0.0604,32.1,0.4329,149187.8,Pipeline Natural Gas,Diesel Oil,Combustion turbine,NA,NA,NA,NA,SIPNOX
NY,E F Barrett,2511,U00007,CP001,2017,516,516,4499,NA,NA,NA,4438.2,0.059,11.451,0.3041,75335.1,Pipeline Natural Gas,Diesel Oil,Combustion turbine,NA,NA,NA,NA,SIPNOX
NY,E F Barrett,2511,U00007,CP001,2018,918,918,9024,NA,NA,NA,8655.4,0.059,22.315,0.3041,146853,Pipeline Natural Gas,Diesel Oil,Combustion turbine,NA,NA,NA,NA,SIPNOX
NY,E F Barrett,2511,U00007,CP001,2019,498,498,4629,NA,NA,NA,4466.1,0.0591,10.953,0.2897,75434.1,Pipeline Natural Gas,Diesel Oil,Combustion turbine,NA,NA,NA,NA,SIPNOX
NY,E F Barrett,2511,U00007,CP001,2020,498,498,4686,NA,NA,NA,4584.3,0.0591,12.288,0.3133,77702,Pipeline Natural Gas,Diesel Oil,Combustion turbine,NA,NA,NA,NA,SIPNOX
NY,E F Barrett,2511,U00007,CP001,2021,349,349,3201,NA,NA,NA,3035.7,0.0597,8.643,0.34,50985.4,Pipeline Natural Gas,Diesel Oil,Combustion turbine,NA,NA,NA,NA,"RGGI, SIPNOX"
NY,E F Barrett,2511,U00007,CP001,2022,658,658,6951,NA,NA,NA,6761.7,0.0597,19.364,0.3416,113187.3,Pipeline Natural Gas,Diesel Oil,Combustion turbine,NA,NA,NA,NA,"RGGI, SIPNOX"
NY,E F Barrett,2511,U00007,CP001,2023,220,220,2285,NA,NA,NA,2154.8,0.0588,6.139,0.3359,36545.2,Pipeline Natural Gas,Diesel Oil,Combustion turbine,NA,NA,NA,NA,"RGGI, SIPNOX"
NY,E F Barrett,2511,U00007,CP001,2024,373,373,3253,NA,NA,NA,3261.9,0.0597,9.33,0.3447,55223.2,Pipeline Natural Gas,Diesel Oil,Combustion turbine,NA,NA,NA,NA,"RGGI, SIPNOX"
NY,E F Barrett,2511,U00008,NA,1999,307,307,3187,NA,NA,NA,NA,NA,9.389,0.3496,53279.1,Pipeline Natural Gas,Diesel Oil,Combustion turbine,NA,NA,NA,NA,OTC
NY,E F Barrett,2511,U00008,NA,2000,182,182,2046,NA,NA,NA,NA,NA,5.516,0.321,34363.2,Pipeline Natural Gas,Diesel Oil,Combustion turbine,NA,NA,NA,NA,OTC
NY,E F Barrett,2511,U00008,NA,2001,201,201,2384,NA,NA,NA,NA,NA,5.204,0.2769,37445.9,Pipeline Natural Gas,Diesel Oil,Combustion turbine,NA,NA,NA,NA,OTC
NY,E F Barrett,2511,U00008,NA,2002,206,206,1979,NA,0,0,0,0,4.636,0.3024,30636.6,Pipeline Natural Gas,Diesel Oil,Combustion turbine,NA,"Water Injection (Began May 01, 2002)",NA,NA,OTC
NY,E F Barrett,2511,U00008,NA,2003,165,165,1645,NA,NA,NA,NA,NA,4.062,0.3045,26588.6,Pipeline Natural Gas,Diesel Oil,Combustion turbine,NA,"Water Injection (Retired Apr 30, 2003)",NA,NA,NBP
NY,E F Barrett,2511,U00008,NA,2004,257,257,2679,NA,NA,NA,NA,NA,5.708,0.2829,40396.7,Pipeline Natural Gas,Diesel Oil,Combustion turbine,NA,NA,NA,NA,NBP
NY,E F Barrett,2511,U00008,NA,2005,291,291,3173,NA,NA,NA,NA,NA,8.274,0.2994,55273.4,Pipeline Natural Gas,Diesel Oil,Combustion turbine,NA,NA,NA,NA,NBP
NY,E F Barrett,2511,U00008,NA,2006,228,228,2236,NA,NA,NA,NA,NA,5.829,0.3092,38253.8,Pipeline Natural Gas,Diesel Oil,Combustion turbine,NA,NA,NA,NA,NBP
NY,E F Barrett,2511,U00008,NA,2007,73,73,680,NA,NA,NA,NA,NA,1.803,0.3035,12009.6,Pipeline Natural Gas,Diesel Oil,Combustion turbine,NA,NA,NA,NA,NBP
NY,E F Barrett,2511,U00008,NA,2008,46,46,454,NA,NA,NA,NA,NA,1.256,0.3057,8182.3,Pipeline Natural Gas,Diesel Oil,Combustion turbine,NA,NA,NA,NA,"CAIROS, NBP"
NY,E F Barrett,2511,U00008,CP001,2009,73,73,799,NA,NA,NA,NA,NA,2.398,0.3333,14125,Pipeline Natural Gas,Diesel Oil,Combustion turbine,NA,NA,NA,NA,CAIROS
NY,E F Barrett,2511,U00008,CP001,2010,136,136,1271,NA,NA,NA,1259.7,0.059,3.591,0.3386,21354.8,Pipeline Natural Gas,Diesel Oil,Combustion turbine,NA,NA,NA,NA,CAIROS
NY,E F Barrett,2511,U00008,CP001,2011,209,209,1798,NA,NA,NA,1641.8,0.0573,4.928,0.3529,27834.8,Pipeline Natural Gas,Diesel Oil,Combustion turbine,NA,NA,NA,NA,CAIROS
NY,E F Barrett,2511,U00008,CP001,2012,444,444,4099,NA,NA,NA,4023,0.059,12.083,0.354,68266.5,Pipeline Natural Gas,Diesel Oil,Combustion turbine,NA,NA,NA,NA,CAIROS
NY,E F Barrett,2511,U00008,CP001,2013,734,734,7071,NA,NA,NA,6831.3,0.0589,20.494,0.3545,115750.6,Pipeline Natural Gas,Diesel Oil,Combustion turbine,NA,NA,NA,NA,CAIROS
NY,E F Barrett,2511,U00008,CP001,2014,210,210,1956,NA,NA,NA,1864.8,0.0589,5.319,0.3352,31627,Pipeline Natural Gas,Diesel Oil,Combustion turbine,NA,NA,NA,NA,CAIROS
NY,E F Barrett,2511,U00008,CP001,2015,449,449,4048,NA,NA,NA,3940.1,0.0599,14.154,0.4326,65853.3,Pipeline Natural Gas,Diesel Oil,Combustion turbine,NA,NA,NA,NA,SIPNOX
NY,E F Barrett,2511,U00008,CP001,2016,406,406,3725,NA,NA,NA,3674.5,0.0593,10.282,0.3292,62207.2,Pipeline Natural Gas,Diesel Oil,Combustion turbine,NA,NA,NA,NA,SIPNOX
NY,E F Barrett,2511,U00008,CP001,2017,393,393,3356,NA,NA,NA,3378.7,0.0602,8.862,0.3158,56393.2,Pipeline Natural Gas,Diesel Oil,Combustion turbine,NA,NA,NA,NA,SIPNOX
NY,E F Barrett,2511,U00008,CP001,2018,671,671,6840,NA,NA,NA,6562.1,0.0592,16.963,0.30620000000000003,111144.8,Pipeline Natural Gas,Diesel Oil,Combustion turbine,NA,NA,NA,NA,SIPNOX
NY,E F Barrett,2511,U00008,CP001,2019,296,296,2707,NA,NA,NA,2660.4,0.0595,6.558,0.2927,44505.3,Pipeline Natural Gas,Diesel Oil,Combustion turbine,NA,NA,NA,NA,SIPNOX
NY,E F Barrett,2511,U00008,CP001,2020,153,153,1336,NA,NA,NA,1300.8,0.0595,3.251,0.2971,21957.2,Pipeline Natural Gas,Diesel Oil,Combustion turbine,NA,NA,NA,NA,SIPNOX
NY,E F Barrett,2511,U00008,CP001,2021,348,348,3313,NA,NA,NA,3157.6,0.059,8.985,0.336,53488.6,Pipeline Natural Gas,Diesel Oil,Combustion turbine,NA,NA,NA,NA,"RGGI, SIPNOX"
NY,E F Barrett,2511,U00008,CP001,2022,573,573,5885,NA,NA,NA,5702.9,0.0597,16.334,0.3412,95491.9,Pipeline Natural Gas,Diesel Oil,Combustion turbine,NA,NA,NA,NA,"RGGI, SIPNOX"
NY,E F Barrett,2511,U00008,CP001,2023,373,373,3291,NA,NA,NA,2846.5,0.0589,8.095,0.336,48195.5,Pipeline Natural Gas,Diesel Oil,Combustion turbine,NA,NA,NA,NA,"RGGI, SIPNOX"
NY,E F Barrett,2511,U00008,CP001,2024,309,309,2432,NA,NA,NA,2407.2,0.0595,6.901,0.3411,40755.9,Pipeline Natural Gas,Diesel Oil,Combustion turbine,NA,NA,NA,NA,"RGGI, SIPNOX"
NY,E F Barrett,2511,U00009,NA,1999,284,284,3007,NA,NA,NA,NA,NA,8.73,0.352,50268.7,Pipeline Natural Gas,Diesel Oil,Combustion turbine,NA,NA,NA,NA,OTC
NY,E F Barrett,2511,U00009,NA,2000,189,189,2136,NA,NA,NA,NA,NA,5.758,0.321,35875.5,Pipeline Natural Gas,Diesel Oil,Combustion turbine,NA,NA,NA,NA,OTC
NY,E F Barrett,2511,U00009,NA,2001,157,157,1481,NA,NA,NA,NA,NA,3.687,0.3206,23263.1,Pipeline Natural Gas,Diesel Oil,Combustion turbine,NA,NA,NA,NA,OTC
NY,E F Barrett,2511,U00009,NA,2002,218,218,2049,NA,0,0,0,0,5.611,0.3568,31718.5,Pipeline Natural Gas,Diesel Oil,Combustion turbine,NA,"Water Injection (Began May 01, 2002)",NA,NA,OTC
NY,E F Barrett,2511,U00009,NA,2003,84,84,766,NA,NA,NA,NA,NA,3.092,0.4727,12955,Pipeline Natural Gas,Diesel Oil,Combustion turbine,NA,"Water Injection (Retired Apr 30, 2003)",NA,NA,NBP
NY,E F Barrett,2511,U00009,NA,2004,85,85,691,NA,NA,NA,NA,NA,1.556,0.2831,11029.6,Pipeline Natural Gas,Diesel Oil,Combustion turbine,NA,NA,NA,NA,NBP
NY,E F Barrett,2511,U00009,NA,2005,321,321,3132,NA,NA,NA,NA,NA,8.519,0.3206,54279.6,Pipeline Natural Gas,Diesel Oil,Combustion turbine,NA,NA,NA,NA,NBP
NY,E F Barrett,2511,U00009,NA,2006,340,340,3271,NA,NA,NA,NA,NA,8.416,0.3031,56047.8,Pipeline Natural Gas,Diesel Oil,Combustion turbine,NA,NA,NA,NA,NBP
NY,E F Barrett,2511,U00009,NA,2007,170,170,1556,NA,NA,NA,NA,NA,4.462,0.3279,27604.6,Pipeline Natural Gas,Diesel Oil,Combustion turbine,NA,NA,NA,NA,NBP
NY,E F Barrett,2511,U00009,NA,2008,196,196,1633,NA,NA,NA,NA,NA,4.957,0.3133,30417.6,Pipeline Natural Gas,Diesel Oil,Combustion turbine,NA,NA,NA,NA,"CAIROS, NBP"
NY,E F Barrett,2511,U00009,CP001,2009,529,529,4689,NA,NA,NA,NA,NA,13.595,0.3317,81613.9,Pipeline Natural Gas,Diesel Oil,Combustion turbine,NA,NA,NA,NA,CAIROS
NY,E F Barrett,2511,U00009,CP001,2010,256,256,2116,NA,NA,NA,2107.4,0.0591,5.906,0.3322,35725.5,Pipeline Natural Gas,Diesel Oil,Combustion turbine,NA,NA,NA,NA,CAIROS
NY,E F Barrett,2511,U00009,CP001,2011,372,372,3305,NA,NA,NA,2481.6,0.0585,7.444,0.3552,42048.8,Pipeline Natural Gas,Diesel Oil,Combustion turbine,NA,NA,NA,NA,CAIROS
NY,E F Barrett,2511,U00009,CP001,2012,525,525,4418,NA,NA,NA,4320.6,0.0589,12.977,0.354,73310.7,Pipeline Natural Gas,Diesel Oil,Combustion turbine,NA,NA,NA,NA,CAIROS
NY,E F Barrett,2511,U00009,CP001,2013,718,718,5874,NA,NA,NA,5711,0.0588,17.115,0.354,96712.2,Pipeline Natural Gas,Diesel Oil,Combustion turbine,NA,NA,NA,NA,CAIROS
NY,E F Barrett,2511,U00009,CP001,2014,312,312,2670,NA,NA,NA,2590.1,0.0595,7.093,0.3255,43486.4,Pipeline Natural Gas,Diesel Oil,Combustion turbine,NA,NA,NA,NA,CAIROS
NY,E F Barrett,2511,U00009,CP001,2015,717,717,6426,NA,NA,NA,6708.9,0.0644,29.16,0.5481,104128.9,Pipeline Natural Gas,Diesel Oil,Combustion turbine,NA,NA,NA,NA,SIPNOX
NY,E F Barrett,2511,U00009,CP001,2016,792,792,7427,NA,NA,NA,7272.9,0.0604,28.288,0.4795,120557.1,Pipeline Natural Gas,Diesel Oil,Combustion turbine,NA,NA,NA,NA,SIPNOX
NY,E F Barrett,2511,U00009,CP001,2017,267,267,2304,NA,NA,NA,2326,0.0598,6.078,0.3121,38965.8,Pipeline Natural Gas,Diesel Oil,Combustion turbine,NA,NA,NA,NA,SIPNOX
NY,E F Barrett,2511,U00009,CP001,2018,457,457,4584,NA,NA,NA,4462.4,0.0594,11.556,0.3082,75329.2,Pipeline Natural Gas,Diesel Oil,Combustion turbine,NA,NA,NA,NA,SIPNOX
NY,E F Barrett,2511,U00009,CP001,2019,327,327,2527,NA,NA,NA,2476.9,0.0595,6.06,0.2922,41592.9,Pipeline Natural Gas,Diesel Oil,Combustion turbine,NA,NA,NA,NA,SIPNOX
NY,E F Barrett,2511,U00009,CP001,2020,638,638,5944,NA,NA,NA,5989.7,0.0598,16.236,0.3219,100622.5,Pipeline Natural Gas,Diesel Oil,Combustion turbine,NA,NA,NA,NA,SIPNOX
NY,E F Barrett,2511,U00009,CP001,2021,550,550,4839,NA,NA,NA,4464.5,0.0598,12.709,0.3397,75185,Pipeline Natural Gas,Diesel Oil,Combustion turbine,NA,NA,NA,NA,"RGGI, SIPNOX"
NY,E F Barrett,2511,U00009,CP001,2022,615,615,5996,NA,NA,NA,5756.9,0.0594,16.458,0.3389,96900.3,Pipeline Natural Gas,Diesel Oil,Combustion turbine,NA,NA,NA,NA,"RGGI, SIPNOX"
NY,E F Barrett,2511,U00009,CP001,2023,413,413,3838,NA,NA,NA,3284.3,0.0588,9.352,0.336,55671.5,Pipeline Natural Gas,Diesel Oil,Combustion turbine,NA,NA,NA,NA,"RGGI, SIPNOX"
NY,E F Barrett,2511,U00009,CP001,2024,380,380,2931,NA,NA,NA,2940.2,0.06,8.349,0.3465,49313,Pipeline Natural Gas,Diesel Oil,Combustion turbine,NA,NA,NA,NA,"RGGI, SIPNOX"
NY,E F Barrett,2511,U00010,NA,1999,282,282,3161,NA,NA,NA,NA,NA,9.233,0.3491,52840.5,Pipeline Natural Gas,Diesel Oil,Combustion turbine,NA,NA,NA,NA,OTC
NY,E F Barrett,2511,U00010,NA,2000,89,89,878,NA,NA,NA,NA,NA,2.367,0.321,14750.2,Pipeline Natural Gas,Diesel Oil,Combustion turbine,NA,NA,NA,NA,OTC
NY,E F Barrett,2511,U00010,NA,2001,192,192,2162,NA,NA,NA,NA,NA,4.625,0.2741,33959.7,Pipeline Natural Gas,Diesel Oil,Combustion turbine,NA,NA,NA,NA,OTC
NY,E F Barrett,2511,U00010,NA,2002,218,218,1965,NA,0,0,0,0,4.605,0.3026,30417.5,Pipeline Natural Gas,Diesel Oil,Combustion turbine,NA,"Water Injection (Began May 01, 2002)",NA,NA,OTC
NY,E F Barrett,2511,U00010,NA,2003,104,104,900,NA,NA,NA,NA,NA,2.605,0.3425,15048.8,Pipeline Natural Gas,Diesel Oil,Combustion turbine,NA,"Water Injection (Retired Apr 30, 2003)",NA,NA,NBP
NY,E F Barrett,2511,U00010,NA,2004,179,179,1758,NA,NA,NA,NA,NA,3.822,0.2842,27000,Pipeline Natural Gas,Diesel Oil,Combustion turbine,NA,NA,NA,NA,NBP
NY,E F Barrett,2511,U00010,NA,2005,362,362,3592,NA,NA,NA,NA,NA,9.393,0.3038,62071.2,Pipeline Natural Gas,Diesel Oil,Combustion turbine,NA,NA,NA,NA,NBP
NY,E F Barrett,2511,U00010,NA,2006,308,308,2803,NA,NA,NA,NA,NA,7.284,0.3043,48048.7,Pipeline Natural Gas,Diesel Oil,Combustion turbine,NA,NA,NA,NA,NBP
NY,E F Barrett,2511,U00010,NA,2007,135,135,1228,NA,NA,NA,NA,NA,4.771,0.4465,21487,Pipeline Natural Gas,Diesel Oil,Combustion turbine,NA,NA,NA,NA,NBP
NY,E F Barrett,2511,U00010,NA,2008,121,121,1047,NA,NA,NA,NA,NA,2.922,0.313,18819.3,Pipeline Natural Gas,Diesel Oil,Combustion turbine,NA,NA,NA,NA,"CAIROS, NBP"
NY,E F Barrett,2511,U00010,CP001,2009,359,359,2964,NA,NA,NA,NA,NA,8.223,0.3218,51948.6,Pipeline Natural Gas,Diesel Oil,Combustion turbine,NA,NA,NA,NA,CAIROS
NY,E F Barrett,2511,U00010,CP001,2010,0,0,NA,NA,NA,NA,NA,NA,NA,NA,NA,Pipeline Natural Gas,Diesel Oil,Combustion turbine,NA,NA,NA,NA,CAIROS
NY,E F Barrett,2511,U00010,CP001,2011,0,0,NA,NA,NA,NA,NA,NA,NA,NA,NA,Pipeline Natural Gas,Diesel Oil,Combustion turbine,NA,NA,NA,NA,CAIROS
NY,E F Barrett,2511,U00010,CP001,2012,0,0,NA,NA,NA,NA,NA,NA,NA,NA,NA,Pipeline Natural Gas,Diesel Oil,Combustion turbine,NA,NA,NA,NA,CAIROS
NY,E F Barrett,2511,U00010,CP001,2013,0,0,NA,NA,NA,NA,NA,NA,NA,NA,NA,Pipeline Natural Gas,Diesel Oil,Combustion turbine,NA,NA,NA,NA,CAIROS
NY,E F Barrett,2511,U00010,CP001,2014,0,0,NA,NA,NA,NA,NA,NA,NA,NA,NA,Pipeline Natural Gas,Diesel Oil,Combustion turbine,NA,NA,NA,NA,CAIROS
NY,E F Barrett,2511,U00010,CP001,2015,0,0,NA,NA,NA,NA,NA,NA,NA,NA,NA,Pipeline Natural Gas,Diesel Oil,Combustion turbine,NA,NA,NA,NA,SIPNOX
NY,E F Barrett,2511,U00010,CP001,2016,0,0,NA,NA,NA,NA,NA,NA,NA,NA,NA,Pipeline Natural Gas,Diesel Oil,Combustion turbine,NA,NA,NA,NA,SIPNOX
NY,E F Barrett,2511,U00010,CP001,2017,0,0,NA,NA,NA,NA,NA,NA,NA,NA,NA,Pipeline Natural Gas,Diesel Oil,Combustion turbine,NA,NA,NA,NA,SIPNOX
NY,E F Barrett,2511,U00010,CP001,2018,0,0,NA,NA,NA,NA,NA,NA,NA,NA,NA,Pipeline Natural Gas,Diesel Oil,Combustion turbine,NA,NA,NA,NA,SIPNOX
NY,E F Barrett,2511,U00010,CP001,2019,0,0,NA,NA,NA,NA,NA,NA,NA,NA,NA,Pipeline Natural Gas,Diesel Oil,Combustion turbine,NA,NA,NA,NA,SIPNOX
NY,E F Barrett,2511,U00010,CP001,2020,0,0,NA,NA,NA,NA,NA,NA,NA,NA,NA,Pipeline Natural Gas,Diesel Oil,Combustion turbine,NA,NA,NA,NA,SIPNOX
NY,E F Barrett,2511,U00011,NA,1999,283,283,3252,NA,NA,NA,NA,NA,9.523,0.349,54360.2,Pipeline Natural Gas,Diesel Oil,Combustion turbine,NA,NA,NA,NA,OTC
NY,E F Barrett,2511,U00011,NA,2000,192,192,2210,NA,NA,NA,NA,NA,5.958,0.321,37116.8,Pipeline Natural Gas,Diesel Oil,Combustion turbine,NA,NA,NA,NA,OTC
NY,E F Barrett,2511,U00011,NA,2001,189,189,2187,NA,NA,NA,NA,NA,4.725,0.2752,34351.3,Pipeline Natural Gas,Diesel Oil,Combustion turbine,NA,NA,NA,NA,OTC
NY,E F Barrett,2511,U00011,NA,2002,263,263,2700,NA,0,0,0,0,6.322,0.3022,41786.2,Pipeline Natural Gas,Diesel Oil,Combustion turbine,NA,"Water Injection (Began May 01, 2002)",NA,NA,OTC
NY,E F Barrett,2511,U00011,NA,2003,95,95,1052,NA,NA,NA,NA,NA,2.916,0.3316,17577.8,Pipeline Natural Gas,Diesel Oil,Combustion turbine,NA,"Water Injection (Retired Apr 30, 2003)",NA,NA,NBP
NY,E F Barrett,2511,U00011,NA,2004,197,197,2068,NA,NA,NA,NA,NA,4.491,0.2842,31696.1,Pipeline Natural Gas,Diesel Oil,Combustion turbine,NA,NA,NA,NA,NBP
NY,E F Barrett,2511,U00011,NA,2005,424,424,4191,NA,NA,NA,NA,NA,11.279,0.317,71660.7,Pipeline Natural Gas,Diesel Oil,Combustion turbine,NA,NA,NA,NA,NBP
NY,E F Barrett,2511,U00011,NA,2006,392,392,3867,NA,NA,NA,NA,NA,10.101,0.306,66178.3,Pipeline Natural Gas,Diesel Oil,Combustion turbine,NA,NA,NA,NA,NBP
NY,E F Barrett,2511,U00011,NA,2007,176,176,1588,NA,NA,NA,NA,NA,4.558,0.3239,28127.6,Pipeline Natural Gas,Diesel Oil,Combustion turbine,NA,NA,NA,NA,NBP
NY,E F Barrett,2511,U00011,NA,2008,151,151,1342,NA,NA,NA,NA,NA,3.632,0.3016,24086.7,Pipeline Natural Gas,Diesel Oil,Combustion turbine,NA,NA,NA,NA,"CAIROS, NBP"
NY,E F Barrett,2511,U00011,CP001,2009,368,368,3108,NA,NA,NA,NA,NA,9.081,0.3287,54388,Pipeline Natural Gas,Diesel Oil,Combustion turbine,NA,NA,NA,NA,CAIROS
NY,E F Barrett,2511,U00011,CP001,2010,338,338,2891,NA,NA,NA,2936.7,0.0598,8.29,0.3386,49036.8,Pipeline Natural Gas,Diesel Oil,Combustion turbine,NA,NA,NA,NA,CAIROS
NY,E F Barrett,2511,U00011,CP001,2011,513,513,4480,NA,NA,NA,3145.3,0.0567,9.445,0.3551,53358.7,Pipeline Natural Gas,Diesel Oil,Combustion turbine,NA,NA,NA,NA,CAIROS
NY,E F Barrett,2511,U00011,CP001,2012,552,552,4806,NA,NA,NA,4677.8,0.059,14.047,0.354,79353.1,Pipeline Natural Gas,Diesel Oil,Combustion turbine,NA,NA,NA,NA,CAIROS
NY,E F Barrett,2511,U00011,CP001,2013,845,845,7576,NA,NA,NA,7366.8,0.059,22.497,0.36,124385.3,Pipeline Natural Gas,Diesel Oil,Combustion turbine,NA,NA,NA,NA,CAIROS
NY,E F Barrett,2511,U00011,CP001,2014,226,226,2017,NA,NA,NA,1897.6,0.0589,5.019,0.3124,32097.5,Pipeline Natural Gas,Diesel Oil,Combustion turbine,NA,NA,NA,NA,CAIROS
NY,E F Barrett,2511,U00011,CP001,2015,627,627,6402,NA,NA,NA,7029.7,0.0688,21.254,0.4108,100726.1,Pipeline Natural Gas,Diesel Oil,Combustion turbine,NA,NA,NA,NA,SIPNOX
NY,E F Barrett,2511,U00011,CP001,2016,388,388,3850,NA,NA,NA,3809.1,0.0592,9.837,0.3052,64544.1,Pipeline Natural Gas,Diesel Oil,Combustion turbine,NA,NA,NA,NA,SIPNOX
NY,E F Barrett,2511,U00011,CP001,2017,351,351,2933,NA,NA,NA,2943.7,0.0601,7.688,0.3157,49342.5,Pipeline Natural Gas,Diesel Oil,Combustion turbine,NA,NA,NA,NA,SIPNOX
NY,E F Barrett,2511,U00011,CP001,2018,484,484,4605,NA,NA,NA,4491.1,0.0596,11.697,0.311,75477.2,Pipeline Natural Gas,Diesel Oil,Combustion turbine,NA,NA,NA,NA,SIPNOX
NY,E F Barrett,2511,U00011,CP001,2019,265,265,2029,NA,NA,NA,1984.7,0.0594,4.845,0.2915,33422.3,Pipeline Natural Gas,Diesel Oil,Combustion turbine,NA,NA,NA,NA,SIPNOX
NY,E F Barrett,2511,U00011,CP001,2020,493,493,4040,NA,NA,NA,4050.1,0.0595,10.922,0.3178,68383.8,Pipeline Natural Gas,Diesel Oil,Combustion turbine,NA,NA,NA,NA,SIPNOX
NY,E F Barrett,2511,U00011,CP001,2021,501,501,4479,NA,NA,NA,4105.3,0.0597,11.685,0.3391,69142,Pipeline Natural Gas,Diesel Oil,Combustion turbine,NA,NA,NA,NA,"RGGI, SIPNOX"
NY,E F Barrett,2511,U00011,CP001,2022,602,602,5882,NA,NA,NA,5698.9,0.0597,16.313,0.3412,95408.4,Pipeline Natural Gas,Diesel Oil,Combustion turbine,NA,NA,NA,NA,"RGGI, SIPNOX"
NY,E F Barrett,2511,U00011,CP001,2023,412,412,3947,NA,NA,NA,3395.4,0.0591,9.667,0.3369,57437.5,Pipeline Natural Gas,Diesel Oil,Combustion turbine,NA,NA,NA,NA,"RGGI, SIPNOX"
NY,E F Barrett,2511,U00011,CP001,2024,436,436,3362,NA,NA,NA,3321.3,0.0597,9.513,0.3434,56126.2,Pipeline Natural Gas,Diesel Oil,Combustion turbine,NA,NA,NA,NA,"RGGI, SIPNOX"
NY,E F Barrett,2511,U00012,NA,1999,498,498,7356,NA,NA,NA,NA,NA,22.744,0.4154,109099.2,Pipeline Natural Gas,Diesel Oil,Combustion turbine,NA,NA,NA,NA,OTC
NY,E F Barrett,2511,U00012,NA,2000,213,213,3267,NA,NA,NA,NA,NA,9.69,0.401,48323,Pipeline Natural Gas,Diesel Oil,Combustion turbine,NA,NA,NA,NA,OTC
NY,E F Barrett,2511,U00012,NA,2001,571,571,8330,NA,NA,NA,NA,NA,25.19,0.4311,117159,Pipeline Natural Gas,Diesel Oil,Combustion turbine,NA,NA,NA,NA,OTC
NY,E F Barrett,2511,U00012,NA,2002,560,560,8157,NA,0,0,0,0,27.142,0.4762,113942.1,Pipeline Natural Gas,Diesel Oil,Combustion turbine,NA,"Water Injection (Began May 01, 2002)",NA,NA,OTC
NY,E F Barrett,2511,U00012,NA,2003,480,480,12783,NA,NA,NA,NA,NA,26.132,0.4995,106669.3,Pipeline Natural Gas,Diesel Oil,Combustion turbine,NA,"Water Injection (Retired Apr 30, 2003)",NA,NA,NBP
NY,E F Barrett,2511,U00012,NA,2004,833,833,22504,NA,NA,NA,NA,NA,42.757,0.4985,172696.7,Pipeline Natural Gas,Diesel Oil,Combustion turbine,NA,NA,NA,NA,NBP
NY,E F Barrett,2511,U00012,NA,2005,798,798,15175,NA,NA,NA,NA,NA,44.968,0.705,121792.4,Pipeline Natural Gas,Diesel Oil,Combustion turbine,NA,NA,NA,NA,NBP
NY,E F Barrett,2511,U00012,NA,2006,509,509,6082,NA,NA,NA,NA,NA,24.813,0.5091,99621.7,Pipeline Natural Gas,Diesel Oil,Combustion turbine,NA,NA,NA,NA,NBP
NY,E F Barrett,2511,U00012,NA,2007,260,260,2699,NA,NA,NA,NA,NA,13.76,0.6091,45582,Pipeline Natural Gas,Diesel Oil,Combustion turbine,NA,NA,NA,NA,NBP
NY,E F Barrett,2511,U00012,NA,2008,716,716,7473,NA,NA,NA,NA,NA,27.983,0.4576,123650.3,Pipeline Natural Gas,Diesel Oil,Combustion turbine,NA,NA,NA,NA,"CAIRNOX, CAIROS, NBP"
NY,E F Barrett,2511,U00012,CP001,2009,690,690,8717,NA,3.171,0.0485,9053.1,0.0612,33.825,0.4589,148846.7,Pipeline Natural Gas,Diesel Oil,Combustion turbine,NA,NA,NA,NA,"CAIRNOX, CAIROS, CAIRSO2, RGGI"
NY,E F Barrett,2511,U00012,CP001,2010,388,388,4555,NA,0.023,6e-4,4420.6,0.059,15.811,0.4221,74930.4,Pipeline Natural Gas,Diesel Oil,Combustion turbine,NA,NA,NA,NA,"CAIRNOX, CAIROS, CAIRSO2, RGGI"
NY,E F Barrett,2511,U00012,CP001,2011,986,986,12093,NA,0.05,6e-4,8824.7,0.057,33.033,0.4415,149574.1,Pipeline Natural Gas,Diesel Oil,Combustion turbine,NA,NA,NA,NA,"CAIRNOX, CAIROS, CAIRSO2, RGGI"
NY,E F Barrett,2511,U00012,CP001,2012,1167,1167,14820,NA,0.082,7e-4,14377.1,0.0589,55.847,0.4579,243890.7,Pipeline Natural Gas,Diesel Oil,Combustion turbine,NA,NA,NA,NA,"CAIRNOX, CAIROS, CAIRSO2, RGGI"
NY,E F Barrett,2511,U00012,CP001,2013,625,625,7164,NA,0.036,6e-4,6870,0.0589,26.653,0.458,116382.1,Pipeline Natural Gas,Diesel Oil,Combustion turbine,NA,NA,NA,NA,"CAIRNOX, CAIROS, CAIRSO2, RGGI"
NY,E F Barrett,2511,U00012,CP001,2014,374,374,4517,NA,0.024,7e-4,4277.3,0.0589,16.316,0.4499,72521.7,Pipeline Natural Gas,Diesel Oil,Combustion turbine,NA,NA,NA,NA,"CAIRNOX, CAIROS, CAIRSO2, RGGI"
NY,E F Barrett,2511,U00012,CP001,2015,802,802,9464,NA,10.22,0.1258,9731.4,0.0645,42.601,0.5598,149686.1,Pipeline Natural Gas,Diesel Oil,Combustion turbine,NA,NA,NA,NA,"CSNOX, CSNOXOS, CSSO2G1, RGGI"
NY,E F Barrett,2511,U00012,CP001,2016,897,897,11615,NA,1.641,0.0179,11253.2,0.0599,43.811,0.4658,188296.2,Pipeline Natural Gas,Diesel Oil,Combustion turbine,NA,NA,NA,NA,"CSNOX, CSNOXOS, CSSO2G1, RGGI"
NY,E F Barrett,2511,U00012,CP001,2017,489,489,4813,NA,0.029,7e-4,4816.3,0.0606,18.855,0.4738,79623.8,Pipeline Natural Gas,Diesel Oil,Combustion turbine,NA,NA,NA,NA,"CSNOX, CSOSG2, CSSO2G1, RGGI"
NY,E F Barrett,2511,U00012,CP001,2018,914,914,11398,NA,0.064,8e-4,10876.3,0.0598,41.711,0.4619,183191.5,Pipeline Natural Gas,Diesel Oil,Combustion turbine,NA,NA,NA,NA,"CSNOX, CSOSG2, CSSO2G1, RGGI"
NY,E F Barrett,2511,U00012,CP001,2019,564,564,6537,NA,0.034,6e-4,6218.4,0.059,21.779,0.4144,105191.2,Pipeline Natural Gas,Diesel Oil,Combustion turbine,NA,NA,NA,NA,"CSNOX, CSOSG2, CSSO2G1, RGGI"
NY,E F Barrett,2511,U00012,CP001,2020,540,540,6610,NA,0.035,7e-4,6439.3,0.0594,22.696,0.4192,108720.6,Pipeline Natural Gas,Diesel Oil,Combustion turbine,NA,NA,NA,NA,"CSNOX, CSOSG2, CSSO2G1, RGGI"
NY,E F Barrett,2511,U00012,CP001,2021,1089,1089,13439,NA,0.068,6e-4,12342.3,0.0595,43.405,0.4192,208464.1,Pipeline Natural Gas,Diesel Oil,Combustion turbine,NA,NA,NA,NA,"CSNOX, CSOSG3, CSSO2G1, RGGI"
NY,E F Barrett,2511,U00012,CP001,2022,1247,1247,16830,NA,0.087,7e-4,16230.6,0.0598,57.976,0.4274,271481,Pipeline Natural Gas,Diesel Oil,Combustion turbine,NA,NA,NA,NA,"CSNOX, CSOSG3, CSSO2G1, RGGI"
NY,E F Barrett,2511,U00012,CP001,2023,973,973,10562,NA,0.048,6e-4,9429,0.0591,22.28,0.3024,159283.1,Pipeline Natural Gas,Diesel Oil,Combustion turbine,NA,Water Injection,NA,NA,"CSNOX, CSOSG3, CSSO2G1, RGGI"
NY,E F Barrett,2511,U00012,CP001,2024,710,710,9345,NA,0.049,6e-4,9362.8,0.0596,18.862,0.2476,157951.9,Pipeline Natural Gas,Diesel Oil,Combustion turbine,NA,Water Injection,NA,NA,"CSNOX, CSOSG2E, CSSO2G1, RGGI"
NY,E F Barrett,2511,U00013,NA,1999,498,498,7356,NA,NA,NA,NA,NA,22.744,0.4154,109099.2,Pipeline Natural Gas,Diesel Oil,Combustion turbine,NA,NA,NA,NA,OTC
NY,E F Barrett,2511,U00013,NA,2000,213,213,3267,NA,NA,NA,NA,NA,9.69,0.401,48323,Pipeline Natural Gas,Diesel Oil,Combustion turbine,NA,NA,NA,NA,OTC
NY,E F Barrett,2511,U00013,NA,2001,571,571,8330,NA,NA,NA,NA,NA,25.19,0.4311,117159,Pipeline Natural Gas,Diesel Oil,Combustion turbine,NA,NA,NA,NA,OTC
NY,E F Barrett,2511,U00013,NA,2002,560,560,8157,NA,0,0,0,0,27.142,0.4762,113942.1,Pipeline Natural Gas,Diesel Oil,Combustion turbine,NA,"Water Injection (Began May 01, 2002)",NA,NA,OTC
NY,E F Barrett,2511,U00013,NA,2003,480,480,12783,NA,NA,NA,NA,NA,26.132,0.4995,106669.3,Pipeline Natural Gas,Diesel Oil,Combustion turbine,NA,"Water Injection (Retired Apr 30, 2003)",NA,NA,NBP
NY,E F Barrett,2511,U00013,NA,2004,833,833,22504,NA,NA,NA,NA,NA,42.757,0.4985,172696.7,Pipeline Natural Gas,Diesel Oil,Combustion turbine,NA,NA,NA,NA,NBP
NY,E F Barrett,2511,U00013,NA,2005,798,798,15175,NA,NA,NA,NA,NA,44.968,0.705,121792.4,Pipeline Natural Gas,Diesel Oil,Combustion turbine,NA,NA,NA,NA,NBP
NY,E F Barrett,2511,U00013,NA,2006,509,509,6082,NA,NA,NA,NA,NA,24.813,0.5091,99621.7,Pipeline Natural Gas,Diesel Oil,Combustion turbine,NA,NA,NA,NA,NBP
NY,E F Barrett,2511,U00013,NA,2007,260,260,2699,NA,NA,NA,NA,NA,13.76,0.6091,45582,Pipeline Natural Gas,Diesel Oil,Combustion turbine,NA,NA,NA,NA,NBP
NY,E F Barrett,2511,U00013,NA,2008,716,716,7473,NA,NA,NA,NA,NA,27.983,0.4576,123650.3,Pipeline Natural Gas,Diesel Oil,Combustion turbine,NA,NA,NA,NA,"CAIRNOX, CAIROS, NBP"
NY,E F Barrett,2511,U00013,CP001,2009,690,690,8717,NA,3.171,0.0485,9053.1,0.0612,33.825,0.4589,148846.7,Pipeline Natural Gas,Diesel Oil,Combustion turbine,NA,NA,NA,NA,"CAIRNOX, CAIROS, CAIRSO2, RGGI"
NY,E F Barrett,2511,U00013,CP001,2010,388,388,4555,NA,0.023,6e-4,4420.6,0.059,15.811,0.4221,74930.4,Pipeline Natural Gas,Diesel Oil,Combustion turbine,NA,NA,NA,NA,"CAIRNOX, CAIROS, CAIRSO2, RGGI"
NY,E F Barrett,2511,U00013,CP001,2011,986,986,12093,NA,0.05,6e-4,8824.7,0.057,33.033,0.4415,149574.1,Pipeline Natural Gas,Diesel Oil,Combustion turbine,NA,NA,NA,NA,"CAIRNOX, CAIROS, CAIRSO2, RGGI"
NY,E F Barrett,2511,U00013,CP001,2012,1167,1167,14820,NA,0.082,7e-4,14377.1,0.0589,55.847,0.4579,243890.7,Pipeline Natural Gas,Diesel Oil,Combustion turbine,NA,NA,NA,NA,"CAIRNOX, CAIROS, CAIRSO2, RGGI"
NY,E F Barrett,2511,U00013,CP001,2013,625,625,7164,NA,0.036,6e-4,6870,0.0589,26.653,0.458,116382.1,Pipeline Natural Gas,Diesel Oil,Combustion turbine,NA,NA,NA,NA,"CAIRNOX, CAIROS, CAIRSO2, RGGI"
NY,E F Barrett,2511,U00013,CP001,2014,374,374,4517,NA,0.024,7e-4,4277.3,0.0589,16.316,0.4499,72521.7,Pipeline Natural Gas,Diesel Oil,Combustion turbine,NA,NA,NA,NA,"CAIRNOX, CAIROS, CAIRSO2, RGGI"
NY,E F Barrett,2511,U00013,CP001,2015,802,802,9464,NA,10.22,0.1258,9731.4,0.0645,42.601,0.5598,149686.1,Pipeline Natural Gas,Diesel Oil,Combustion turbine,NA,NA,NA,NA,"CSNOX, CSNOXOS, CSSO2G1, RGGI"
NY,E F Barrett,2511,U00013,CP001,2016,897,897,11615,NA,1.641,0.0179,11253.2,0.0599,43.811,0.4658,188296.2,Pipeline Natural Gas,Diesel Oil,Combustion turbine,NA,NA,NA,NA,"CSNOX, CSNOXOS, CSSO2G1, RGGI"
NY,E F Barrett,2511,U00013,CP001,2017,489,489,4813,NA,0.029,7e-4,4816.3,0.0606,18.855,0.4738,79623.8,Pipeline Natural Gas,Diesel Oil,Combustion turbine,NA,NA,NA,NA,"CSNOX, CSOSG2, CSSO2G1, RGGI"
NY,E F Barrett,2511,U00013,CP001,2018,914,914,11398,NA,0.064,8e-4,10876.3,0.0598,41.711,0.4619,183191.5,Pipeline Natural Gas,Diesel Oil,Combustion turbine,NA,NA,NA,NA,"CSNOX, CSOSG2, CSSO2G1, RGGI"
NY,E F Barrett,2511,U00013,CP001,2019,564,564,6537,NA,0.034,6e-4,6218.4,0.059,21.779,0.4144,105191.2,Pipeline Natural Gas,Diesel Oil,Combustion turbine,NA,NA,NA,NA,"CSNOX, CSOSG2, CSSO2G1, RGGI"
NY,E F Barrett,2511,U00013,CP001,2020,540,540,6610,NA,0.035,7e-4,6439.3,0.0594,22.696,0.4192,108720.6,Pipeline Natural Gas,Diesel Oil,Combustion turbine,NA,NA,NA,NA,"CSNOX, CSOSG2, CSSO2G1, RGGI"
NY,E F Barrett,2511,U00013,CP001,2021,1089,1089,13439,NA,0.068,6e-4,12342.3,0.0595,43.405,0.4192,208464.1,Pipeline Natural Gas,Diesel Oil,Combustion turbine,NA,NA,NA,NA,"CSNOX, CSOSG3, CSSO2G1, RGGI"
NY,E F Barrett,2511,U00013,CP001,2022,1247,1247,16830,NA,0.087,7e-4,16230.6,0.0598,57.976,0.4274,271481,Pipeline Natural Gas,Diesel Oil,Combustion turbine,NA,NA,NA,NA,"CSNOX, CSOSG3, CSSO2G1, RGGI"
NY,E F Barrett,2511,U00013,CP001,2023,973,973,10562,NA,0.048,6e-4,9457.8,0.0593,22.586,0.3064,159283.1,Pipeline Natural Gas,Diesel Oil,Combustion turbine,NA,Water Injection,NA,NA,"CSNOX, CSOSG3, CSSO2G1, RGGI"
NY,E F Barrett,2511,U00013,CP001,2024,710,710,9345,NA,0.049,6e-4,9362.4,0.0596,18.499,0.2362,157948.1,Pipeline Natural Gas,Diesel Oil,Combustion turbine,NA,Water Injection,NA,NA,"CSNOX, CSOSG2E, CSSO2G1, RGGI"
NY,E F Barrett,2511,U00014,NA,1999,494,494,7376,NA,NA,NA,NA,NA,22.83,0.4155,109277.5,Pipeline Natural Gas,Diesel Oil,Combustion turbine,NA,NA,NA,NA,OTC
NY,E F Barrett,2511,U00014,NA,2000,242,242,3165,NA,NA,NA,NA,NA,9.482,0.401,47289,Pipeline Natural Gas,Diesel Oil,Combustion turbine,NA,NA,NA,NA,OTC
NY,E F Barrett,2511,U00014,NA,2001,501,501,7557,NA,NA,NA,NA,NA,22.446,0.4271,105196,Pipeline Natural Gas,Diesel Oil,Combustion turbine,NA,NA,NA,NA,OTC
NY,E F Barrett,2511,U00014,NA,2002,612,612,9550,NA,0,0,0,0,31.723,0.4762,133208,Pipeline Natural Gas,Diesel Oil,Combustion turbine,NA,"Water Injection (Began May 01, 2002)",NA,NA,OTC
NY,E F Barrett,2511,U00014,NA,2003,523,523,15018,NA,NA,NA,NA,NA,28.512,0.476,119775.3,Pipeline Natural Gas,Diesel Oil,Combustion turbine,NA,"Water Injection (Retired Apr 30, 2003)",NA,NA,NBP
NY,E F Barrett,2511,U00014,NA,2004,1046,1046,27868,NA,NA,NA,NA,NA,54.314,0.4959,218631.5,Pipeline Natural Gas,Diesel Oil,Combustion turbine,NA,NA,NA,NA,NBP
NY,E F Barrett,2511,U00014,NA,2005,697,697,11520,NA,NA,NA,NA,NA,26.304,0.5531,97025.1,Pipeline Natural Gas,Diesel Oil,Combustion turbine,NA,NA,NA,NA,NBP
NY,E F Barrett,2511,U00014,NA,2006,612,612,7530,NA,NA,NA,NA,NA,30.744,0.4926,124938.4,Pipeline Natural Gas,Diesel Oil,Combustion turbine,NA,NA,NA,NA,NBP
NY,E F Barrett,2511,U00014,NA,2007,148,148,1737,NA,NA,NA,NA,NA,8.61,0.6135,28664.9,Pipeline Natural Gas,Diesel Oil,Combustion turbine,NA,NA,NA,NA,NBP
NY,E F Barrett,2511,U00014,NA,2008,665,665,6841,NA,NA,NA,NA,NA,26.045,0.4777,106918.6,Pipeline Natural Gas,Diesel Oil,Combustion turbine,NA,NA,NA,NA,"CAIRNOX, CAIROS, NBP"
NY,E F Barrett,2511,U00014,CP001,2009,487,487,4230,NA,2.304,0.0683,4549.1,0.062,17.307,0.4743,73662.5,Pipeline Natural Gas,Diesel Oil,Combustion turbine,NA,NA,NA,NA,"CAIRNOX, CAIROS, CAIRSO2, RGGI"
NY,E F Barrett,2511,U00014,CP001,2010,652,652,7966,NA,0.131,0.0022,7831.9,0.0591,28.042,0.4231,132600.7,Pipeline Natural Gas,Diesel Oil,Combustion turbine,NA,NA,NA,NA,"CAIRNOX, CAIROS, CAIRSO2, RGGI"
NY,E F Barrett,2511,U00014,CP001,2011,664,664,8095,NA,0.038,0.0037,6784.6,0.0577,25.282,0.4414,114975.2,Pipeline Natural Gas,Diesel Oil,Combustion turbine,NA,NA,NA,NA,"CAIRNOX, CAIROS, CAIRSO2, RGGI"
NY,E F Barrett,2511,U00014,CP001,2012,742,742,9446,NA,0.052,8e-4,9158.7,0.059,35.577,0.4579,155367.6,Pipeline Natural Gas,Diesel Oil,Combustion turbine,NA,NA,NA,NA,"CAIRNOX, CAIROS, CAIRSO2, RGGI"
NY,E F Barrett,2511,U00014,CP001,2013,782,782,9385,NA,0.082,0.0026,8973.1,0.0589,34.841,0.4597,152019.2,Pipeline Natural Gas,Diesel Oil,Combustion turbine,NA,NA,NA,NA,"CAIRNOX, CAIROS, CAIRSO2, RGGI"
NY,E F Barrett,2511,U00014,CP001,2014,950,950,12120,NA,7.66,0.0733,11938.9,0.0621,49.898,0.5161,191030,Pipeline Natural Gas,Diesel Oil,Combustion turbine,NA,NA,NA,NA,"CAIRNOX, CAIROS, CAIRSO2, RGGI"
NY,E F Barrett,2511,U00014,CP001,2015,682,682,6345,NA,3.86,0.087,6330.9,0.0628,26.208,0.5257,101578.1,Pipeline Natural Gas,Diesel Oil,Combustion turbine,NA,NA,NA,NA,"CSNOX, CSNOXOS, CSSO2G1, RGGI"
NY,E F Barrett,2511,U00014,CP001,2016,814,814,10340,NA,1.319,0.0166,10014.1,0.0598,38.884,0.4639,167870,Pipeline Natural Gas,Diesel Oil,Combustion turbine,NA,NA,NA,NA,"CSNOX, CSNOXOS, CSSO2G1, RGGI"
NY,E F Barrett,2511,U00014,CP001,2017,398,398,4435,NA,0.026,7e-4,4393.2,0.0604,17.058,0.4706,73307.1,Pipeline Natural Gas,Diesel Oil,Combustion turbine,NA,NA,NA,NA,"CSNOX, CSOSG2, CSSO2G1, RGGI"
NY,E F Barrett,2511,U00014,CP001,2018,805,805,8339,NA,0.047,8e-4,8037,0.06,30.971,0.4649,134788,Pipeline Natural Gas,Diesel Oil,Combustion turbine,NA,NA,NA,NA,"CSNOX, CSOSG2, CSSO2G1, RGGI"
NY,E F Barrett,2511,U00014,CP001,2019,466,466,5708,NA,0.03,7e-4,5430.7,0.0589,18.993,0.4132,91961.9,Pipeline Natural Gas,Diesel Oil,Combustion turbine,NA,NA,NA,NA,"CSNOX, CSOSG2, CSSO2G1, RGGI"
NY,E F Barrett,2511,U00014,CP001,2020,477,477,5896,NA,0.032,7e-4,5848.1,0.0594,20.652,0.4192,98657.4,Pipeline Natural Gas,Diesel Oil,Combustion turbine,NA,NA,NA,NA,"CSNOX, CSOSG2, CSSO2G1, RGGI"
NY,E F Barrett,2511,U00014,CP001,2021,1127,1127,13307,NA,0.068,7e-4,12141.5,0.0594,42.766,0.4179,204734.4,Pipeline Natural Gas,Diesel Oil,Combustion turbine,NA,NA,NA,NA,"CSNOX, CSOSG3, CSSO2G1, RGGI"
NY,E F Barrett,2511,U00014,CP001,2022,1336,1336,17376,NA,0.094,7e-4,16843.7,0.06,60.552,0.4324,280574.7,Pipeline Natural Gas,Diesel Oil,Combustion turbine,NA,NA,NA,NA,"CSNOX, CSOSG3, CSSO2G1, RGGI"
NY,E F Barrett,2511,U00014,CP001,2023,1415,1415,20187,NA,0.091,6e-4,18052.3,0.059,46.501,0.3008,305366.7,Pipeline Natural Gas,Diesel Oil,Combustion turbine,NA,Water Injection,NA,NA,"CSNOX, CSOSG3, CSSO2G1, RGGI"
NY,E F Barrett,2511,U00014,CP001,2024,991,991,13484,NA,0.072,7e-4,13474.4,0.0594,26.117,0.2303,227661.4,Pipeline Natural Gas,Diesel Oil,Combustion turbine,NA,Water Injection,NA,NA,"CSNOX, CSOSG2E, CSSO2G1, RGGI"
NY,E F Barrett,2511,U00015,NA,1999,494,494,7376,NA,NA,NA,NA,NA,22.83,0.4155,109277.5,Pipeline Natural Gas,Diesel Oil,Combustion turbine,NA,NA,NA,NA,OTC
NY,E F Barrett,2511,U00015,NA,2000,242,242,3165,NA,NA,NA,NA,NA,9.482,0.401,47289,Pipeline Natural Gas,Diesel Oil,Combustion turbine,NA,NA,NA,NA,OTC
NY,E F Barrett,2511,U00015,NA,2001,501,501,7557,NA,NA,NA,NA,NA,22.446,0.4271,105196,Pipeline Natural Gas,Diesel Oil,Combustion turbine,NA,NA,NA,NA,OTC
NY,E F Barrett,2511,U00015,NA,2002,612,612,9550,NA,0,0,0,0,31.723,0.4762,133208,Pipeline Natural Gas,Diesel Oil,Combustion turbine,NA,"Water Injection (Began May 01, 2002)",NA,NA,OTC
NY,E F Barrett,2511,U00015,NA,2003,523,523,15018,NA,NA,NA,NA,NA,28.512,0.476,119775.3,Pipeline Natural Gas,Diesel Oil,Combustion turbine,NA,"Water Injection (Retired Apr 30, 2003)",NA,NA,NBP
NY,E F Barrett,2511,U00015,NA,2004,1046,1046,27868,NA,NA,NA,NA,NA,54.314,0.4959,218631.5,Pipeline Natural Gas,Diesel Oil,Combustion turbine,NA,NA,NA,NA,NBP
NY,E F Barrett,2511,U00015,NA,2005,697,697,11520,NA,NA,NA,NA,NA,26.304,0.5531,97025.1,Pipeline Natural Gas,Diesel Oil,Combustion turbine,NA,NA,NA,NA,NBP
NY,E F Barrett,2511,U00015,NA,2006,612,612,7530,NA,NA,NA,NA,NA,30.744,0.4926,124938.4,Pipeline Natural Gas,Diesel Oil,Combustion turbine,NA,NA,NA,NA,NBP
NY,E F Barrett,2511,U00015,NA,2007,148,148,1737,NA,NA,NA,NA,NA,8.61,0.6135,28664.9,Pipeline Natural Gas,Diesel Oil,Combustion turbine,NA,NA,NA,NA,NBP
NY,E F Barrett,2511,U00015,NA,2008,665,665,6841,NA,NA,NA,NA,NA,26.045,0.4777,106918.6,Pipeline Natural Gas,Diesel Oil,Combustion turbine,NA,NA,NA,NA,"CAIRNOX, CAIROS, NBP"
NY,E F Barrett,2511,U00015,CP001,2009,487,487,4230,NA,2.304,0.0683,4549.1,0.062,17.307,0.4743,73662.5,Pipeline Natural Gas,Diesel Oil,Combustion turbine,NA,NA,NA,NA,"CAIRNOX, CAIROS, CAIRSO2, RGGI"
NY,E F Barrett,2511,U00015,CP001,2010,652,652,7966,NA,0.131,0.0022,7831.9,0.0591,28.042,0.4231,132600.7,Pipeline Natural Gas,Diesel Oil,Combustion turbine,NA,NA,NA,NA,"CAIRNOX, CAIROS, CAIRSO2, RGGI"
NY,E F Barrett,2511,U00015,CP001,2011,664,664,8095,NA,0.038,0.0037,6784.6,0.0577,25.282,0.4414,114975.2,Pipeline Natural Gas,Diesel Oil,Combustion turbine,NA,NA,NA,NA,"CAIRNOX, CAIROS, CAIRSO2, RGGI"
NY,E F Barrett,2511,U00015,CP001,2012,742,742,9446,NA,0.052,8e-4,9158.7,0.059,35.577,0.4579,155367.6,Pipeline Natural Gas,Diesel Oil,Combustion turbine,NA,NA,NA,NA,"CAIRNOX, CAIROS, CAIRSO2, RGGI"
NY,E F Barrett,2511,U00015,CP001,2013,782,782,9385,NA,0.082,0.0026,8973.1,0.0589,34.841,0.4597,152019.2,Pipeline Natural Gas,Diesel Oil,Combustion turbine,NA,NA,NA,NA,"CAIRNOX, CAIROS, CAIRSO2, RGGI"
NY,E F Barrett,2511,U00015,CP001,2014,950,950,12120,NA,7.66,0.0733,11938.9,0.0621,49.898,0.5161,191030,Pipeline Natural Gas,Diesel Oil,Combustion turbine,NA,NA,NA,NA,"CAIRNOX, CAIROS, CAIRSO2, RGGI"
NY,E F Barrett,2511,U00015,CP001,2015,682,682,6345,NA,3.86,0.087,6330.9,0.0628,26.208,0.5257,101578.1,Pipeline Natural Gas,Diesel Oil,Combustion turbine,NA,NA,NA,NA,"CSNOX, CSNOXOS, CSSO2G1, RGGI"
NY,E F Barrett,2511,U00015,CP001,2016,814,814,10340,NA,1.319,0.0166,10014.1,0.0598,38.884,0.4639,167870,Pipeline Natural Gas,Diesel Oil,Combustion turbine,NA,NA,NA,NA,"CSNOX, CSNOXOS, CSSO2G1, RGGI"
NY,E F Barrett,2511,U00015,CP001,2017,398,398,4435,NA,0.026,7e-4,4393.2,0.0604,17.058,0.4706,73307.1,Pipeline Natural Gas,Diesel Oil,Combustion turbine,NA,NA,NA,NA,"CSNOX, CSOSG2, CSSO2G1, RGGI"
NY,E F Barrett,2511,U00015,CP001,2018,805,805,8339,NA,0.047,8e-4,8037,0.06,30.971,0.4649,134788,Pipeline Natural Gas,Diesel Oil,Combustion turbine,NA,NA,NA,NA,"CSNOX, CSOSG2, CSSO2G1, RGGI"
NY,E F Barrett,2511,U00015,CP001,2019,466,466,5708,NA,0.03,7e-4,5430.7,0.0589,18.993,0.4132,91961.9,Pipeline Natural Gas,Diesel Oil,Combustion turbine,NA,NA,NA,NA,"CSNOX, CSOSG2, CSSO2G1, RGGI"
NY,E F Barrett,2511,U00015,CP001,2020,477,477,5896,NA,0.032,7e-4,5848.1,0.0594,20.652,0.4192,98657.4,Pipeline Natural Gas,Diesel Oil,Combustion turbine,NA,NA,NA,NA,"CSNOX, CSOSG2, CSSO2G1, RGGI"
NY,E F Barrett,2511,U00015,CP001,2021,1127,1127,13307,NA,0.068,7e-4,12141.5,0.0594,42.766,0.4179,204734.4,Pipeline Natural Gas,Diesel Oil,Combustion turbine,NA,NA,NA,NA,"CSNOX, CSOSG3, CSSO2G1, RGGI"
NY,E F Barrett,2511,U00015,CP001,2022,1336,1336,17376,NA,0.094,7e-4,16843.7,0.06,60.552,0.4324,280574.7,Pipeline Natural Gas,Diesel Oil,Combustion turbine,NA,NA,NA,NA,"CSNOX, CSOSG3, CSSO2G1, RGGI"
NY,E F Barrett,2511,U00015,CP001,2023,1415,1415,20187,NA,0.091,6e-4,18103.5,0.0591,47.03,0.3036,305366.7,Pipeline Natural Gas,Diesel Oil,Combustion turbine,NA,Water Injection,NA,NA,"CSNOX, CSOSG3, CSSO2G1, RGGI"
NY,E F Barrett,2511,U00015,CP001,2024,991,991,13480,NA,0.072,7e-4,13470.2,0.0594,26.255,0.2323,227595.6,Pipeline Natural Gas,Diesel Oil,Combustion turbine,NA,Water Injection,NA,NA,"CSNOX, CSOSG2E, CSSO2G1, RGGI"
NY,E F Barrett,2511,U00016,NA,1999,407,407,5965,NA,NA,NA,NA,NA,18.074,0.4128,88366.9,Pipeline Natural Gas,Diesel Oil,Combustion turbine,NA,NA,NA,NA,OTC
NY,E F Barrett,2511,U00016,NA,2000,180,180,2519,NA,NA,NA,NA,NA,7.472,0.4011,37265.9,Pipeline Natural Gas,Diesel Oil,Combustion turbine,NA,NA,NA,NA,OTC
NY,E F Barrett,2511,U00016,NA,2001,457,457,7022,NA,NA,NA,NA,NA,21.609,0.4387,98553,Pipeline Natural Gas,Diesel Oil,Combustion turbine,NA,NA,NA,NA,OTC
NY,E F Barrett,2511,U00016,NA,2002,515,515,7560,NA,0,0,0,0,25.262,0.4763,106031.3,Pipeline Natural Gas,Diesel Oil,Combustion turbine,NA,"Water Injection (Began May 01, 2002)",NA,NA,OTC
NY,E F Barrett,2511,U00016,NA,2003,297,297,7685,NA,NA,NA,NA,NA,15.52,0.4978,63334.4,Pipeline Natural Gas,Diesel Oil,Combustion turbine,NA,"Water Injection (Retired Apr 30, 2003)",NA,NA,NBP
NY,E F Barrett,2511,U00016,NA,2004,491,491,13024,NA,NA,NA,NA,NA,25.225,0.4934,102325.7,Pipeline Natural Gas,Diesel Oil,Combustion turbine,NA,NA,NA,NA,NBP
NY,E F Barrett,2511,U00016,NA,2005,523,523,12964,NA,NA,NA,NA,NA,26.681,0.529,102481.2,Pipeline Natural Gas,Diesel Oil,Combustion turbine,NA,NA,NA,NA,NBP
NY,E F Barrett,2511,U00016,NA,2006,528,528,6873,NA,NA,NA,NA,NA,28.667,0.5268,110785.7,Pipeline Natural Gas,Diesel Oil,Combustion turbine,NA,NA,NA,NA,NBP
NY,E F Barrett,2511,U00016,NA,2007,540,540,6504,NA,NA,NA,NA,NA,29.966,0.5625,105965.7,Pipeline Natural Gas,Diesel Oil,Combustion turbine,NA,NA,NA,NA,NBP
NY,E F Barrett,2511,U00016,NA,2008,656,656,6510,NA,NA,NA,NA,NA,24.815,0.4495,110222.3,Pipeline Natural Gas,Diesel Oil,Combustion turbine,NA,NA,NA,NA,"CAIRNOX, CAIROS, NBP"
NY,E F Barrett,2511,U00016,CP001,2009,671,671,8036,NA,4.74,0.064,8826.1,0.0618,33.724,0.4709,142623.1,Pipeline Natural Gas,Diesel Oil,Combustion turbine,NA,NA,NA,NA,"CAIRNOX, CAIROS, CAIRSO2, RGGI"
NY,E F Barrett,2511,U00016,CP001,2010,751,751,9142,NA,0.13,0.002,9009.3,0.0591,32.247,0.423,152560.5,Pipeline Natural Gas,Diesel Oil,Combustion turbine,NA,NA,NA,NA,"CAIRNOX, CAIROS, CAIRSO2, RGGI"
NY,E F Barrett,2511,U00016,CP001,2011,768,768,9343,NA,0.046,6e-4,8384,0.0582,31.314,0.4416,142107.9,Pipeline Natural Gas,Diesel Oil,Combustion turbine,NA,NA,NA,NA,"CAIRNOX, CAIROS, CAIRSO2, RGGI"
NY,E F Barrett,2511,U00016,CP001,2012,1355,1355,17506,NA,0.095,7e-4,16622.1,0.0589,64.57,0.4579,281983.2,Pipeline Natural Gas,Diesel Oil,Combustion turbine,NA,NA,NA,NA,"CAIRNOX, CAIROS, CAIRSO2, RGGI"
NY,E F Barrett,2511,U00016,CP001,2013,1239,1239,15928,NA,0.148,0.0015,15144.5,0.0589,58.796,0.4587,256501.2,Pipeline Natural Gas,Diesel Oil,Combustion turbine,NA,NA,NA,NA,"CAIRNOX, CAIROS, CAIRSO2, RGGI"
NY,E F Barrett,2511,U00016,CP001,2014,554,554,7236,NA,4.539,0.0719,7084.3,0.0619,29.579,0.5145,113357.2,Pipeline Natural Gas,Diesel Oil,Combustion turbine,NA,NA,NA,NA,"CAIRNOX, CAIROS, CAIRSO2, RGGI"
NY,E F Barrett,2511,U00016,CP001,2015,979,979,11790,NA,5.66,0.0496,11817.3,0.0612,48.094,0.493,191919.1,Pipeline Natural Gas,Diesel Oil,Combustion turbine,NA,NA,NA,NA,"CSNOX, CSNOXOS, CSSO2G1, RGGI"
NY,E F Barrett,2511,U00016,CP001,2016,1116,1116,13358,NA,0.729,0.0074,13005.4,0.0596,50.099,0.4579,218750.6,Pipeline Natural Gas,Diesel Oil,Combustion turbine,NA,NA,NA,NA,"CSNOX, CSNOXOS, CSSO2G1, RGGI"
NY,E F Barrett,2511,U00016,CP001,2017,804,804,9487,NA,0.054,7e-4,9319.5,0.0596,35.864,0.4586,156904.6,Pipeline Natural Gas,Diesel Oil,Combustion turbine,NA,NA,NA,NA,"CSNOX, CSOSG2, CSSO2G1, RGGI"
NY,E F Barrett,2511,U00016,CP001,2018,1413,1413,19065,NA,0.108,8e-4,18082.2,0.0597,69.665,0.4594,303329.3,Pipeline Natural Gas,Diesel Oil,Combustion turbine,NA,NA,NA,NA,"CSNOX, CSOSG2, CSSO2G1, RGGI"
NY,E F Barrett,2511,U00016,CP001,2019,1044,1044,11925,NA,0.065,6e-4,11347,0.0596,40.36,0.4254,190133.5,Pipeline Natural Gas,Diesel Oil,Combustion turbine,NA,NA,NA,NA,"CSNOX, CSOSG2, CSSO2G1, RGGI"
NY,E F Barrett,2511,U00016,CP001,2020,910,910,10971,NA,0.059,7e-4,10749.2,0.0593,37.937,0.4179,181365.9,Pipeline Natural Gas,Diesel Oil,Combustion turbine,NA,NA,NA,NA,"CSNOX, CSOSG2, CSSO2G1, RGGI"
NY,E F Barrett,2511,U00016,CP001,2021,1463,1463,20216,NA,0.097,7e-4,18100.2,0.0594,63.768,0.4181,305399.6,Pipeline Natural Gas,Diesel Oil,Combustion turbine,NA,NA,NA,NA,"CSNOX, CSOSG3, CSSO2G1, RGGI"
NY,E F Barrett,2511,U00016,CP001,2022,1059,1059,12788,NA,0.067,6e-4,12504,0.06,45.31,0.4331,207063.3,Pipeline Natural Gas,Diesel Oil,Combustion turbine,NA,NA,NA,NA,"CSNOX, CSOSG3, CSSO2G1, RGGI"
NY,E F Barrett,2511,U00016,CP001,2023,1107,1107,16861,NA,0.067,3e-4,14638.6,0.059,36.691,0.298,247943.3,Pipeline Natural Gas,Diesel Oil,Combustion turbine,NA,Water Injection,NA,NA,"CSNOX, CSOSG3, CSSO2G1, RGGI"
NY,E F Barrett,2511,U00016,CP001,2024,859,859,11241,NA,0.06,7e-4,11098.4,0.0594,21.905,0.244,187889.5,Pipeline Natural Gas,Diesel Oil,Combustion turbine,NA,Water Injection,NA,NA,"CSNOX, CSOSG2E, CSSO2G1, RGGI"
NY,E F Barrett,2511,U00017,NA,1999,407,407,5965,NA,NA,NA,NA,NA,18.074,0.4128,88366.9,Pipeline Natural Gas,Diesel Oil,Combustion turbine,NA,NA,NA,NA,OTC
NY,E F Barrett,2511,U00017,NA,2000,180,180,2519,NA,NA,NA,NA,NA,7.472,0.4011,37265.9,Pipeline Natural Gas,Diesel Oil,Combustion turbine,NA,NA,NA,NA,OTC
NY,E F Barrett,2511,U00017,NA,2001,457,457,7022,NA,NA,NA,NA,NA,21.609,0.4387,98553,Pipeline Natural Gas,Diesel Oil,Combustion turbine,NA,NA,NA,NA,OTC
NY,E F Barrett,2511,U00017,NA,2002,515,515,7560,NA,0,0,0,0,25.262,0.4763,106031.3,Pipeline Natural Gas,Diesel Oil,Combustion turbine,NA,"Water Injection (Began May 01, 2002)",NA,NA,OTC
NY,E F Barrett,2511,U00017,NA,2003,297,297,7685,NA,NA,NA,NA,NA,15.52,0.4978,63334.4,Pipeline Natural Gas,Diesel Oil,Combustion turbine,NA,"Water Injection (Retired Apr 30, 2003)",NA,NA,NBP
NY,E F Barrett,2511,U00017,NA,2004,491,491,13024,NA,NA,NA,NA,NA,25.225,0.4934,102325.7,Pipeline Natural Gas,Diesel Oil,Combustion turbine,NA,NA,NA,NA,NBP
NY,E F Barrett,2511,U00017,NA,2005,523,523,12964,NA,NA,NA,NA,NA,26.681,0.529,102481.2,Pipeline Natural Gas,Diesel Oil,Combustion turbine,NA,NA,NA,NA,NBP
NY,E F Barrett,2511,U00017,NA,2006,528,528,6873,NA,NA,NA,NA,NA,28.667,0.5268,110785.7,Pipeline Natural Gas,Diesel Oil,Combustion turbine,NA,NA,NA,NA,NBP
NY,E F Barrett,2511,U00017,NA,2007,540,540,6504,NA,NA,NA,NA,NA,29.966,0.5625,105965.7,Pipeline Natural Gas,Diesel Oil,Combustion turbine,NA,NA,NA,NA,NBP
NY,E F Barrett,2511,U00017,NA,2008,656,656,6510,NA,NA,NA,NA,NA,24.815,0.4495,110222.3,Pipeline Natural Gas,Diesel Oil,Combustion turbine,NA,NA,NA,NA,"CAIRNOX, CAIROS, NBP"
NY,E F Barrett,2511,U00017,CP001,2009,671,671,8036,NA,4.74,0.064,8826.1,0.0618,33.724,0.4709,142623.1,Pipeline Natural Gas,Diesel Oil,Combustion turbine,NA,NA,NA,NA,"CAIRNOX, CAIROS, CAIRSO2, RGGI"
NY,E F Barrett,2511,U00017,CP001,2010,751,751,9142,NA,0.13,0.002,9009.3,0.0591,32.247,0.423,152560.5,Pipeline Natural Gas,Diesel Oil,Combustion turbine,NA,NA,NA,NA,"CAIRNOX, CAIROS, CAIRSO2, RGGI"
NY,E F Barrett,2511,U00017,CP001,2011,768,768,9343,NA,0.046,6e-4,8384,0.0582,31.314,0.4416,142107.9,Pipeline Natural Gas,Diesel Oil,Combustion turbine,NA,NA,NA,NA,"CAIRNOX, CAIROS, CAIRSO2, RGGI"
NY,E F Barrett,2511,U00017,CP001,2012,1355,1355,17506,NA,0.095,7e-4,16622.1,0.0589,64.57,0.4579,281983.2,Pipeline Natural Gas,Diesel Oil,Combustion turbine,NA,NA,NA,NA,"CAIRNOX, CAIROS, CAIRSO2, RGGI"
NY,E F Barrett,2511,U00017,CP001,2013,1239,1239,15928,NA,0.148,0.0015,15144.5,0.0589,58.796,0.4587,256501.2,Pipeline Natural Gas,Diesel Oil,Combustion turbine,NA,NA,NA,NA,"CAIRNOX, CAIROS, CAIRSO2, RGGI"
NY,E F Barrett,2511,U00017,CP001,2014,554,554,7236,NA,4.539,0.0719,7084.3,0.0619,29.579,0.5145,113357.2,Pipeline Natural Gas,Diesel Oil,Combustion turbine,NA,NA,NA,NA,"CAIRNOX, CAIROS, CAIRSO2, RGGI"
NY,E F Barrett,2511,U00017,CP001,2015,979,979,11790,NA,5.66,0.0496,11817.3,0.0612,48.094,0.493,191919.1,Pipeline Natural Gas,Diesel Oil,Combustion turbine,NA,NA,NA,NA,"CSNOX, CSNOXOS, CSSO2G1, RGGI"
NY,E F Barrett,2511,U00017,CP001,2016,1116,1116,13358,NA,0.729,0.0074,13005.4,0.0596,50.099,0.4579,218750.6,Pipeline Natural Gas,Diesel Oil,Combustion turbine,NA,NA,NA,NA,"CSNOX, CSNOXOS, CSSO2G1, RGGI"
NY,E F Barrett,2511,U00017,CP001,2017,804,804,9487,NA,0.054,7e-4,9319.5,0.0596,35.864,0.4586,156904.6,Pipeline Natural Gas,Diesel Oil,Combustion turbine,NA,NA,NA,NA,"CSNOX, CSOSG2, CSSO2G1, RGGI"
NY,E F Barrett,2511,U00017,CP001,2018,1413,1413,19065,NA,0.108,8e-4,18082.2,0.0597,69.665,0.4594,303329.3,Pipeline Natural Gas,Diesel Oil,Combustion turbine,NA,NA,NA,NA,"CSNOX, CSOSG2, CSSO2G1, RGGI"
NY,E F Barrett,2511,U00017,CP001,2019,1044,1044,11925,NA,0.065,6e-4,11347,0.0596,40.36,0.4254,190133.5,Pipeline Natural Gas,Diesel Oil,Combustion turbine,NA,NA,NA,NA,"CSNOX, CSOSG2, CSSO2G1, RGGI"
NY,E F Barrett,2511,U00017,CP001,2020,910,910,10971,NA,0.059,7e-4,10749.2,0.0593,37.937,0.4179,181365.9,Pipeline Natural Gas,Diesel Oil,Combustion turbine,NA,NA,NA,NA,"CSNOX, CSOSG2, CSSO2G1, RGGI"
NY,E F Barrett,2511,U00017,CP001,2021,1463,1463,20216,NA,0.097,7e-4,18100.2,0.0594,63.768,0.4181,305399.6,Pipeline Natural Gas,Diesel Oil,Combustion turbine,NA,NA,NA,NA,"CSNOX, CSOSG3, CSSO2G1, RGGI"
NY,E F Barrett,2511,U00017,CP001,2022,1059,1059,12788,NA,0.067,6e-4,12504,0.06,45.31,0.4331,207063.3,Pipeline Natural Gas,Diesel Oil,Combustion turbine,NA,NA,NA,NA,"CSNOX, CSOSG3, CSSO2G1, RGGI"
NY,E F Barrett,2511,U00017,CP001,2023,1107,1107,16861,NA,0.067,3e-4,14687.8,0.0591,36.913,0.2991,247943.3,Pipeline Natural Gas,Diesel Oil,Combustion turbine,NA,Water Injection,NA,NA,"CSNOX, CSOSG3, CSSO2G1, RGGI"
NY,E F Barrett,2511,U00017,CP001,2024,820,820,10723,NA,0.057,7e-4,10605.5,0.0595,20.984,0.2348,179521.7,Pipeline Natural Gas,Diesel Oil,Combustion turbine,NA,Water Injection,NA,NA,"CSNOX, CSOSG2E, CSSO2G1, RGGI"
NY,E F Barrett,2511,U00018,NA,1999,397,397,5470,NA,NA,NA,NA,NA,16.549,0.4091,80974.8,Pipeline Natural Gas,Diesel Oil,Combustion turbine,NA,NA,NA,NA,OTC
NY,E F Barrett,2511,U00018,NA,2000,297,297,4650,NA,NA,NA,NA,NA,13.857,0.401,69107.3,Pipeline Natural Gas,Diesel Oil,Combustion turbine,NA,NA,NA,NA,OTC
NY,E F Barrett,2511,U00018,NA,2001,382,382,5510,NA,NA,NA,NA,NA,16.434,0.4278,76888,Pipeline Natural Gas,Diesel Oil,Combustion turbine,NA,NA,NA,NA,OTC
NY,E F Barrett,2511,U00018,NA,2002,581,581,9123,NA,0,0,0,0,30.316,0.4761,127352.8,Pipeline Natural Gas,Diesel Oil,Combustion turbine,NA,"Water Injection (Began May 01, 2002)",NA,NA,OTC
NY,E F Barrett,2511,U00018,NA,2003,225,225,6297,NA,NA,NA,NA,NA,14.008,0.5359,52419.9,Pipeline Natural Gas,Diesel Oil,Combustion turbine,NA,"Water Injection (Retired Apr 30, 2003)",NA,NA,NBP
NY,E F Barrett,2511,U00018,NA,2004,512,512,11938,NA,NA,NA,NA,NA,23.085,0.4918,93937.8,Pipeline Natural Gas,Diesel Oil,Combustion turbine,NA,NA,NA,NA,NBP
NY,E F Barrett,2511,U00018,NA,2005,585,585,12389,NA,NA,NA,NA,NA,28.44,0.5562,106725.9,Pipeline Natural Gas,Diesel Oil,Combustion turbine,NA,NA,NA,NA,NBP
NY,E F Barrett,2511,U00018,NA,2006,392,392,4974,NA,NA,NA,NA,NA,20.579,0.4938,83317.7,Pipeline Natural Gas,Diesel Oil,Combustion turbine,NA,NA,NA,NA,NBP
NY,E F Barrett,2511,U00018,NA,2007,421,421,4996,NA,NA,NA,NA,NA,24.868,0.5931,82900.4,Pipeline Natural Gas,Diesel Oil,Combustion turbine,NA,NA,NA,NA,NBP
NY,E F Barrett,2511,U00018,NA,2008,815,815,9099,NA,NA,NA,NA,NA,34.704,0.4618,151521.9,Pipeline Natural Gas,Diesel Oil,Combustion turbine,NA,NA,NA,NA,"CAIRNOX, CAIROS, NBP"
NY,E F Barrett,2511,U00018,CP001,2009,708,708,8304,NA,5.962,0.0663,9019.9,0.0619,34.976,0.4727,144080.6,Pipeline Natural Gas,Diesel Oil,Combustion turbine,NA,NA,NA,NA,"CAIRNOX, CAIROS, CAIRSO2, RGGI"
NY,E F Barrett,2511,U00018,CP001,2010,457,457,5258,NA,0.036,0.0018,5131.9,0.0591,18.358,0.4229,86973.8,Pipeline Natural Gas,Diesel Oil,Combustion turbine,NA,NA,NA,NA,"CAIRNOX, CAIROS, CAIRSO2, RGGI"
NY,E F Barrett,2511,U00018,CP001,2011,644,644,8011,NA,0.042,0.0047,6980.9,0.0585,25.996,0.4421,118319.1,Pipeline Natural Gas,Diesel Oil,Combustion turbine,NA,NA,NA,NA,"CAIRNOX, CAIROS, CAIRSO2, RGGI"
NY,E F Barrett,2511,U00018,CP001,2012,878,878,11426,NA,0.062,7e-4,10959.7,0.059,42.578,0.4579,185941.3,Pipeline Natural Gas,Diesel Oil,Combustion turbine,NA,NA,NA,NA,"CAIRNOX, CAIROS, CAIRSO2, RGGI"
NY,E F Barrett,2511,U00018,CP001,2013,1006,1006,12254,NA,0.155,0.0027,11723.5,0.059,45.537,0.4597,198516.8,Pipeline Natural Gas,Diesel Oil,Combustion turbine,NA,NA,NA,NA,"CAIRNOX, CAIROS, CAIRSO2, RGGI"
NY,E F Barrett,2511,U00018,CP001,2014,870,870,11562,NA,7.411,0.0707,11434.8,0.062,47.839,0.514,182850.4,Pipeline Natural Gas,Diesel Oil,Combustion turbine,NA,NA,NA,NA,"CAIRNOX, CAIROS, CAIRSO2, RGGI"
NY,E F Barrett,2511,U00018,CP001,2015,879,879,10681,NA,6.401,0.0649,10772.8,0.0619,44.515,0.5063,173101.1,Pipeline Natural Gas,Diesel Oil,Combustion turbine,NA,NA,NA,NA,"CSNOX, CSNOXOS, CSSO2G1, RGGI"
NY,E F Barrett,2511,U00018,CP001,2016,1136,1136,14710,NA,2.236,0.0196,14214.2,0.06,55.427,0.4679,237489.4,Pipeline Natural Gas,Diesel Oil,Combustion turbine,NA,NA,NA,NA,"CSNOX, CSNOXOS, CSSO2G1, RGGI"
NY,E F Barrett,2511,U00018,CP001,2017,606,606,7158,NA,0.042,8e-4,7113.8,0.0597,27.413,0.4602,119575.3,Pipeline Natural Gas,Diesel Oil,Combustion turbine,NA,NA,NA,NA,"CSNOX, CSOSG2, CSSO2G1, RGGI"
NY,E F Barrett,2511,U00018,CP001,2018,1079,1079,14892,NA,0.082,8e-4,14148.5,0.0595,54.256,0.4567,238290.5,Pipeline Natural Gas,Diesel Oil,Combustion turbine,NA,NA,NA,NA,"CSNOX, CSOSG2, CSSO2G1, RGGI"
NY,E F Barrett,2511,U00018,CP001,2019,697,697,8798,NA,0.048,7e-4,8314.4,0.0596,29.767,0.4251,138748.2,Pipeline Natural Gas,Diesel Oil,Combustion turbine,NA,NA,NA,NA,"CSNOX, CSOSG2, CSSO2G1, RGGI"
NY,E F Barrett,2511,U00018,CP001,2020,614,614,6913,NA,0.037,7e-4,6762.7,0.0592,23.711,0.4141,114526.5,Pipeline Natural Gas,Diesel Oil,Combustion turbine,NA,NA,NA,NA,"CSNOX, CSOSG2, CSSO2G1, RGGI"
NY,E F Barrett,2511,U00018,CP001,2021,1040,1040,12817,NA,0.068,7e-4,11847.6,0.0593,41.63,0.4177,200206.4,Pipeline Natural Gas,Diesel Oil,Combustion turbine,NA,NA,NA,NA,"CSNOX, CSOSG3, CSSO2G1, RGGI"
NY,E F Barrett,2511,U00018,CP001,2022,1027,1027,12370,NA,0.056,4e-4,11802.7,0.0588,41.36,0.4129,200258,Pipeline Natural Gas,Diesel Oil,Combustion turbine,NA,NA,NA,NA,"CSNOX, CSOSG3, CSSO2G1, RGGI"
NY,E F Barrett,2511,U00018,CP001,2023,711,711,9499,NA,0.041,5e-4,8441.4,0.059,16.381,0.2289,143042.2,Pipeline Natural Gas,Diesel Oil,Combustion turbine,NA,Water Injection,NA,NA,"CSNOX, CSOSG3, CSSO2G1, RGGI"
NY,E F Barrett,2511,U00018,CP001,2024,921,921,11926,NA,0.063,7e-4,11824.1,0.0595,23.249,0.2352,199815.1,Pipeline Natural Gas,Diesel Oil,Combustion turbine,NA,Water Injection,NA,NA,"CSNOX, CSOSG2E, CSSO2G1, RGGI"
NY,E F Barrett,2511,U00019,NA,1999,397,397,5470,NA,NA,NA,NA,NA,16.549,0.4091,80974.8,Pipeline Natural Gas,Diesel Oil,Combustion turbine,NA,NA,NA,NA,OTC
NY,E F Barrett,2511,U00019,NA,2000,297,297,4650,NA,NA,NA,NA,NA,13.857,0.401,69107.3,Pipeline Natural Gas,Diesel Oil,Combustion turbine,NA,NA,NA,NA,OTC
NY,E F Barrett,2511,U00019,NA,2001,382,382,5510,NA,NA,NA,NA,NA,16.434,0.4278,76888,Pipeline Natural Gas,Diesel Oil,Combustion turbine,NA,NA,NA,NA,OTC
NY,E F Barrett,2511,U00019,NA,2002,581,581,9123,NA,0,0,0,0,30.316,0.4761,127352.8,Pipeline Natural Gas,Diesel Oil,Combustion turbine,NA,"Water Injection (Began May 01, 2002)",NA,NA,OTC
NY,E F Barrett,2511,U00019,NA,2003,225,225,6297,NA,NA,NA,NA,NA,14.008,0.5359,52419.9,Pipeline Natural Gas,Diesel Oil,Combustion turbine,NA,"Water Injection (Retired Apr 30, 2003)",NA,NA,NBP
NY,E F Barrett,2511,U00019,NA,2004,512,512,11938,NA,NA,NA,NA,NA,23.085,0.4918,93937.8,Pipeline Natural Gas,Diesel Oil,Combustion turbine,NA,NA,NA,NA,NBP
NY,E F Barrett,2511,U00019,NA,2005,585,585,12389,NA,NA,NA,NA,NA,28.44,0.5562,106725.9,Pipeline Natural Gas,Diesel Oil,Combustion turbine,NA,NA,NA,NA,NBP
NY,E F Barrett,2511,U00019,NA,2006,392,392,4974,NA,NA,NA,NA,NA,20.579,0.4938,83317.7,Pipeline Natural Gas,Diesel Oil,Combustion turbine,NA,NA,NA,NA,NBP
NY,E F Barrett,2511,U00019,NA,2007,421,421,4996,NA,NA,NA,NA,NA,24.868,0.5931,82900.4,Pipeline Natural Gas,Diesel Oil,Combustion turbine,NA,NA,NA,NA,NBP
NY,E F Barrett,2511,U00019,NA,2008,815,815,9099,NA,NA,NA,NA,NA,34.704,0.4618,151521.9,Pipeline Natural Gas,Diesel Oil,Combustion turbine,NA,NA,NA,NA,"CAIRNOX, CAIROS, NBP"
NY,E F Barrett,2511,U00019,CP001,2009,708,708,8304,NA,5.962,0.0663,9019.9,0.0619,34.976,0.4727,144080.6,Pipeline Natural Gas,Diesel Oil,Combustion turbine,NA,NA,NA,NA,"CAIRNOX, CAIROS, CAIRSO2, RGGI"
NY,E F Barrett,2511,U00019,CP001,2010,457,457,5258,NA,0.036,0.0018,5131.9,0.0591,18.358,0.4229,86973.8,Pipeline Natural Gas,Diesel Oil,Combustion turbine,NA,NA,NA,NA,"CAIRNOX, CAIROS, CAIRSO2, RGGI"
NY,E F Barrett,2511,U00019,CP001,2011,644,644,8011,NA,0.042,0.0047,6980.9,0.0585,25.996,0.4421,118319.1,Pipeline Natural Gas,Diesel Oil,Combustion turbine,NA,NA,NA,NA,"CAIRNOX, CAIROS, CAIRSO2, RGGI"
NY,E F Barrett,2511,U00019,CP001,2012,878,878,11426,NA,0.062,7e-4,10959.7,0.059,42.578,0.4579,185941.3,Pipeline Natural Gas,Diesel Oil,Combustion turbine,NA,NA,NA,NA,"CAIRNOX, CAIROS, CAIRSO2, RGGI"
NY,E F Barrett,2511,U00019,CP001,2013,1006,1006,12254,NA,0.155,0.0027,11723.5,0.059,45.537,0.4597,198516.8,Pipeline Natural Gas,Diesel Oil,Combustion turbine,NA,NA,NA,NA,"CAIRNOX, CAIROS, CAIRSO2, RGGI"
NY,E F Barrett,2511,U00019,CP001,2014,870,870,11562,NA,7.411,0.0707,11434.8,0.062,47.839,0.514,182850.4,Pipeline Natural Gas,Diesel Oil,Combustion turbine,NA,NA,NA,NA,"CAIRNOX, CAIROS, CAIRSO2, RGGI"
NY,E F Barrett,2511,U00019,CP001,2015,879,879,10681,NA,6.401,0.0649,10772.8,0.0619,44.515,0.5063,173101.1,Pipeline Natural Gas,Diesel Oil,Combustion turbine,NA,NA,NA,NA,"CSNOX, CSNOXOS, CSSO2G1, RGGI"
NY,E F Barrett,2511,U00019,CP001,2016,1136,1136,14710,NA,2.236,0.0196,14214.2,0.06,55.427,0.4679,237489.4,Pipeline Natural Gas,Diesel Oil,Combustion turbine,NA,NA,NA,NA,"CSNOX, CSNOXOS, CSSO2G1, RGGI"
NY,E F Barrett,2511,U00019,CP001,2017,606,606,7158,NA,0.042,8e-4,7113.8,0.0597,27.413,0.4602,119575.3,Pipeline Natural Gas,Diesel Oil,Combustion turbine,NA,NA,NA,NA,"CSNOX, CSOSG2, CSSO2G1, RGGI"
NY,E F Barrett,2511,U00019,CP001,2018,1079,1079,14892,NA,0.082,8e-4,14148.5,0.0595,54.256,0.4567,238290.5,Pipeline Natural Gas,Diesel Oil,Combustion turbine,NA,NA,NA,NA,"CSNOX, CSOSG2, CSSO2G1, RGGI"
NY,E F Barrett,2511,U00019,CP001,2019,697,697,8798,NA,0.048,7e-4,8314.4,0.0596,29.767,0.4251,138748.2,Pipeline Natural Gas,Diesel Oil,Combustion turbine,NA,NA,NA,NA,"CSNOX, CSOSG2, CSSO2G1, RGGI"
NY,E F Barrett,2511,U00019,CP001,2020,614,614,6913,NA,0.037,7e-4,6762.7,0.0592,23.711,0.4141,114526.5,Pipeline Natural Gas,Diesel Oil,Combustion turbine,NA,NA,NA,NA,"CSNOX, CSOSG2, CSSO2G1, RGGI"
NY,E F Barrett,2511,U00019,CP001,2021,1040,1040,12817,NA,0.068,7e-4,11847.6,0.0593,41.63,0.4177,200206.4,Pipeline Natural Gas,Diesel Oil,Combustion turbine,NA,NA,NA,NA,"CSNOX, CSOSG3, CSSO2G1, RGGI"
NY,E F Barrett,2511,U00019,CP001,2022,1027,1027,12370,NA,0.056,4e-4,11802.7,0.0588,41.36,0.4129,200258,Pipeline Natural Gas,Diesel Oil,Combustion turbine,NA,NA,NA,NA,"CSNOX, CSOSG3, CSSO2G1, RGGI"
NY,E F Barrett,2511,U00019,CP001,2023,711,711,9499,NA,0.041,5e-4,8441.4,0.059,16.408,0.2296,143042.2,Pipeline Natural Gas,Diesel Oil,Combustion turbine,NA,Water Injection,NA,NA,"CSNOX, CSOSG3, CSSO2G1, RGGI"
NY,E F Barrett,2511,U00019,CP001,2024,921,921,11926,NA,0.063,7e-4,11824.1,0.0595,23.159,0.2331,199815.1,Pipeline Natural Gas,Diesel Oil,Combustion turbine,NA,Water Injection,NA,NA,"CSNOX, CSOSG2E, CSSO2G1, RGGI"
NY,East Hampton Facility,2512,UGT001,NA,1999,755,755,11386,NA,NA,NA,NA,NA,54.049,0.67,161337,Diesel Oil,NA,Combustion turbine,NA,NA,NA,NA,OTC
NY,East Hampton Facility,2512,UGT001,NA,2000,688,688,11129,NA,NA,NA,NA,NA,55.338,0.67,165195.3,Diesel Oil,NA,Combustion turbine,NA,NA,NA,NA,OTC
NY,East Hampton Facility,2512,UGT001,NA,2001,807,807,12004,NA,NA,NA,NA,NA,63.256,0.771,164094.7,Diesel Oil,NA,Combustion turbine,NA,NA,NA,NA,OTC
NY,East Hampton Facility,2512,UGT001,NA,2002,968,968,15028,NA,0,0,0,0,79.99,0.8402,190407.6,Diesel Oil,NA,Combustion turbine,NA,"Water Injection (Began May 01, 2002)",NA,NA,OTC
NY,East Hampton Facility,2512,UGT001,NA,2003,953,953,14314,NA,NA,NA,NA,NA,80.81,0.84,192458.1,Diesel Oil,NA,Combustion turbine,NA,"Water Injection (Retired Apr 30, 2003)",NA,NA,NBP
NY,East Hampton Facility,2512,UGT001,NA,2004,279,254.14,3776.07,NA,NA,NA,NA,NA,32.506,0.8396,68144.384,Diesel Oil,NA,Combustion turbine,NA,NA,NA,NA,NBP
NY,East Hampton Facility,2512,UGT001,NA,2005,391,322.91,5020.62,NA,NA,NA,NA,NA,24.04,0.5748,72575.885,Diesel Oil,NA,Combustion turbine,NA,NA,NA,NA,NBP
NY,East Hampton Facility,2512,UGT001,NA,2006,542,473.51,7177.28,NA,NA,NA,NA,NA,35.796,0.6004,107567.603,Diesel Oil,NA,Combustion turbine,NA,NA,NA,NA,NBP
NY,East Hampton Facility,2512,UGT001,NA,2007,1145,994.83,15047.31,NA,NA,NA,NA,NA,75.509,0.6004,226545.222,Diesel Oil,NA,Combustion turbine,NA,NA,NA,NA,NBP
NY,East Hampton Facility,2512,UGT001,NA,2008,1323,1222.18,18381.17,NA,NA,NA,NA,NA,88.804,0.6132,273952.273,Diesel Oil,NA,Combustion turbine,NA,NA,NA,NA,"CAIROS, NBP"
NY,East Hampton Facility,2512,UGT001,NA,2009,860,781.82,12456.32,NA,NA,NA,NA,NA,67.807,0.7061,181347.136,Diesel Oil,NA,Combustion turbine,NA,NA,NA,NA,CAIROS
NY,East Hampton Facility,2512,UGT001,NA,2010,877,762.72,11643.51,NA,NA,NA,13796.623,0.0811,64.242,0.6878,170096.321,Diesel Oil,NA,Combustion turbine,NA,NA,NA,NA,CAIROS
NY,East Hampton Facility,2512,UGT001,NA,2011,596,486.08,7334.13,NA,NA,NA,8826.158,0.0813,42.678,0.6879,108742.392,Diesel Oil,NA,Combustion turbine,NA,NA,NA,NA,CAIROS
NY,East Hampton Facility,2512,UGT001,NA,2012,537,455.95,6557.82,NA,NA,NA,7927.442,0.0812,34.659,0.6472,97613.124,Diesel Oil,NA,Combustion turbine,NA,NA,NA,NA,CAIROS
NY,East Hampton Facility,2512,UGT001,NA,2013,502,426.12,6588.36,NA,NA,NA,7763.984,0.0811,34.42,0.6522,95691.69,Diesel Oil,NA,Combustion turbine,NA,NA,NA,NA,CAIROS
NY,East Hampton Facility,2512,UGT001,NA,2014,375,313.52,3054.49,NA,NA,NA,5795.804,0.0812,20.026,0.5214,71346.998,Diesel Oil,NA,Combustion turbine,NA,NA,NA,NA,CAIROS
NY,East Hampton Facility,2512,UGT001,NA,2015,868,722.56,7827.43,NA,NA,NA,10808.608,0.0817,40.133,0.5109,133199.616,Diesel Oil,NA,Combustion turbine,NA,NA,NA,NA,SIPNOX
NY,East Hampton Facility,2512,UGT001,NA,2016,720,625.25,9742.85,NA,NA,NA,11658.293,0.0811,40.178,0.5272,143790.663,Diesel Oil,NA,Combustion turbine,NA,NA,NA,NA,SIPNOX
NY,East Hampton Facility,2512,UGT001,NA,2017,472,399.59,6104.07,NA,NA,NA,7315.703,0.0811,25.332,0.5223,90183.482,Diesel Oil,NA,Combustion turbine,NA,NA,NA,NA,SIPNOX
NY,East Hampton Facility,2512,UGT001,NA,2018,794,708.66,10767.01,NA,NA,NA,13000.646,0.0811,41.513,0.4898,159985.663,Diesel Oil,NA,Combustion turbine,NA,NA,NA,NA,SIPNOX
NY,East Hampton Facility,2512,UGT001,NA,2019,859,748.31,11253.55,NA,NA,NA,13426.774,0.0811,41.106,0.4622,165505.11,Diesel Oil,NA,Combustion turbine,NA,NA,NA,NA,SIPNOX
NY,East Hampton Facility,2512,UGT001,NA,2020,927,807.34,12199.4,NA,NA,NA,14660.503,0.0811,45.244,0.4663,180730.972,Diesel Oil,NA,Combustion turbine,NA,NA,NA,NA,SIPNOX
NY,East Hampton Facility,2512,UGT001,NA,2021,761,623.55,10057.51,NA,NA,NA,12155.724,0.0788,59.377,0.7864,149827.988,Diesel Oil,NA,Combustion turbine,NA,NA,NA,NA,SIPNOX
NY,East Hampton Facility,2512,UGT001,NA,2022,937,775.3,12009.46,NA,NA,NA,14574.3,0.0769,71.551,0.7941,179735,Diesel Oil,NA,Combustion turbine,NA,NA,NA,NA,SIPNOX
NY,East Hampton Facility,2512,UGT001,NA,2023,800,674.97,9916.61,NA,NA,NA,11936.258,0.0807,44.384,0.5469,147138.906,Diesel Oil,NA,Combustion turbine,NA,NA,NA,NA,SIPNOX
NY,East Hampton Facility,2512,UGT001,NA,2024,711,610.66,9333.99,NA,NA,NA,11979.687,0.0808,13.39,0.194,147622.504,Diesel Oil,NA,Combustion turbine,NA,NA,NA,NA,SIPNOX
NY,Far Rockaway,2513,40,NA,1995,NA,NA,NA,NA,2,NA,321043,NA,230,NA,5402171,Pipeline Natural Gas,NA,Tangentially-fired,NA,"Overfire Air (Began Apr 01, 1995)",NA,NA,ARP
NY,Far Rockaway,2513,40,NA,1996,NA,NA,NA,NA,0.9,NA,172376,NA,110,NA,2900672,Pipeline Natural Gas,NA,Tangentially-fired,NA,Overfire Air,NA,NA,ARP
NY,Far Rockaway,2513,40,NA,1997,4123,4099.75,268273.75,NA,0.86,0.001,170451.85,0.0591,115.035,0.0857,2868247.95,Pipeline Natural Gas,NA,Tangentially-fired,NA,Overfire Air,NA,NA,ARP
NY,Far Rockaway,2513,40,NA,1998,6002,5991.5,387217,NA,1.219,0.001,241576.1,0.0591,219.711,0.1127,4064858.425,Pipeline Natural Gas,NA,Tangentially-fired,NA,Overfire Air,NA,NA,ARP
NY,Far Rockaway,2513,40,NA,1999,6846,6834.5,429337.75,NA,1.389,0.001,275624.2,0.0592,227.988,0.1001,4629882.25,Pipeline Natural Gas,NA,Tangentially-fired,NA,Overfire Air,NA,NA,"ARP, OTC"
NY,Far Rockaway,2513,40,NA,2000,7488,7463.25,403386.75,NA,1.349,0.001,267165.2,0.0591,424.252,0.178,4495544,Pipeline Natural Gas,NA,Tangentially-fired,NA,Overfire Air,NA,NA,"ARP, OTC"
NY,Far Rockaway,2513,40,NA,2001,5676,5669.75,309712.75,NA,1.053,0.001,208521.325,0.0591,121.026,0.0665,3508688.525,Pipeline Natural Gas,NA,Tangentially-fired,NA,Overfire Air,NA,NA,"ARP, OTC"
NY,Far Rockaway,2513,40,NA,2002,6314,6309.75,422799.75,NA,1.136,0.001,225102.625,0.0591,149.871,0.0782,3788140.9,Pipeline Natural Gas,NA,Tangentially-fired,NA,Overfire Air,NA,NA,"ARP, OTC"
NY,Far Rockaway,2513,40,NA,2003,5120,5101,280002.5,NA,0.56,0.001,110891.925,0.0591,72.716,0.0729,1865492.25,Pipeline Natural Gas,NA,Tangentially-fired,NA,Overfire Air,NA,NA,"ARP, NBP"
NY,Far Rockaway,2513,40,NA,2004,4476,4465.5,235647.5,NA,0.743,0.001,147217.8,0.0586,102.407,0.0795,2477107.825,Pipeline Natural Gas,NA,Tangentially-fired,NA,Overfire Air,NA,NA,"ARP, NBP"
NY,Far Rockaway,2513,40,NA,2005,4317,4308.25,251819.25,NA,0.804,0.001,159302.9,0.0591,116.229,0.0847,2680614.3,Pipeline Natural Gas,NA,Tangentially-fired,NA,Overfire Air,NA,NA,"ARP, NBP"
NY,Far Rockaway,2513,40,NA,2006,4700,4689.5,288235.5,NA,0.901,0.001,178523.1,0.059,116.833,0.0764,3004039.6,Pipeline Natural Gas,NA,Tangentially-fired,NA,Overfire Air,NA,NA,"ARP, NBP"
NY,Far Rockaway,2513,40,NA,2007,4461,4451,265092.5,NA,0.839,0.001,166157.75,0.0591,130.089,0.092,2795932.625,Pipeline Natural Gas,NA,Tangentially-fired,NA,Overfire Air,NA,NA,"ARP, NBP"
NY,Far Rockaway,2513,40,NA,2008,3039,3027,149615.75,NA,0.478,0.001,94779.025,0.0591,74.374,0.0889,1594813.2,Pipeline Natural Gas,NA,Tangentially-fired,NA,Overfire Air,NA,NA,"ARP, CAIRNOX, CAIROS, NBP"
NY,Far Rockaway,2513,40,NA,2009,2303,2287,111363,NA,0.351,0.001,69618.025,0.0591,46.596,0.0734,1171496.25,Pipeline Natural Gas,NA,Tangentially-fired,NA,Overfire Air,NA,NA,"ARP, CAIRNOX, CAIROS, CAIRSO2, RGGI"
NY,Far Rockaway,2513,40,NA,2010,3578,3565.5,199546.5,NA,0.637,0.001,126250.875,0.0592,77.726,0.0739,2124403.475,Pipeline Natural Gas,NA,Tangentially-fired,NA,Overfire Air,NA,NA,"ARP, CAIRNOX, CAIROS, CAIRSO2, RGGI"
NY,Far Rockaway,2513,40,NA,2011,6225,6214.25,358237.25,NA,1.119,0.001,221751.45,0.0591,150.222,0.0803,3731379.8,Pipeline Natural Gas,NA,Tangentially-fired,NA,Overfire Air,NA,NA,"ARP, CAIRNOX, CAIROS, CAIRSO2, RGGI"
NY,Far Rockaway,2513,40,NA,2012,2663,2656.75,158258.5,NA,0.493,0.001,97726.725,0.0591,66.655,0.0806,1644434.975,Pipeline Natural Gas,NA,Tangentially-fired,NA,Overfire Air,NA,NA,"ARP, CAIRNOX, CAIROS, CAIRSO2, RGGI"
NY,Glenwood,2514,40,NA,1995,NA,NA,NA,NA,2,NA,323804,NA,190,NA,5448622,Pipeline Natural Gas,NA,Tangentially-fired,NA,"Overfire Air (Began Apr 01, 1995)",NA,NA,ARP
NY,Glenwood,2514,40,NA,1996,NA,NA,NA,NA,0.9,NA,184908,NA,137,NA,3111309,Pipeline Natural Gas,NA,Tangentially-fired,NA,Overfire Air,NA,NA,ARP
NY,Glenwood,2514,40,NA,1997,4704,4684.75,266327.5,NA,0.954,0.001,189151.575,0.0591,123.179,0.0889,3182796.2,Pipeline Natural Gas,NA,Tangentially-fired,NA,Overfire Air,NA,NA,ARP
NY,Glenwood,2514,40,NA,1998,4225,4214.5,273940.5,NA,0.986,0.001,195263.175,0.0591,120.021,0.083,3285677.775,Pipeline Natural Gas,NA,Tangentially-fired,NA,Overfire Air,NA,NA,ARP
NY,Glenwood,2514,40,NA,1999,7145,7129.5,433503,NA,1.489,0.001,294926.1,0.0591,240.537,0.1064,4962634.825,Pipeline Natural Gas,NA,Tangentially-fired,NA,Overfire Air,NA,NA,"ARP, OTC"
NY,Glenwood,2514,40,NA,2000,6566,6551,381976.25,NA,1.218,0.001,241299.675,0.0592,185.25,0.093,4060322.525,Pipeline Natural Gas,NA,Tangentially-fired,NA,Overfire Air,NA,NA,"ARP, OTC"
NY,Glenwood,2514,40,NA,2001,6784,6779,402970.75,NA,1.318,0.001,261030.025,0.0591,180.657,0.0858,4392347.1,Pipeline Natural Gas,NA,Tangentially-fired,NA,Overfire Air,NA,NA,"ARP, OTC"
NY,Glenwood,2514,40,NA,2002,5948,5934.75,393750.25,NA,1.297,0.001,257048.35,0.0592,167.255,0.0818,4323686.6,Pipeline Natural Gas,NA,Tangentially-fired,NA,Overfire Air,NA,NA,"ARP, OTC"
NY,Glenwood,2514,40,NA,2003,4957,4941.25,264256,NA,0.914,0.001,181150,0.0591,134.772,0.0879,3048192.825,Pipeline Natural Gas,NA,Tangentially-fired,NA,Overfire Air,NA,NA,"ARP, NBP"
NY,Glenwood,2514,40,NA,2004,4530,4508,205879.75,NA,0.746,0.001,147740.2,0.0592,92.721,0.0719,2486136.55,Pipeline Natural Gas,NA,Tangentially-fired,NA,Overfire Air,NA,NA,"ARP, NBP"
NY,Glenwood,2514,40,NA,2005,2244,2230,114237.75,NA,0.395,0.001,78278.2,0.0605,51.559,0.0776,1317115.95,Pipeline Natural Gas,NA,Tangentially-fired,NA,Overfire Air,NA,NA,"ARP, NBP"
NY,Glenwood,2514,40,NA,2006,2498,2490.5,162518.5,NA,0.533,0.001,105500.15,0.0591,65.36,0.0739,1775202.175,Pipeline Natural Gas,NA,Tangentially-fired,NA,Overfire Air,NA,NA,"ARP, NBP"
NY,Glenwood,2514,40,NA,2007,2077,2061,115966,NA,0.396,0.001,78490.825,0.0591,45.649,0.0668,1320766.675,Pipeline Natural Gas,NA,Tangentially-fired,NA,Overfire Air,NA,NA,"ARP, NBP"
NY,Glenwood,2514,40,NA,2008,1122,1105.5,47624,NA,0.198,0.001,39318.75,0.0592,22.759,0.0609,661601.825,Pipeline Natural Gas,NA,Tangentially-fired,NA,Overfire Air,NA,NA,"ARP, CAIRNOX, CAIROS, NBP"
NY,Glenwood,2514,40,NA,2009,809,795.75,37984.25,NA,0.148,0.001,29302.55,0.0591,15.037,0.0536,493094.725,Pipeline Natural Gas,NA,Tangentially-fired,NA,Overfire Air,NA,NA,"ARP, CAIRNOX, CAIROS, CAIRSO2, RGGI"
NY,Glenwood,2514,40,NA,2010,1772,1759.25,102106.5,NA,0.489,0.001,96842.6,0.0591,51.978,0.0631,1629597.975,Pipeline Natural Gas,NA,Tangentially-fired,NA,Overfire Air,NA,NA,"ARP, CAIRNOX, CAIROS, CAIRSO2, RGGI"
NY,Glenwood,2514,40,NA,2011,2484,2463.75,131319.75,NA,0.457,0.001,90511.5,0.0591,45.922,0.0563,1522997.875,Pipeline Natural Gas,NA,Tangentially-fired,NA,Overfire Air,NA,NA,"ARP, CAIRNOX, CAIROS, CAIRSO2, RGGI"
NY,Glenwood,2514,40,NA,2012,1359,1351.5,72398.25,NA,0.253,0.001,50082.45,0.0591,27.238,0.0618,842737.325,Pipeline Natural Gas,NA,Tangentially-fired,NA,Overfire Air,NA,NA,"ARP, CAIRNOX, CAIROS, CAIRSO2, RGGI"
NY,Glenwood,2514,50,NA,1995,NA,NA,NA,NA,1,NA,285801,NA,213,NA,4809154,Pipeline Natural Gas,NA,Tangentially-fired,NA,"Overfire Air (Began Apr 01, 1995)",NA,NA,ARP
NY,Glenwood,2514,50,NA,1996,NA,NA,NA,NA,0.9,NA,176561,NA,137,NA,2970897,Pipeline Natural Gas,NA,Tangentially-fired,NA,Overfire Air,NA,NA,ARP
NY,Glenwood,2514,50,NA,1997,4876,4852.25,274867.5,NA,0.865,0.001,171353.4,0.0591,134.045,0.1004,2883342.975,Pipeline Natural Gas,NA,Tangentially-fired,NA,Overfire Air,NA,NA,ARP
NY,Glenwood,2514,50,NA,1998,4264,4253,255349.5,NA,0.803,0.001,159071,0.0591,138.113,0.1075,2676582.1,Pipeline Natural Gas,NA,Tangentially-fired,NA,Overfire Air,NA,NA,ARP
NY,Glenwood,2514,50,NA,1999,4531,4515.5,285545.25,NA,0.82,0.001,162410.7,0.0591,143.704,0.1074,2732956.925,Pipeline Natural Gas,NA,Tangentially-fired,NA,Overfire Air,NA,NA,"ARP, OTC"
NY,Glenwood,2514,50,NA,2000,6506,6485,364564.5,NA,1.18,0.001,233777.75,0.0591,199.748,0.1023,3933786.125,Pipeline Natural Gas,NA,Tangentially-fired,NA,Overfire Air,NA,NA,"ARP, OTC"
NY,Glenwood,2514,50,NA,2001,7933,7922.75,447539,NA,1.457,0.001,288597.575,0.0592,203.504,0.0879,4856124.525,Pipeline Natural Gas,NA,Tangentially-fired,NA,Overfire Air,NA,NA,"ARP, OTC"
NY,Glenwood,2514,50,NA,2002,7173,7162.25,460624,NA,1.478,0.001,292798.65,0.0591,183.657,0.0788,4925371.525,Pipeline Natural Gas,NA,Tangentially-fired,NA,Overfire Air,NA,NA,"ARP, OTC"
NY,Glenwood,2514,50,NA,2003,5803,5789.25,317170,NA,1.071,0.001,212203.125,0.0591,136.834,0.0792,3570731.125,Pipeline Natural Gas,NA,Tangentially-fired,NA,Overfire Air,NA,NA,"ARP, NBP"
NY,Glenwood,2514,50,NA,2004,4604,4591.25,228148,NA,0.761,0.001,150755.2,0.0591,112.505,0.0882,2536804.8,Pipeline Natural Gas,NA,Tangentially-fired,NA,Overfire Air,NA,NA,"ARP, NBP"
NY,Glenwood,2514,50,NA,2005,1668,1659,88041.5,NA,0.289,0.001,57333.7,0.0591,38.328,0.079,964730.35,Pipeline Natural Gas,NA,Tangentially-fired,NA,Overfire Air,NA,NA,"ARP, NBP"
NY,Glenwood,2514,50,NA,2006,3071,3062,193238.75,NA,0.637,0.001,126092.075,0.0591,84.74,0.0831,2121794.825,Pipeline Natural Gas,NA,Tangentially-fired,NA,Overfire Air,NA,NA,"ARP, NBP"
NY,Glenwood,2514,50,NA,2007,2014,1996.25,110130.5,NA,0.358,0.001,70901.425,0.0591,42.975,0.0695,1193076.75,Pipeline Natural Gas,NA,Tangentially-fired,NA,Overfire Air,NA,NA,"ARP, NBP"
NY,Glenwood,2514,50,NA,2008,1271,1260,57781,NA,0.198,0.001,39266.55,0.0592,23.558,0.0654,660749,Pipeline Natural Gas,NA,Tangentially-fired,NA,Overfire Air,NA,NA,"ARP, CAIRNOX, CAIROS, NBP"
NY,Glenwood,2514,50,NA,2009,746,734,36855.75,NA,0.126,0.001,25038.65,0.0592,13.082,0.059,421322.85,Pipeline Natural Gas,NA,Tangentially-fired,NA,Overfire Air,NA,NA,"ARP, CAIRNOX, CAIROS, CAIRSO2, RGGI"
NY,Glenwood,2514,50,NA,2010,1220,1211,64064,NA,0.257,0.001,50997.3,0.0591,29.107,0.0674,858131.25,Pipeline Natural Gas,NA,Tangentially-fired,NA,Overfire Air,NA,NA,"ARP, CAIRNOX, CAIROS, CAIRSO2, RGGI"
NY,Glenwood,2514,50,NA,2011,2912,2889,160062.75,NA,0.557,0.001,110248.475,0.0591,59.444,0.063,1855127.925,Pipeline Natural Gas,NA,Tangentially-fired,NA,Overfire Air,NA,NA,"ARP, CAIRNOX, CAIROS, CAIRSO2, RGGI"
NY,Glenwood,2514,50,NA,2012,1587,1580,87964.5,NA,0.284,0.001,56187.4,0.0591,31.013,0.0652,945439.525,Pipeline Natural Gas,NA,Tangentially-fired,NA,Overfire Air,NA,NA,"ARP, CAIRNOX, CAIROS, CAIRSO2, RGGI"
NY,Glenwood,2514,U00020,NA,1999,296,296,11086,NA,NA,NA,NA,NA,59.958,0.8339,143788.2,Diesel Oil,NA,Combustion turbine,NA,NA,NA,NA,OTC
NY,Glenwood,2514,U00020,NA,2000,148,148,5908,NA,NA,NA,NA,NA,34.808,0.834,83473.2,Diesel Oil,NA,Combustion turbine,NA,NA,NA,NA,OTC
NY,Glenwood,2514,U00020,NA,2001,248,248,9661,NA,NA,NA,NA,NA,39.108,0.447,174992.1,Diesel Oil,NA,Combustion turbine,NA,NA,NA,NA,OTC
NY,Glenwood,2514,U00020,NA,2002,315,315,12304,NA,0,0,0,0,39.309,0.4477,175516.7,Diesel Oil,NA,Combustion turbine,NA,"Water Injection (Began May 01, 2002)",NA,NA,OTC
NY,Glenwood,2514,U00020,NA,2003,189,189,7274,NA,NA,NA,NA,NA,22.261,0.4505,98578.8,Diesel Oil,NA,Combustion turbine,NA,"Water Injection (Retired Apr 30, 2003)",NA,NA,NBP
NY,Glenwood,2514,U00020,NA,2004,143,143,4783,NA,NA,NA,NA,NA,13.548,0.447,60617.1,Diesel Oil,NA,Combustion turbine,NA,NA,NA,NA,NBP
NY,Glenwood,2514,U00020,NA,2005,256,256,8573,NA,NA,NA,NA,NA,32.009,0.5387,119718.1,Diesel Oil,NA,Combustion turbine,NA,NA,NA,NA,NBP
NY,Glenwood,2514,U00020,NA,2006,120,120,4218,NA,NA,NA,NA,NA,16.753,0.586,57179.6,Diesel Oil,NA,Combustion turbine,NA,NA,NA,NA,NBP
NY,Glenwood,2514,U00020,NA,2007,49,49,1213,NA,NA,NA,NA,NA,5.042,0.5859,17208.8,Diesel Oil,NA,Combustion turbine,NA,NA,NA,NA,NBP
NY,Glenwood,2514,U00020,NA,2008,40,40,1308,NA,NA,NA,NA,NA,5.289,0.5859,18050.1,Diesel Oil,NA,Combustion turbine,NA,NA,NA,NA,"CAIRNOX, CAIROS, NBP"
NY,Glenwood,2514,U00020,CP001,2009,19,19,506,NA,1.918,0.5001,620.9,0.0809,2.22,0.5791,7669.2,Diesel Oil,NA,Combustion turbine,NA,NA,NA,NA,"CAIRNOX, CAIROS, CAIRSO2, RGGI"
NY,Glenwood,2514,U00020,CP001,2010,38,38,1124,NA,4.115,0.5001,1332.9,0.0811,4.764,0.5791,16456.3,Diesel Oil,NA,Combustion turbine,NA,NA,NA,NA,"CAIRNOX, CAIROS, CAIRSO2, RGGI"
NY,Glenwood,2514,U00020,CP001,2011,30,30,951,NA,3.479,0.5001,1126.7,0.081,4.028,0.579,13914.3,Diesel Oil,NA,Combustion turbine,NA,NA,NA,NA,"CAIRNOX, CAIROS, CAIRSO2, RGGI"
NY,Glenwood,2514,U00020,CP001,2012,72,72,2883,NA,9.545,0.5,3092.4,0.081,11.053,0.579,38179,Diesel Oil,NA,Combustion turbine,NA,NA,NA,NA,"CAIRNOX, CAIROS, CAIRSO2, RGGI"
NY,Glenwood,2514,U00020,CP001,2013,27,27,825,NA,2.966,0.5,961,0.081,3.434,0.5791,11861.6,Diesel Oil,NA,Combustion turbine,NA,NA,NA,NA,"CAIRNOX, CAIROS, CAIRSO2, RGGI"
NY,Glenwood,2514,U00020,CP001,2014,59,59,2453,NA,8.216,0.5,2662.1,0.081,8.643,0.5259,32863.1,Diesel Oil,NA,Combustion turbine,NA,NA,NA,NA,"CAIRNOX, CAIROS, CAIRSO2, RGGI"
NY,Glenwood,2514,U00020,CP001,2015,53,53,1750,NA,6.042,0.5001,1957,0.081,6.356,0.526,24165,Diesel Oil,NA,Combustion turbine,NA,NA,NA,NA,"CSNOX, CSNOXOS, CSSO2G1, RGGI"
NY,Glenwood,2514,U00020,CP001,2016,60,60,2085,NA,6.373,0.417,2481.8,0.081,8.059,0.526,30643.6,Diesel Oil,NA,Combustion turbine,NA,NA,NA,NA,"CSNOX, CSNOXOS, CSSO2G1, RGGI"
NY,Glenwood,2514,U00020,CP001,2017,19,19,556,NA,0.007,0.0019,630.8,0.081,2.048,0.5259,7787.7,Diesel Oil,NA,Combustion turbine,NA,NA,NA,NA,"CSNOX, CSOSG2, CSSO2G1, RGGI"
NY,Glenwood,2514,U00020,CP001,2018,53,53,2374,NA,0.026,0.0019,2453.7,0.081,8.083,0.5365,30297,Diesel Oil,NA,Combustion turbine,NA,NA,NA,NA,"CSNOX, CSOSG2, CSSO2G1, RGGI"
NY,Glenwood,2514,U00020,CP001,2019,19,19,601,NA,0.005,0.0012,689.3,0.081,2.455,0.577,8509,Diesel Oil,NA,Combustion turbine,NA,NA,NA,NA,"CSNOX, CSOSG2, CSSO2G1, RGGI"
NY,Glenwood,2514,U00020,CP001,2020,30,30,1021,NA,0.006,0.001,1148.1,0.081,4.089,0.577,14174.7,Diesel Oil,NA,Combustion turbine,NA,NA,NA,NA,"CSNOX, CSOSG2, CSSO2G1, RGGI"
NY,Glenwood,2514,U00020,CP001,2021,100,100,3460,NA,0.019,0.001,3817.1,0.0811,13.592,0.5771,47115.6,Diesel Oil,NA,Combustion turbine,NA,NA,NA,NA,"CSNOX, CSOSG3, CSSO2G1, RGGI"
NY,Glenwood,2514,U00020,CP001,2022,64,64,2163,NA,0.012,0.001,2440.1,0.081,8.895,0.5901,30134,Diesel Oil,NA,Combustion turbine,NA,"Water Injection (Began Jul 01, 2022)",NA,NA,"CSNOX, CSOSG3, CSSO2G1, RGGI"
NY,Glenwood,2514,U00020,CP001,2023,23,23,495,NA,0.004,0.001,832.7,0.0812,2.897,0.5347,10280.6,Diesel Oil,NA,Combustion turbine,NA,Water Injection,NA,NA,"CSNOX, CSOSG3, CSSO2G1, RGGI"
NY,Glenwood,2514,U00020,CP001,2024,45,45,1305,NA,0.007,9e-4,1485.2,0.0811,5.157,0.5983,18332.7,Diesel Oil,NA,Combustion turbine,NA,Water Injection,NA,NA,"CSNOX, CSOSG2E, CSSO2G1, RGGI"
NY,Glenwood,2514,U00021,NA,1999,266,266,10222,NA,NA,NA,NA,NA,55.284,0.834,132582,Diesel Oil,NA,Combustion turbine,NA,NA,NA,NA,OTC
NY,Glenwood,2514,U00021,NA,2000,125,125,4494,NA,NA,NA,NA,NA,26.477,0.834,63495.2,Diesel Oil,NA,Combustion turbine,NA,NA,NA,NA,OTC
NY,Glenwood,2514,U00021,NA,2001,227,227,8422,NA,NA,NA,NA,NA,34.094,0.447,152548.5,Diesel Oil,NA,Combustion turbine,NA,NA,NA,NA,OTC
NY,Glenwood,2514,U00021,NA,2002,314,314,12729,NA,0,0,0,0,40.652,0.4475,181582.2,Diesel Oil,NA,Combustion turbine,NA,"Water Injection (Began May 01, 2002)",NA,NA,OTC
NY,Glenwood,2514,U00021,NA,2003,175,175,6945,NA,NA,NA,NA,NA,21.278,0.4508,94119.8,Diesel Oil,NA,Combustion turbine,NA,"Water Injection (Retired Apr 30, 2003)",NA,NA,NBP
NY,Glenwood,2514,U00021,NA,2004,99,99,3330,NA,NA,NA,NA,NA,9.957,0.447,44552.6,Diesel Oil,NA,Combustion turbine,NA,NA,NA,NA,NBP
NY,Glenwood,2514,U00021,NA,2005,402,402,15413,NA,NA,NA,NA,NA,58.228,0.5487,214512,Diesel Oil,NA,Combustion turbine,NA,NA,NA,NA,NBP
NY,Glenwood,2514,U00021,NA,2006,154,154,5554,NA,NA,NA,NA,NA,22.027,0.5859,75179.8,Diesel Oil,NA,Combustion turbine,NA,NA,NA,NA,NBP
NY,Glenwood,2514,U00021,NA,2007,58,58,2112,NA,NA,NA,NA,NA,8.966,0.586,30600.7,Diesel Oil,NA,Combustion turbine,NA,NA,NA,NA,NBP
NY,Glenwood,2514,U00021,NA,2008,26,26,937,NA,NA,NA,NA,NA,4.011,0.586,13689.4,Diesel Oil,NA,Combustion turbine,NA,NA,NA,NA,"CAIRNOX, CAIROS, NBP"
NY,Glenwood,2514,U00021,CP001,2009,23,23,930,NA,3.035,0.5001,982.9,0.081,3.549,0.5843,12137.7,Diesel Oil,NA,Combustion turbine,NA,NA,NA,NA,"CAIRNOX, CAIROS, CAIRSO2, RGGI"
NY,Glenwood,2514,U00021,CP001,2010,48,48,1378,NA,4.99,0.5001,1616.3,0.081,5.778,0.5791,19958.8,Diesel Oil,NA,Combustion turbine,NA,NA,NA,NA,"CAIRNOX, CAIROS, CAIRSO2, RGGI"
NY,Glenwood,2514,U00021,CP001,2011,31,31,838,NA,3.31,0.5,1072.4,0.081,3.833,0.579,13239.9,Diesel Oil,NA,Combustion turbine,NA,NA,NA,NA,"CAIRNOX, CAIROS, CAIRSO2, RGGI"
NY,Glenwood,2514,U00021,CP001,2012,43,43,1223,NA,4.064,0.5003,1316.8,0.0811,4.705,0.5793,16252.8,Diesel Oil,NA,Combustion turbine,NA,NA,NA,NA,"CAIRNOX, CAIROS, CAIRSO2, RGGI"
NY,Glenwood,2514,U00021,CP001,2013,63,63,2065,NA,7.093,0.5,2298.1,0.081,8.144,0.5757,28369.9,Diesel Oil,NA,Combustion turbine,NA,NA,NA,NA,"CAIRNOX, CAIROS, CAIRSO2, RGGI"
NY,Glenwood,2514,U00021,CP001,2014,80,80,3072,NA,10.208,0.5001,3307.1,0.0811,10.738,0.526,40829.2,Diesel Oil,NA,Combustion turbine,NA,NA,NA,NA,"CAIRNOX, CAIROS, CAIRSO2, RGGI"
NY,Glenwood,2514,U00021,CP001,2015,91,91,3053,NA,10.582,0.5002,3427.8,0.081,11.131,0.5261,42322.5,Diesel Oil,NA,Combustion turbine,NA,NA,NA,NA,"CSNOX, CSNOXOS, CSSO2G1, RGGI"
NY,Glenwood,2514,U00021,CP001,2016,43,43,1421,NA,5.057,0.4537,1665.7,0.081,5.409,0.526,20565.5,Diesel Oil,NA,Combustion turbine,NA,NA,NA,NA,"CSNOX, CSNOXOS, CSSO2G1, RGGI"
NY,Glenwood,2514,U00021,CP001,2017,22,22,731,NA,0.008,0.0019,812,0.081,2.636,0.526,10021.5,Diesel Oil,NA,Combustion turbine,NA,NA,NA,NA,"CSNOX, CSOSG2, CSSO2G1, RGGI"
NY,Glenwood,2514,U00021,CP001,2018,61,61,2752,NA,0.029,0.002,2847.5,0.081,9.38,0.536,35151.3,Diesel Oil,NA,Combustion turbine,NA,NA,NA,NA,"CSNOX, CSOSG2, CSSO2G1, RGGI"
NY,Glenwood,2514,U00021,CP001,2019,14,14,421,NA,0.003,0.0012,494,0.081,1.76,0.577,6100,Diesel Oil,NA,Combustion turbine,NA,NA,NA,NA,"CSNOX, CSOSG2, CSSO2G1, RGGI"
NY,Glenwood,2514,U00021,CP001,2020,23,23,744,NA,0.004,9e-4,834.3,0.081,2.972,0.577,10303,Diesel Oil,NA,Combustion turbine,NA,NA,NA,NA,"CSNOX, CSOSG2, CSSO2G1, RGGI"
NY,Glenwood,2514,U00021,CP001,2021,59,59,1728,NA,0.01,9e-4,1920.2,0.0811,6.836,0.5771,23694,Diesel Oil,NA,Combustion turbine,NA,NA,NA,NA,"CSNOX, CSOSG3, CSSO2G1, RGGI"
NY,Glenwood,2514,U00021,CP001,2022,34,34,1047,NA,0.006,9e-4,1165.6,0.0809,4.199,0.5836,14388.3,Diesel Oil,NA,Combustion turbine,NA,NA,NA,NA,"CSNOX, CSOSG3, CSSO2G1, RGGI"
NY,Glenwood,2514,U00021,CP001,2023,22,22,474,NA,0.005,0.0011,981.9,0.0811,3.588,0.592,12121.6,Diesel Oil,NA,Combustion turbine,NA,NA,NA,NA,"CSNOX, CSOSG3, CSSO2G1, RGGI"
NY,Glenwood,2514,U00021,CP001,2024,77,77,1883,NA,0.011,8e-4,2257,0.081,8.247,0.5919,27863.5,Diesel Oil,NA,Combustion turbine,NA,NA,NA,NA,"CSNOX, CSOSG2E, CSSO2G1, RGGI"
NY,Northport,2516,1,"MS1N, MS1S",1995,4024,4018,NA,NA,4114,NA,647218,NA,665,NA,7303890,Residual Oil,NA,Tangentially-fired,NA,Overfire Air,Electrostatic Precipitator,NA,ARP
NY,Northport,2516,1,"MS1N, MS1S",1996,6140,6133.75,NA,NA,6059.6,NA,897020,NA,962,NA,11054751,Residual Oil,NA,Tangentially-fired,NA,Overfire Air,Electrostatic Precipitator,NA,ARP
NY,Northport,2516,1,"MS1N, MS1S",1997,4380,4361.75,851675.25,NA,4866.612,1.0985,719116.02,0.081,0,0,8862375.45,Residual Oil,NA,Tangentially-fired,NA,Overfire Air,Electrostatic Precipitator,NA,ARP
NY,Northport,2516,1,"MS1N, MS1S",1998,4764,4734,1134435.75,NA,2759.005,0.4478,826968.111,0.0681,0,0,12065492.45,Residual Oil,Pipeline Natural Gas,Tangentially-fired,NA,Overfire Air,Electrostatic Precipitator,NA,ARP
NY,Northport,2516,1,"MS1N, MS1S",1999,8064,8047.5,2044601,NA,5227.738,0.4998,2102170.422,0.0961,1496.654,0.1344,21821549.35,Residual Oil,Pipeline Natural Gas,Tangentially-fired,NA,Overfire Air,Electrostatic Precipitator,NA,"ARP, OTC"
NY,Northport,2516,1,NA,2000,7955,7932,1950486.5,NA,7396.294,0.72,1907078.903,0.0946,2173.011,0.2073,20246501.75,Residual Oil,Pipeline Natural Gas,Tangentially-fired,NA,Overfire Air,Electrostatic Precipitator,NA,"ARP, OTC"
NY,Northport,2516,1,NA,2001,5798,5786.75,1620303.5,NA,5988.394,0.6975,1306917.206,0.0775,1802.599,0.2067,16782224.825,Residual Oil,Pipeline Natural Gas,Tangentially-fired,NA,Overfire Air,Electrostatic Precipitator,NA,"ARP, OTC"
NY,Northport,2516,1,NA,2002,7926,7913.75,2142445.25,NA,6853.032,0.6791,1513286.082,0.0757,1912.365,0.1869,19970985.05,Residual Oil,Pipeline Natural Gas,Tangentially-fired,NA,Overfire Air,Electrostatic Precipitator,NA,"ARP, OTC"
NY,Northport,2516,1,NA,2003,7895,7882.25,2093218.5,NA,8892.529,0.9142,1491646.075,0.078,2031.355,0.2045,19032513.175,Residual Oil,Pipeline Natural Gas,Tangentially-fired,NA,Overfire Air,Electrostatic Precipitator,NA,"ARP, NBP"
NY,Northport,2516,1,NA,2004,7942,7926.75,1992289,NA,7767.582,0.9013,1270857.125,0.0777,1657.855,0.1964,16101888.35,Residual Oil,Pipeline Natural Gas,Tangentially-fired,NA,Overfire Air,Electrostatic Precipitator,NA,"ARP, NBP"
NY,Northport,2516,1,NA,2005,5598,5583.5,1416247,NA,2807.637,0.537,784239.3,0.0761,1007.052,0.1896,10275688.1,Residual Oil,Pipeline Natural Gas,Tangentially-fired,NA,Overfire Air,Electrostatic Precipitator,NA,"ARP, NBP"
NY,Northport,2516,1,NA,2006,6489,6470.25,1461932.25,NA,1500.524,0.206,943332.225,0.0659,1044.154,0.1397,14236435.275,Residual Oil,Pipeline Natural Gas,Tangentially-fired,NA,Overfire Air,Electrostatic Precipitator,NA,"ARP, NBP"
NY,Northport,2516,1,NA,2007,7932,7914.5,2022924.5,NA,2726.502,0.2541,1372335.075,0.0676,1631.524,0.1533,20057522.9,Residual Oil,Pipeline Natural Gas,Tangentially-fired,NA,Overfire Air,Electrostatic Precipitator,NA,"ARP, NBP"
NY,Northport,2516,1,NA,2008,4925,4909.25,1126810,NA,500.23,0.0827,707892.225,0.0616,729.323,0.1215,11401613.775,Residual Oil,Pipeline Natural Gas,Tangentially-fired,NA,Overfire Air,Electrostatic Precipitator,NA,"ARP, CAIRNOX, CAIROS, NBP"
NY,Northport,2516,1,NA,2009,4509,4493,795100.25,NA,289.246,0.0736,533042.525,0.0612,475.828,0.1054,8687515.875,Residual Oil,Pipeline Natural Gas,Tangentially-fired,NA,Overfire Air,Electrostatic Precipitator,NA,"ARP, CAIRNOX, CAIROS, CAIRSO2, RGGI"
NY,Northport,2516,1,NA,2010,6423,6408,1226049,NA,611.8,0.0906,898257.7,0.0618,825.144,0.1131,14494393.025,Residual Oil,Pipeline Natural Gas,Tangentially-fired,NA,Overfire Air,Electrostatic Precipitator,NA,"ARP, CAIRNOX, CAIROS, CAIRSO2, RGGI"
NY,Northport,2516,1,NA,2011,2442,2425.25,339319.75,NA,202.44,0.1056,257967.35,0.0623,243.465,0.1127,4137316.85,Residual Oil,Pipeline Natural Gas,Tangentially-fired,NA,Overfire Air,Electrostatic Precipitator,NA,"ARP, CAIRNOX, CAIROS, CAIRSO2, RGGI"
NY,Northport,2516,1,NA,2012,4676,4649.25,881318.75,NA,142.339,0.0408,538091.25,0.0603,287.552,0.0621,8911602.05,Residual Oil,Pipeline Natural Gas,Tangentially-fired,NA,"Overfire Air|Low NOx Burner Technology w/ Separated OFA (Began Mar 10, 2012)",Electrostatic Precipitator,NA,"ARP, CAIRNOX, CAIROS, CAIRSO2, RGGI"
NY,Northport,2516,1,NA,2013,2070,2056.5,342144.25,NA,125.02,0.0918,215273.875,0.0618,126.803,0.0646,3501036.025,Residual Oil,Pipeline Natural Gas,Tangentially-fired,NA,Overfire Air|Low NOx Burner Technology w/ Separated OFA,Electrostatic Precipitator,NA,"ARP, CAIRNOX, CAIROS, CAIRSO2, RGGI"
NY,Northport,2516,1,NA,2014,2280,2261.75,374057.75,NA,403.101,0.164,244348.675,0.0641,157.608,0.0697,3702692.925,Residual Oil,Pipeline Natural Gas,Tangentially-fired,NA,Overfire Air|Low NOx Burner Technology w/ Separated OFA,Electrostatic Precipitator,NA,"ARP, CAIRNOX, CAIROS, CAIRSO2, RGGI"
NY,Northport,2516,1,NA,2015,3311,3295,723823,NA,367.7,0.0893,456324,0.062,256.874,0.0633,7268630.2,Residual Oil,Pipeline Natural Gas,Tangentially-fired,NA,Overfire Air|Low NOx Burner Technology w/ Separated OFA,Electrostatic Precipitator,NA,"ARP, CSNOX, CSNOXOS, CSSO2G1, MATS, RGGI"
NY,Northport,2516,1,NA,2016,2124,2116.25,453111.5,NA,79.58,0.0353,276739.25,0.0606,142.945,0.057,4545712.675,Residual Oil,Pipeline Natural Gas,Tangentially-fired,NA,Overfire Air|Low NOx Burner Technology w/ Separated OFA,Electrostatic Precipitator,NA,"ARP, CSNOX, CSNOXOS, CSSO2G1, MATS, RGGI"
NY,Northport,2516,1,NA,2017,1981,1965.25,372861.75,NA,43.063,0.0198,228810.675,0.0599,116.43,0.052,3790098.225,Pipeline Natural Gas,Residual Oil,Tangentially-fired,NA,Overfire Air|Low NOx Burner Technology w/ Separated OFA,Electrostatic Precipitator,NA,"ARP, CSNOX, CSOSG2, CSSO2G1, MATS, RGGI"
NY,Northport,2516,1,NA,2018,1947,1931,371788.25,NA,160.266,0.0584,237006.8,0.0614,132.267,0.0561,3770760.25,Pipeline Natural Gas,Residual Oil,Tangentially-fired,NA,Overfire Air|Low NOx Burner Technology w/ Separated OFA,Electrostatic Precipitator,NA,"ARP, CSNOX, CSOSG2, CSSO2G1, MATS, RGGI"
NY,Northport,2516,1,NA,2019,1853,1836.25,364416.75,NA,74.012,0.0412,226765.7,0.0607,119.89,0.0565,3716312.05,Pipeline Natural Gas,Residual Oil,Tangentially-fired,NA,Overfire Air|Low NOx Burner Technology w/ Separated OFA,Electrostatic Precipitator,NA,"ARP, CSNOX, CSOSG2, CSSO2G1, MATS, RGGI"
NY,Northport,2516,1,NA,2020,3156,3149.5,728459.5,NA,30.87,0.008,442068.55,0.0593,211.418,0.0505,7397292.2,Pipeline Natural Gas,Residual Oil,Tangentially-fired,NA,Overfire Air|Low NOx Burner Technology w/ Separated OFA,Electrostatic Precipitator,NA,"ARP, CSNOX, CSOSG2, CSSO2G1, MATS, RGGI"
NY,Northport,2516,1,NA,2021,4237,4215.77,929082.15,NA,370.291,0.096,598006.038,0.0632,355.338,0.0719,9532462.487,Pipeline Natural Gas,Residual Oil,Tangentially-fired,NA,Overfire Air|Low NOx Burner Technology w/ Separated OFA,Electrostatic Precipitator,NA,"ARP, CSNOX, CSOSG3, CSSO2G1, MATS, RGGI"
NY,Northport,2516,1,NA,2022,3477,3443.65,761200.8,NA,108.488,0.0209,468636.853,0.0599,222.089,0.05,7736631.624,Pipeline Natural Gas,Residual Oil,Tangentially-fired,NA,Overfire Air|Low NOx Burner Technology w/ Separated OFA,Electrostatic Precipitator,NA,"ARP, CSNOX, CSOSG3, CSSO2G1, MATS, RGGI"
NY,Northport,2516,1,NA,2023,3644,3621.88,775894.52,NA,10.928,0.0028,470849.54,0.0591,216.261,0.0482,7910784.909,Pipeline Natural Gas,Residual Oil,Tangentially-fired,NA,Overfire Air|Low NOx Burner Technology w/ Separated OFA,Electrostatic Precipitator,NA,"ARP, CSNOX, CSOSG3, CSSO2G1, MATS, RGGI"
NY,Northport,2516,1,NA,2024,4299,4283.92,941763.86,NA,9.27,0.0025,568098.433,0.0591,249.329,0.0454,9550254.83,Pipeline Natural Gas,Residual Oil,Tangentially-fired,NA,Overfire Air|Low NOx Burner Technology w/ Separated OFA,Electrostatic Precipitator,NA,"ARP, CSNOX, CSOSG2E, CSSO2G1, MATS, RGGI"
NY,Northport,2516,2,"MS2N, MS2S",1995,6407,6395,NA,NA,2228,NA,1167054,NA,1093,NA,17624404,Residual Oil,Pipeline Natural Gas,Tangentially-fired,NA,Overfire Air,Electrostatic Precipitator,NA,ARP
NY,Northport,2516,2,"MS2N, MS2S",1996,7714,7698.75,NA,NA,3483.6,NA,1217766,NA,1138,NA,17346236,Residual Oil,Pipeline Natural Gas,Tangentially-fired,NA,Overfire Air,Electrostatic Precipitator,NA,ARP
NY,Northport,2516,2,"MS2N, MS2S",1997,8225,8222.5,2029392.75,NA,2648.614,0.2598,1378972.925,0.0662,0,0,20781446.275,Residual Oil,Pipeline Natural Gas,Tangentially-fired,NA,Overfire Air,Electrostatic Precipitator,NA,ARP
NY,Northport,2516,2,"MS2N, MS2S",1998,7235,7220.75,1717087,NA,4852.826,0.5689,1284463.5,0.0745,0,0,17255792.6,Residual Oil,Pipeline Natural Gas,Tangentially-fired,NA,Overfire Air,Electrostatic Precipitator,NA,ARP
NY,Northport,2516,2,"MS2N, MS2S",1999,7792,7773.5,2063707.25,NA,5003.089,0.4545,2114719.969,0.0985,1274.288,0.1153,21528868.175,Residual Oil,Pipeline Natural Gas,Tangentially-fired,NA,Overfire Air,Electrostatic Precipitator,NA,"ARP, OTC"
NY,Northport,2516,2,NA,2000,4797,4775.25,1158556.75,NA,4521.99,0.7687,1073939.615,0.0935,1136.796,0.1881,11536017.875,Residual Oil,Pipeline Natural Gas,Tangentially-fired,NA,Overfire Air,Electrostatic Precipitator,NA,"ARP, OTC"
NY,Northport,2516,2,NA,2001,7591,7583.25,2021346.75,NA,5054.03,0.4817,1451326.455,0.071,1665.828,0.1586,20232057.35,Residual Oil,Pipeline Natural Gas,Tangentially-fired,NA,Overfire Air,Electrostatic Precipitator,NA,"ARP, OTC"
NY,Northport,2516,2,NA,2002,7137,7125.75,1952375,NA,6647.183,0.671,1488323.559,0.0754,1712.031,0.1688,19729624.175,Residual Oil,Pipeline Natural Gas,Tangentially-fired,NA,Overfire Air,Electrostatic Precipitator,NA,"ARP, OTC"
NY,Northport,2516,2,NA,2003,7494,7482.25,2170837.5,NA,9485.818,0.8821,1653099.775,0.0774,2081.742,0.1911,21344676.65,Residual Oil,Pipeline Natural Gas,Tangentially-fired,NA,Overfire Air,Electrostatic Precipitator,NA,"ARP, NBP"
NY,Northport,2516,2,NA,2004,6474,6463,1820675.25,NA,8221.201,0.9216,1389095.35,0.0781,1571.321,0.1735,17783259.35,Residual Oil,Pipeline Natural Gas,Tangentially-fired,NA,Overfire Air,Electrostatic Precipitator,NA,"ARP, NBP"
NY,Northport,2516,2,NA,2005,8014,8001.75,2237605.25,NA,7039.262,0.6217,1773102.075,0.0786,2089.692,0.1801,22571057.275,Residual Oil,Pipeline Natural Gas,Tangentially-fired,NA,Overfire Air,Electrostatic Precipitator,NA,"ARP, NBP"
NY,Northport,2516,2,NA,2006,7773,7755.5,1877782.75,NA,2204.316,0.2392,1261562.725,0.0667,1276.384,0.1291,18897826.8,Residual Oil,Pipeline Natural Gas,Tangentially-fired,NA,Overfire Air,Electrostatic Precipitator,NA,"ARP, NBP"
NY,Northport,2516,2,NA,2007,5290,5280.25,1175163,NA,2566.445,0.4245,862746.55,0.0734,948.805,0.1506,11661691.975,Residual Oil,Pipeline Natural Gas,Tangentially-fired,NA,Overfire Air,Electrostatic Precipitator,NA,"ARP, NBP"
NY,Northport,2516,2,NA,2008,6572,6543,1241541.75,NA,1939.853,0.294,832148.225,0.068,844.556,0.1291,12048552.65,Residual Oil,Pipeline Natural Gas,Tangentially-fired,NA,Overfire Air,Electrostatic Precipitator,NA,"ARP, CAIRNOX, CAIROS, NBP"
NY,Northport,2516,2,NA,2009,4355,4336.25,783992,NA,893.076,0.2006,534935.875,0.0651,458.604,0.1035,8111146.575,Residual Oil,Pipeline Natural Gas,Tangentially-fired,NA,Overfire Air,Electrostatic Precipitator,NA,"ARP, CAIRNOX, CAIROS, CAIRSO2, RGGI"
NY,Northport,2516,2,NA,2010,5270,5261,919082,NA,576.474,0.1118,679078.4,0.0626,533.221,0.0964,10825688.175,Residual Oil,Pipeline Natural Gas,Tangentially-fired,NA,Overfire Air,Electrostatic Precipitator,NA,"ARP, CAIRNOX, CAIROS, CAIRSO2, RGGI"
NY,Northport,2516,2,NA,2011,4963,4942.75,763591.5,NA,461.338,0.1356,497002.25,0.0632,381.86,0.0917,7895118.875,Residual Oil,Pipeline Natural Gas,Tangentially-fired,NA,Overfire Air,Electrostatic Precipitator,NA,"ARP, CAIRNOX, CAIROS, CAIRSO2, RGGI"
NY,Northport,2516,2,NA,2012,3328,3316.75,496068.25,NA,141.584,0.0603,317417.425,0.0608,220.456,0.0802,5199296.925,Residual Oil,Pipeline Natural Gas,Tangentially-fired,NA,Overfire Air,Electrostatic Precipitator,NA,"ARP, CAIRNOX, CAIROS, CAIRSO2, RGGI"
NY,Northport,2516,2,NA,2013,3852,3824,708725.5,NA,179.923,0.0654,436543.5,0.061,250.091,0.066,7173273.575,Residual Oil,Pipeline Natural Gas,Tangentially-fired,NA,"Overfire Air|Low NOx Burner Technology w/ Separated OFA (Began Feb 01, 2013)",Electrostatic Precipitator,NA,"ARP, CAIRNOX, CAIROS, CAIRSO2, RGGI"
NY,Northport,2516,2,NA,2014,3227,3212.25,655690.5,NA,216.986,0.0484,411375.825,0.0605,233.969,0.061,6707573.375,Residual Oil,Pipeline Natural Gas,Tangentially-fired,NA,Overfire Air|Low NOx Burner Technology w/ Separated OFA,Electrostatic Precipitator,NA,"ARP, CAIRNOX, CAIROS, CAIRSO2, RGGI"
NY,Northport,2516,2,NA,2015,2727,2705.25,614175.75,NA,508.7,0.1533,389999.175,0.0642,245.414,0.0745,5989262.95,Residual Oil,Pipeline Natural Gas,Tangentially-fired,NA,Overfire Air|Low NOx Burner Technology w/ Separated OFA,Electrostatic Precipitator,NA,"ARP, CSNOX, CSNOXOS, CSSO2G1, MATS, RGGI"
NY,Northport,2516,2,NA,2016,3452,3433.5,741264.75,NA,35.68,0.0103,444600.075,0.0594,219.913,0.0529,7434719.3,Pipeline Natural Gas,Residual Oil,Tangentially-fired,NA,Overfire Air|Low NOx Burner Technology w/ Separated OFA,Electrostatic Precipitator,NA,"ARP, CSNOX, CSNOXOS, CSSO2G1, MATS, RGGI"
NY,Northport,2516,2,NA,2017,695,692.5,150173,NA,4.628,0.0097,91010.05,0.0594,52.579,0.0601,1525762.575,Pipeline Natural Gas,Residual Oil,Tangentially-fired,NA,Overfire Air|Low NOx Burner Technology w/ Separated OFA,Electrostatic Precipitator,NA,"ARP, CSNOX, CSOSG2, CSSO2G1, MATS, RGGI"
NY,Northport,2516,2,NA,2018,3337,3320.75,714408.5,NA,2.848,0.0014,444499.15,0.059,201.009,0.0458,7478717.8,Pipeline Natural Gas,Residual Oil,Tangentially-fired,NA,Overfire Air|Low NOx Burner Technology w/ Separated OFA,Electrostatic Precipitator,NA,"ARP, CSNOX, CSOSG2, CSSO2G1, MATS, RGGI"
NY,Northport,2516,2,NA,2019,2688,2678,565367.75,NA,64.512,0.0228,364137.6,0.0599,185.35,0.0546,6041787.55,Pipeline Natural Gas,Residual Oil,Tangentially-fired,NA,Overfire Air|Low NOx Burner Technology w/ Separated OFA,Electrostatic Precipitator,NA,"ARP, CSNOX, CSOSG2, CSSO2G1, MATS, RGGI"
NY,Northport,2516,2,NA,2020,1373,1367.75,298260.5,NA,0.957,0.001,188737.225,0.059,87.609,0.0483,3175874.95,Pipeline Natural Gas,Residual Oil,Tangentially-fired,NA,Overfire Air|Low NOx Burner Technology w/ Separated OFA,Electrostatic Precipitator,NA,"ARP, CSNOX, CSOSG2, CSSO2G1, MATS, RGGI"
NY,Northport,2516,2,NA,2021,3917,3899.42,939160.5,NA,128.235,0.0357,589933.001,0.0606,340.524,0.0668,9745906.233,Pipeline Natural Gas,Residual Oil,Tangentially-fired,NA,Overfire Air|Low NOx Burner Technology w/ Separated OFA,Electrostatic Precipitator,NA,"ARP, CSNOX, CSOSG3, CSSO2G1, MATS, RGGI"
NY,Northport,2516,2,NA,2022,2679,2665.43,605491.08,NA,359.258,0.0945,405372.123,0.063,243.06,0.0669,6319121.813,Pipeline Natural Gas,Residual Oil,Tangentially-fired,NA,Overfire Air|Low NOx Burner Technology w/ Separated OFA,Electrostatic Precipitator,NA,"ARP, CSNOX, CSOSG3, CSSO2G1, MATS, RGGI"
NY,Northport,2516,2,NA,2023,3213,3195.63,695815.86,NA,48.566,0.0111,415988.864,0.0595,200.233,0.0495,6933822.293,Pipeline Natural Gas,Residual Oil,Tangentially-fired,NA,Overfire Air|Low NOx Burner Technology w/ Separated OFA,Electrostatic Precipitator,NA,"ARP, CSNOX, CSOSG3, CSSO2G1, MATS, RGGI"
NY,Northport,2516,2,NA,2024,4896,4878.88,1065688.56,NA,49.224,0.0114,634456.534,0.0595,290.971,0.0485,10610741.782,Pipeline Natural Gas,Residual Oil,Tangentially-fired,NA,Overfire Air|Low NOx Burner Technology w/ Separated OFA,Electrostatic Precipitator,NA,"ARP, CSNOX, CSOSG2E, CSSO2G1, MATS, RGGI"
NY,Northport,2516,3,"MS3N, MS3S",1995,3908,3895.75,NA,NA,4047,NA,680875,NA,689,NA,7703107,Residual Oil,NA,Tangentially-fired,NA,Overfire Air,Electrostatic Precipitator,NA,ARP
NY,Northport,2516,3,"MS3N, MS3S",1996,4300,4287,NA,NA,4649.4,NA,691716,NA,842,NA,8524632,Residual Oil,NA,Tangentially-fired,NA,Overfire Air,Electrostatic Precipitator,NA,ARP
NY,Northport,2516,3,"MS3N, MS3S",1997,3698,3687.5,768930.5,NA,4277.707,1.1033,629166.295,0.081,0,0,7753803.25,Residual Oil,NA,Tangentially-fired,NA,Overfire Air,Electrostatic Precipitator,NA,ARP
NY,Northport,2516,3,"MS3N, MS3S",1998,7890,7877,1925781.5,NA,10492.833,1.0838,1570628.994,0.081,0,0,19356322.075,Residual Oil,NA,Tangentially-fired,NA,Overfire Air,Electrostatic Precipitator,NA,ARP
NY,Northport,2516,3,"MS3N, MS3S",1999,5317,5297.25,1249922.5,NA,7000.59,1.0773,1137457.7,0.0878,1468.733,0.2207,12999242.3,Residual Oil,NA,Tangentially-fired,NA,Overfire Air,Electrostatic Precipitator,NA,"ARP, OTC"
NY,Northport,2516,3,NA,2000,6887,6856.75,1785746.5,NA,9660.949,1.066,1583380.197,0.087,2153.265,0.2266,18132985.875,Residual Oil,NA,Tangentially-fired,NA,Overfire Air,Electrostatic Precipitator,NA,"ARP, OTC"
NY,Northport,2516,3,NA,2001,6895,6879,1797677,NA,9568.023,1.067,1578023.495,0.088,2063.601,0.219,17940038.025,Residual Oil,NA,Tangentially-fired,NA,Overfire Air,Electrostatic Precipitator,NA,"ARP, OTC"
NY,Northport,2516,3,NA,2002,5729,5721.25,1361835.5,NA,7406.868,1.0436,1208153.87,0.0849,1510.833,0.2052,14196800.725,Residual Oil,NA,Tangentially-fired,NA,Overfire Air,Electrostatic Precipitator,NA,"ARP, OTC"
NY,Northport,2516,3,NA,2003,7071,7056.25,1898506.5,NA,9144.846,0.9827,1452705.15,0.0795,1761.386,0.1861,18205644.55,Residual Oil,Pipeline Natural Gas,Tangentially-fired,NA,Overfire Air,Electrostatic Precipitator,NA,"ARP, NBP"
NY,Northport,2516,3,NA,2004,5602,5593.75,1479387.75,NA,6333.175,0.8329,1047287.55,0.0762,1352.403,0.1917,13315648.1,Residual Oil,Pipeline Natural Gas,Tangentially-fired,NA,Overfire Air,Electrostatic Precipitator,NA,"ARP, NBP"
NY,Northport,2516,3,NA,2005,6824,6807.25,1953989.75,NA,5829.521,0.6269,1447973.95,0.0786,1857.75,0.1948,18367371.925,Residual Oil,Pipeline Natural Gas,Tangentially-fired,NA,Overfire Air,Electrostatic Precipitator,NA,"ARP, NBP"
NY,Northport,2516,3,NA,2006,7279,7264.25,1586578,NA,3986.823,0.4869,1279741.8,0.0749,1473.773,0.1633,17283473.9,Residual Oil,Pipeline Natural Gas,Tangentially-fired,NA,Overfire Air,Electrostatic Precipitator,NA,"ARP, NBP"
NY,Northport,2516,3,NA,2007,5858,5841.25,1143610.5,NA,2957.139,0.5152,830828.35,0.0763,940.856,0.1577,10714457.075,Residual Oil,Pipeline Natural Gas,Tangentially-fired,NA,Overfire Air,Electrostatic Precipitator,NA,"ARP, NBP"
NY,Northport,2516,3,NA,2008,5589,5572.25,1061781.25,NA,1828.1,0.3454,737340.375,0.0697,800.527,0.1413,10550479.025,Residual Oil,Pipeline Natural Gas,Tangentially-fired,NA,Overfire Air,Electrostatic Precipitator,NA,"ARP, CAIRNOX, CAIROS, NBP"
NY,Northport,2516,3,NA,2009,3344,3331.25,689555.5,NA,806.07,0.1968,475489.55,0.065,488.981,0.1258,7195012.275,Residual Oil,Pipeline Natural Gas,Tangentially-fired,NA,Overfire Air,Electrostatic Precipitator,NA,"ARP, CAIRNOX, CAIROS, CAIRSO2, RGGI"
NY,Northport,2516,3,NA,2010,6087,6053.5,1311167.25,NA,184.491,0.0243,897233.125,0.0598,519.179,0.0695,14903673.2,Residual Oil,Pipeline Natural Gas,Tangentially-fired,NA,"Overfire Air|Low NOx Burner Technology w/ Separated OFA (Began Feb 01, 2010)",Electrostatic Precipitator,NA,"ARP, CAIRNOX, CAIROS, CAIRSO2, RGGI"
NY,Northport,2516,3,NA,2011,5845,5829.25,1146953.5,NA,270.397,0.0569,708383.55,0.0608,391.894,0.0705,11644295.85,Residual Oil,Pipeline Natural Gas,Tangentially-fired,NA,Overfire Air|Low NOx Burner Technology w/ Separated OFA,Electrostatic Precipitator,NA,"ARP, CAIRNOX, CAIROS, CAIRSO2, RGGI"
NY,Northport,2516,3,NA,2012,6041,6021.5,1015000,NA,269.488,0.0534,628286.45,0.0606,353.716,0.0696,10301791.425,Residual Oil,Pipeline Natural Gas,Tangentially-fired,NA,Overfire Air|Low NOx Burner Technology w/ Separated OFA,Electrostatic Precipitator,NA,"ARP, CAIRNOX, CAIROS, CAIRSO2, RGGI"
NY,Northport,2516,3,NA,2013,3608,3587,669067.25,NA,309.982,0.0972,416031.575,0.0619,253.475,0.0743,6699273.3,Residual Oil,Pipeline Natural Gas,Tangentially-fired,NA,Overfire Air|Low NOx Burner Technology w/ Separated OFA,Electrostatic Precipitator,NA,"ARP, CAIRNOX, CAIROS, CAIRSO2, RGGI"
NY,Northport,2516,3,NA,2014,3974,3948.75,726550,NA,522.07,0.121,466044.05,0.0627,298.62,0.0752,7321030.35,Residual Oil,Pipeline Natural Gas,Tangentially-fired,NA,Overfire Air|Low NOx Burner Technology w/ Separated OFA,Electrostatic Precipitator,NA,"ARP, CAIRNOX, CAIROS, CAIRSO2, RGGI"
NY,Northport,2516,3,NA,2015,4352,4333.5,1013220.25,NA,686.553,0.1197,636158.025,0.0632,396.48,0.0743,9910614.35,Residual Oil,Pipeline Natural Gas,Tangentially-fired,NA,Overfire Air|Low NOx Burner Technology w/ Separated OFA,Electrostatic Precipitator,NA,"ARP, CSNOX, CSNOXOS, CSSO2G1, MATS, RGGI"
NY,Northport,2516,3,NA,2016,2858,2845.75,576960.75,NA,98.758,0.0373,350320.175,0.0606,174.278,0.0591,5755014.55,Residual Oil,Pipeline Natural Gas,Tangentially-fired,NA,Overfire Air|Low NOx Burner Technology w/ Separated OFA,Electrostatic Precipitator,NA,"ARP, CSNOX, CSNOXOS, CSSO2G1, MATS, RGGI"
NY,Northport,2516,3,NA,2017,1588,1578.5,324654.75,NA,105.716,0.0426,202606.525,0.0609,115.592,0.0629,3259019.475,Residual Oil,Pipeline Natural Gas,Tangentially-fired,NA,Overfire Air|Low NOx Burner Technology w/ Separated OFA,Electrostatic Precipitator,NA,"ARP, CSNOX, CSOSG2, CSSO2G1, MATS, RGGI"
NY,Northport,2516,3,NA,2018,4491,4478.5,989506.75,NA,287.465,0.0434,612028.375,0.0608,337.923,0.0631,9910043.45,Residual Oil,Pipeline Natural Gas,Tangentially-fired,NA,Overfire Air|Low NOx Burner Technology w/ Separated OFA,Electrostatic Precipitator,NA,"ARP, CSNOX, CSOSG2, CSSO2G1, MATS, RGGI"
NY,Northport,2516,3,NA,2019,2680,2675,579122.5,NA,85.826,0.0288,355495.2,0.0602,188.415,0.0616,5867220.9,Residual Oil,Pipeline Natural Gas,Tangentially-fired,NA,Overfire Air|Low NOx Burner Technology w/ Separated OFA,Electrostatic Precipitator,NA,"ARP, CSNOX, CSOSG2, CSSO2G1, MATS, RGGI"
NY,Northport,2516,3,NA,2020,3501,3490.28,842169.46,NA,19.023,0.0044,501943.456,0.0592,246.886,0.0546,8423434.297,Pipeline Natural Gas,Residual Oil,Tangentially-fired,NA,Overfire Air|Low NOx Burner Technology w/ Separated OFA,Electrostatic Precipitator,NA,"ARP, CSNOX, CSOSG2, CSSO2G1, MATS, RGGI"
NY,Northport,2516,3,NA,2021,3976,3958.68,860732.44,NA,382.294,0.1124,549207.965,0.0639,309.001,0.0716,8693610.935,Pipeline Natural Gas,Residual Oil,Tangentially-fired,NA,Overfire Air|Low NOx Burner Technology w/ Separated OFA,Electrostatic Precipitator,NA,"ARP, CSNOX, CSOSG3, CSSO2G1, MATS, RGGI"
NY,Northport,2516,3,NA,2022,4966,4947.63,1179757.94,NA,273.185,0.0406,723578.613,0.0607,364.403,0.0558,11796822.098,Pipeline Natural Gas,Residual Oil,Tangentially-fired,NA,Overfire Air|Low NOx Burner Technology w/ Separated OFA,Electrostatic Precipitator,NA,"ARP, CSNOX, CSOSG3, CSSO2G1, MATS, RGGI"
NY,Northport,2516,3,NA,2023,3720,3701.78,772868.84,NA,32.108,0.0071,471049.122,0.0593,209.317,0.0476,7884158.264,Pipeline Natural Gas,Residual Oil,Tangentially-fired,NA,Overfire Air|Low NOx Burner Technology w/ Separated OFA,Electrostatic Precipitator,NA,"ARP, CSNOX, CSOSG3, CSSO2G1, MATS, RGGI"
NY,Northport,2516,3,NA,2024,2635,2620.85,591073.13,NA,107.296,0.0304,368518.997,0.0603,180.268,0.0523,6051757.428,Pipeline Natural Gas,Residual Oil,Tangentially-fired,NA,Overfire Air|Low NOx Burner Technology w/ Separated OFA,Electrostatic Precipitator,NA,"ARP, CSNOX, CSOSG2E, CSSO2G1, MATS, RGGI"
NY,Northport,2516,4,"MS4N, MS4S",1995,8521,8509.75,NA,NA,538,NA,1451405,NA,1259,NA,23759787,Residual Oil,Pipeline Natural Gas,Tangentially-fired,NA,Overfire Air,Electrostatic Precipitator,NA,ARP
NY,Northport,2516,4,"MS4N, MS4S",1996,7605,7599.5,NA,NA,1384.2,NA,1101831,NA,946,NA,16800047,Residual Oil,Pipeline Natural Gas,Tangentially-fired,NA,Overfire Air,Electrostatic Precipitator,NA,ARP
NY,Northport,2516,4,"MS4N, MS4S",1997,7977,7968,1917441.75,NA,817.435,0.0895,1268429.775,0.0625,0,0,20283681.9,Residual Oil,Pipeline Natural Gas,Tangentially-fired,NA,Overfire Air,Electrostatic Precipitator,NA,ARP
NY,Northport,2516,4,"MS4N, MS4S",1998,5895,5891.25,1245708.5,NA,1129.493,0.1899,852950.025,0.0663,0,0,12918579.125,Residual Oil,Pipeline Natural Gas,Tangentially-fired,NA,Overfire Air,Electrostatic Precipitator,NA,ARP
NY,Northport,2516,4,"MS4N, MS4S",1999,8017,7998.25,1932886.25,NA,1312.444,0.1471,1967673.519,0.0995,1090.644,0.0988,19613319.025,Residual Oil,Pipeline Natural Gas,Tangentially-fired,NA,Overfire Air,Electrostatic Precipitator,NA,"ARP, OTC"
NY,Northport,2516,4,NA,2000,8337,8321.25,1950307.25,NA,4069.963,0.3932,1904563.622,0.0966,1728.009,0.161,19870883.2,Residual Oil,Pipeline Natural Gas,Tangentially-fired,NA,Overfire Air,Electrostatic Precipitator,NA,"ARP, OTC"
NY,Northport,2516,4,NA,2001,8314,8307.25,2268983.75,NA,4877.702,0.4368,1693047.992,0.0748,2090.083,0.1757,22690676.975,Residual Oil,Pipeline Natural Gas,Tangentially-fired,NA,Overfire Air,Electrostatic Precipitator,NA,"ARP, OTC"
NY,Northport,2516,4,NA,2002,8024,8018.75,2161476.25,NA,3267.97,0.3037,1514828.397,0.0693,1739.661,0.1505,21976602.625,Residual Oil,Pipeline Natural Gas,Tangentially-fired,NA,Overfire Air,Electrostatic Precipitator,NA,"ARP, OTC"
NY,Northport,2516,4,NA,2003,6816,6803,1679249.5,NA,5438.661,0.6336,1334283.225,0.0781,1646.295,0.1842,17084096.1,Residual Oil,Pipeline Natural Gas,Tangentially-fired,NA,Overfire Air,Electrostatic Precipitator,NA,"ARP, NBP"
NY,Northport,2516,4,NA,2004,7761,7753,1778530.5,NA,5777.407,0.6443,1394030.975,0.0784,1709.632,0.1817,17746161.975,Residual Oil,Pipeline Natural Gas,Tangentially-fired,NA,Overfire Air,Electrostatic Precipitator,NA,"ARP, NBP"
NY,Northport,2516,4,NA,2005,7916,7902.75,2011977,NA,6163.367,0.6386,1531555.075,0.079,1719.631,0.1712,19430173.4,Residual Oil,Pipeline Natural Gas,Tangentially-fired,NA,Overfire Air,Electrostatic Precipitator,NA,"ARP, NBP"
NY,Northport,2516,4,NA,2006,5738,5728.25,1256438,NA,1391.836,0.218,889713.65,0.066,818.808,0.1143,13506718.175,Residual Oil,Pipeline Natural Gas,Tangentially-fired,NA,Overfire Air,Electrostatic Precipitator,NA,"ARP, NBP"
NY,Northport,2516,4,NA,2007,7073,7054.5,1466935.75,NA,1671.785,0.2251,970205.675,0.0665,928.268,0.1166,14491873.925,Residual Oil,Pipeline Natural Gas,Tangentially-fired,NA,Overfire Air,Electrostatic Precipitator,NA,"ARP, NBP"
NY,Northport,2516,4,NA,2008,6534,6524.75,1329660.5,NA,1629.653,0.2399,871535.325,0.0664,774.2,0.1103,13021568.75,Residual Oil,Pipeline Natural Gas,Tangentially-fired,NA,Overfire Air,Electrostatic Precipitator,NA,"ARP, CAIRNOX, CAIROS, NBP"
NY,Northport,2516,4,NA,2009,5868,5855,1218940,NA,967.743,0.1425,789616.675,0.0633,620.802,0.0892,12317356.4,Residual Oil,Pipeline Natural Gas,Tangentially-fired,NA,Overfire Air,Electrostatic Precipitator,NA,"ARP, CAIRNOX, CAIROS, CAIRSO2, RGGI"
NY,Northport,2516,4,NA,2010,4149,4142.5,815900.25,NA,454.45,0.1013,578973.175,0.0622,467.038,0.0903,9279670.175,Residual Oil,Pipeline Natural Gas,Tangentially-fired,NA,Overfire Air,Electrostatic Precipitator,NA,"ARP, CAIRNOX, CAIROS, CAIRSO2, RGGI"
NY,Northport,2516,4,NA,2011,6735,6716,1435472.5,NA,116.615,0.0181,855478.975,0.0595,408.512,0.053,14281605.8,Residual Oil,Pipeline Natural Gas,Tangentially-fired,NA,"Overfire Air|Low NOx Burner Technology w/ Separated OFA (Began Mar 11, 2011)",Electrostatic Precipitator,NA,"ARP, CAIRNOX, CAIROS, CAIRSO2, RGGI"
NY,Northport,2516,4,NA,2012,5137,5126.25,1133424.5,NA,14.511,0.0039,659455.65,0.0591,330.637,0.0541,11085333.95,Residual Oil,Pipeline Natural Gas,Tangentially-fired,NA,Overfire Air|Low NOx Burner Technology w/ Separated OFA,Electrostatic Precipitator,NA,"ARP, CAIRNOX, CAIROS, CAIRSO2, RGGI"
NY,Northport,2516,4,NA,2013,7488,7474.75,1690789.25,NA,226.734,0.0276,1005054.575,0.0598,510.676,0.0551,16691450.425,Residual Oil,Pipeline Natural Gas,Tangentially-fired,NA,Overfire Air|Low NOx Burner Technology w/ Separated OFA,Electrostatic Precipitator,NA,"ARP, CAIRNOX, CAIROS, CAIRSO2, RGGI"
NY,Northport,2516,4,NA,2014,5443,5433,1123801.5,NA,573.521,0.0816,697241,0.0615,363.509,0.0567,11153876.125,Residual Oil,Pipeline Natural Gas,Tangentially-fired,NA,Overfire Air|Low NOx Burner Technology w/ Separated OFA,Electrostatic Precipitator,NA,"ARP, CAIRNOX, CAIROS, CAIRSO2, RGGI"
NY,Northport,2516,4,NA,2015,4116,4090.75,893095.75,NA,26.637,0.0082,535042.05,0.0593,230.982,0.0446,8972647.45,Residual Oil,Pipeline Natural Gas,Tangentially-fired,NA,Overfire Air|Low NOx Burner Technology w/ Separated OFA,Electrostatic Precipitator,NA,"ARP, CSNOX, CSNOXOS, CSSO2G1, MATS, RGGI"
NY,Northport,2516,4,NA,2016,4234,4215.75,906427,NA,144.497,0.0282,555575.4,0.06,245.25,0.0475,9189165.85,Pipeline Natural Gas,Residual Oil,Tangentially-fired,NA,Overfire Air|Low NOx Burner Technology w/ Separated OFA,Electrostatic Precipitator,NA,"ARP, CSNOX, CSNOXOS, CSSO2G1, MATS, RGGI"
NY,Northport,2516,4,NA,2017,4454,4441.75,916850.25,NA,130.644,0.022,567507.45,0.06,269.021,0.0491,9363242.65,Pipeline Natural Gas,Residual Oil,Tangentially-fired,NA,Overfire Air|Low NOx Burner Technology w/ Separated OFA,Electrostatic Precipitator,NA,"ARP, CSNOX, CSOSG2, CSSO2G1, MATS, RGGI"
NY,Northport,2516,4,NA,2018,3449,3440.75,787952.5,NA,259.842,0.0514,491233.7,0.0611,271.826,0.0603,7914452.7,Pipeline Natural Gas,Residual Oil,Tangentially-fired,NA,Overfire Air|Low NOx Burner Technology w/ Separated OFA,Electrostatic Precipitator,NA,"ARP, CSNOX, CSOSG2, CSSO2G1, MATS, RGGI"
NY,Northport,2516,4,NA,2019,3232,3220.75,672960,NA,26.843,0.0062,413683.6,0.0593,172.37,0.042,6927217.75,Pipeline Natural Gas,Residual Oil,Tangentially-fired,NA,Overfire Air|Low NOx Burner Technology w/ Separated OFA,Electrostatic Precipitator,NA,"ARP, CSNOX, CSOSG2, CSSO2G1, MATS, RGGI"
NY,Northport,2516,4,NA,2020,5510,5498.47,1266006.48,NA,5.905,0.0013,759701.238,0.059,317.672,0.0422,12780434.521,Pipeline Natural Gas,Residual Oil,Tangentially-fired,NA,Overfire Air|Low NOx Burner Technology w/ Separated OFA,Electrostatic Precipitator,NA,"ARP, CSNOX, CSOSG2, CSSO2G1, MATS, RGGI"
NY,Northport,2516,4,NA,2021,5256,5250.26,1438967.98,NA,92.391,0.0144,866973.072,0.0596,435.708,0.0547,14461360.043,Pipeline Natural Gas,Residual Oil,Tangentially-fired,NA,Overfire Air|Low NOx Burner Technology w/ Separated OFA,Electrostatic Precipitator,NA,"ARP, CSNOX, CSOSG3, CSSO2G1, MATS, RGGI"
NY,Northport,2516,4,NA,2022,2374,2362.72,539371.73,NA,250.934,0.0993,356852.116,0.0633,163.36,0.0527,5654559.668,Pipeline Natural Gas,Residual Oil,Tangentially-fired,NA,Overfire Air|Low NOx Burner Technology w/ Separated OFA,Electrostatic Precipitator,NA,"ARP, CSNOX, CSOSG3, CSSO2G1, MATS, RGGI"
NY,Northport,2516,4,NA,2023,1680,1662.32,311117.07,NA,22.828,0.0141,197379.076,0.0596,73.422,0.0357,3290257.725,Pipeline Natural Gas,Residual Oil,Tangentially-fired,NA,Overfire Air|Low NOx Burner Technology w/ Separated OFA,Electrostatic Precipitator,NA,"ARP, CSNOX, CSOSG3, CSSO2G1, MATS, RGGI"
NY,Northport,2516,4,NA,2024,5838,5824.92,1319301.37,NA,83.897,0.0147,814024.376,0.0596,362.653,0.0445,13584534.341,Pipeline Natural Gas,Residual Oil,Tangentially-fired,NA,Overfire Air|Low NOx Burner Technology w/ Separated OFA,Electrostatic Precipitator,NA,"ARP, CSNOX, CSOSG2E, CSSO2G1, MATS, RGGI"
NY,Northport,2516,UGT001,NA,1999,138,138,1324,NA,NA,NA,NA,NA,6.312,0.53,23819.3,Diesel Oil,NA,Combustion turbine,NA,NA,NA,NA,OTC
NY,Northport,2516,UGT001,NA,2000,39,39,332,NA,NA,NA,NA,NA,1.467,0.5299,5538.3,Diesel Oil,NA,Combustion turbine,NA,NA,NA,NA,OTC
NY,Northport,2516,UGT001,NA,2001,59,59,521,NA,NA,NA,NA,NA,1.584,0.4432,7151.8,Diesel Oil,NA,Combustion turbine,NA,NA,NA,NA,OTC
NY,Northport,2516,UGT001,NA,2002,136,136,1330,NA,0,0,0,0,5.019,0.4785,20965,Diesel Oil,NA,Combustion turbine,NA,"Water Injection (Began May 01, 2002)",NA,NA,OTC
NY,Northport,2516,UGT001,NA,2003,15,15,51,NA,NA,NA,NA,NA,0.355,0.4783,1483.9,Diesel Oil,NA,Combustion turbine,NA,"Water Injection (Retired Apr 30, 2003)",NA,NA,NBP
NY,Northport,2516,UGT001,NA,2004,27,27,226,NA,NA,NA,NA,NA,1.025,0.4782,4288,Diesel Oil,NA,Combustion turbine,NA,NA,NA,NA,NBP
NY,Northport,2516,UGT001,NA,2005,42,42,219,NA,NA,NA,NA,NA,1.247,0.4383,5715.5,Diesel Oil,NA,Combustion turbine,NA,NA,NA,NA,NBP
NY,Northport,2516,UGT001,NA,2006,43,43,386,NA,NA,NA,NA,NA,1.668,0.434,7687.3,Diesel Oil,NA,Combustion turbine,NA,NA,NA,NA,NBP
NY,Northport,2516,UGT001,NA,2007,19,19,116,NA,NA,NA,NA,NA,0.731,0.4341,3368.3,Diesel Oil,NA,Combustion turbine,NA,NA,NA,NA,NBP
NY,Northport,2516,UGT001,NA,2008,16,16,125,NA,NA,NA,NA,NA,0.597,0.434,2752.6,Diesel Oil,NA,Combustion turbine,NA,NA,NA,NA,"CAIROS, NBP"
NY,Northport,2516,UGT001,NA,2009,12,12,79,NA,NA,NA,NA,NA,0.523,0.565,1850,Diesel Oil,NA,Combustion turbine,NA,NA,NA,NA,CAIROS
NY,Northport,2516,UGT001,NA,2010,0,0,NA,NA,NA,NA,NA,NA,NA,NA,NA,Diesel Oil,NA,Combustion turbine,NA,NA,NA,NA,CAIROS
NY,Northport,2516,UGT001,NA,2011,55,55,458,NA,NA,NA,827.6,0.0811,4.645,0.8859,10213.9,Diesel Oil,NA,Combustion turbine,NA,NA,NA,NA,CAIROS
NY,Northport,2516,UGT001,NA,2012,19,19,210,NA,NA,NA,260.6,0.0809,1.931,1.2,3218,Diesel Oil,NA,Combustion turbine,NA,NA,NA,NA,CAIROS
NY,Northport,2516,UGT001,NA,2013,21,21,174,NA,NA,NA,317.5,0.0811,2.352,1.2,3919.3,Diesel Oil,NA,Combustion turbine,NA,NA,NA,NA,CAIROS
NY,Northport,2516,UGT001,NA,2014,18,18,116,NA,NA,NA,252.7,0.0813,1.871,1.2002,3119,Diesel Oil,NA,Combustion turbine,NA,NA,NA,NA,CAIROS
NY,Northport,2516,UGT001,NA,2015,18,18,127,NA,NA,NA,231.2,0.081,1.713,1.2,2854.3,Diesel Oil,NA,Combustion turbine,NA,NA,NA,NA,SIPNOX
NY,Northport,2516,UGT001,NA,2016,28,28,189,NA,NA,NA,354.3,0.0811,2.624,1.2001,4373.8,Diesel Oil,NA,Combustion turbine,NA,NA,NA,NA,SIPNOX
NY,Northport,2516,UGT001,NA,2017,29,29,145,NA,NA,NA,301.6,0.0813,2.234,1.2,3724,Diesel Oil,NA,Combustion turbine,NA,NA,NA,NA,SIPNOX
NY,Northport,2516,UGT001,NA,2018,26,26,171,NA,NA,NA,323.9,0.0812,2.396,1.2,3992.6,Diesel Oil,NA,Combustion turbine,NA,NA,NA,NA,SIPNOX
NY,Northport,2516,UGT001,NA,2019,10,10,78,NA,NA,NA,158.2,0.081,1.172,1.2,1954,Diesel Oil,NA,Combustion turbine,NA,NA,NA,NA,SIPNOX
NY,Northport,2516,UGT001,NA,2020,17,17,113,NA,NA,NA,216.1,0.0812,1.599,1.1999,2665,Diesel Oil,NA,Combustion turbine,NA,NA,NA,NA,SIPNOX
NY,Northport,2516,UGT001,NA,2021,65,65,591,NA,NA,NA,982.7,0.081,7.272,1.2,12121.5,Diesel Oil,NA,Combustion turbine,NA,NA,NA,NA,"RGGI, SIPNOX"
NY,Northport,2516,UGT001,NA,2022,23,23,107,NA,NA,NA,204.4,0.0812,1.513,1.2,2521.9,Diesel Oil,NA,Combustion turbine,NA,NA,NA,NA,"RGGI, SIPNOX"
NY,Northport,2516,UGT001,NA,2023,18,18,137,NA,NA,NA,278.1,0.0809,2.059,1.2001,3431.3,Diesel Oil,NA,Combustion turbine,NA,NA,NA,NA,"RGGI, SIPNOX"
NY,Northport,2516,UGT001,NA,2024,0,0,NA,NA,NA,NA,NA,NA,NA,NA,NA,Diesel Oil,NA,Combustion turbine,NA,NA,NA,NA,"RGGI, SIPNOX"
NY,Port Jefferson Energy Center,2517,1,NA,1997,NA,NA,NA,NA,NA,NA,NA,NA,NA,NA,NA,NA,NA,Tangentially-fired,NA,NA,NA,NA,NA
NY,Port Jefferson Energy Center,2517,1,NA,1998,NA,NA,NA,NA,NA,NA,NA,NA,NA,NA,NA,NA,NA,Tangentially-fired,NA,NA,NA,NA,NA
NY,Port Jefferson Energy Center,2517,1,NA,1999,NA,NA,NA,NA,NA,NA,NA,NA,NA,NA,NA,NA,NA,Tangentially-fired,NA,NA,NA,NA,NA
NY,Port Jefferson Energy Center,2517,2,NA,1997,NA,NA,NA,NA,NA,NA,NA,NA,NA,NA,NA,NA,NA,Tangentially-fired,NA,NA,NA,NA,NA
NY,Port Jefferson Energy Center,2517,2,NA,1998,NA,NA,NA,NA,NA,NA,NA,NA,NA,NA,NA,NA,NA,Tangentially-fired,NA,NA,NA,NA,NA
NY,Port Jefferson Energy Center,2517,2,NA,1999,NA,NA,NA,NA,NA,NA,NA,NA,NA,NA,NA,NA,NA,Tangentially-fired,NA,NA,NA,NA,NA
NY,Port Jefferson Energy Center,2517,3,"MS3E, MS3W",1995,7183,7164.5,NA,NA,3640,NA,584928,NA,564,NA,6598425,Residual Oil,NA,Tangentially-fired,NA,Overfire Air,Electrostatic Precipitator,NA,ARP
NY,Port Jefferson Energy Center,2517,3,"MS3E, MS3W",1996,5154,5120.5,NA,NA,2835.4,NA,471692,NA,473,NA,5475689,Residual Oil,Pipeline Natural Gas,Tangentially-fired,NA,Overfire Air,Electrostatic Precipitator,NA,ARP
NY,Port Jefferson Energy Center,2517,3,"MS3E, MS3W",1997,8178,8163,1065512.25,NA,1890.236,0.383,709616.5,0.0667,0,0,10691388.75,Residual Oil,Pipeline Natural Gas,Tangentially-fired,NA,Overfire Air,Electrostatic Precipitator,NA,ARP
NY,Port Jefferson Energy Center,2517,3,"MS3E, MS3W",1998,8081,8065.75,973645.5,NA,4184.472,0.8477,743947.35,0.0763,0,0,9726121.475,Residual Oil,Pipeline Natural Gas,Tangentially-fired,NA,Overfire Air,Electrostatic Precipitator,NA,ARP
NY,Port Jefferson Energy Center,2517,3,"MS3E, MS3W",1999,5443,5431.75,660295.25,NA,2324.683,0.6798,630805.19,0.0889,281.901,0.0815,7026558.975,Residual Oil,Pipeline Natural Gas,Tangentially-fired,NA,Overfire Air,Electrostatic Precipitator,NA,"ARP, OTC"
NY,Port Jefferson Energy Center,2517,3,NA,2000,6822,6793,853536.25,NA,3084.987,0.6439,874939.423,0.0954,792.171,0.1675,9200260.775,Residual Oil,Pipeline Natural Gas,Tangentially-fired,NA,Overfire Air,Electrostatic Precipitator,NA,"ARP, OTC"
NY,Port Jefferson Energy Center,2517,3,NA,2001,6705,6693.75,917134.75,NA,2898.824,0.579,740139.3,0.0746,684.89,0.1352,9956459.525,Residual Oil,Pipeline Natural Gas,Tangentially-fired,NA,Overfire Air,Electrostatic Precipitator,NA,"ARP, OTC"
NY,Port Jefferson Energy Center,2517,3,NA,2002,6355,6336.5,796140.75,NA,2989.528,0.758,603640.975,0.0788,604.56,0.151,7648190.1,Residual Oil,Pipeline Natural Gas,Tangentially-fired,NA,Overfire Air,Electrostatic Precipitator,NA,"ARP, OTC"
NY,Port Jefferson Energy Center,2517,3,NA,2003,6184,6169.5,794629,NA,3487.285,0.8612,601141.275,0.0769,624.469,0.1539,7733887.275,Residual Oil,Pipeline Natural Gas,Tangentially-fired,NA,Overfire Air,Electrostatic Precipitator,NA,"ARP, NBP"
NY,Port Jefferson Energy Center,2517,3,NA,2004,6786,6773.75,866451.5,NA,3901.19,0.924,656523.55,0.0782,685.941,0.1567,8383295.125,Residual Oil,Pipeline Natural Gas,Tangentially-fired,NA,Overfire Air,Electrostatic Precipitator,NA,"ARP, NBP"
NY,Port Jefferson Energy Center,2517,3,NA,2005,6733,6720.75,769759.25,NA,2310.338,0.5916,595351.675,0.0766,594.484,0.1475,7761991.6,Residual Oil,Pipeline Natural Gas,Tangentially-fired,NA,Overfire Air,Electrostatic Precipitator,NA,"ARP, NBP"
NY,Port Jefferson Energy Center,2517,3,NA,2006,7950,7940,774547.25,NA,1071.084,0.2809,502730.475,0.0679,386.859,0.1058,7353368.375,Residual Oil,Pipeline Natural Gas,Tangentially-fired,NA,Overfire Air,Electrostatic Precipitator,NA,"ARP, NBP"
NY,Port Jefferson Energy Center,2517,3,NA,2007,5664,5646.5,543857.25,NA,921.213,0.2987,374887.675,0.0695,312.24,0.1131,5252694.425,Residual Oil,Pipeline Natural Gas,Tangentially-fired,NA,Overfire Air,Electrostatic Precipitator,NA,"ARP, NBP"
NY,Port Jefferson Energy Center,2517,3,NA,2008,6782,6769,589314.75,NA,591,0.1702,377779.7,0.0649,258.61,0.0849,5694127.45,Residual Oil,Pipeline Natural Gas,Tangentially-fired,NA,Overfire Air,Electrostatic Precipitator,NA,"ARP, CAIRNOX, CAIROS, NBP"
NY,Port Jefferson Energy Center,2517,3,NA,2009,3883,3862,330829.5,NA,319.881,0.1564,212747.725,0.0637,155.955,0.0864,3265985.125,Residual Oil,Pipeline Natural Gas,Tangentially-fired,NA,Overfire Air,Electrostatic Precipitator,NA,"ARP, CAIRNOX, CAIROS, CAIRSO2, RGGI"
NY,Port Jefferson Energy Center,2517,3,NA,2010,2868,2851.5,260780.25,NA,122.852,0.067,215433.15,0.0612,139.083,0.0768,3495861.65,Residual Oil,Pipeline Natural Gas,Tangentially-fired,NA,Overfire Air,Electrostatic Precipitator,NA,"ARP, CAIRNOX, CAIROS, CAIRSO2, RGGI"
NY,Port Jefferson Energy Center,2517,3,NA,2011,2524,2502.75,179142,NA,127.31,0.0889,127145.6,0.062,75.965,0.0648,2002318.65,Residual Oil,Pipeline Natural Gas,Tangentially-fired,NA,"Overfire Air|Low NOx Burner Technology w/ Separated OFA (Began May 15, 2011)",Electrostatic Precipitator,NA,"ARP, CAIRNOX, CAIROS, CAIRSO2, RGGI"
NY,Port Jefferson Energy Center,2517,3,NA,2012,2407,2390.5,138505.25,NA,50.948,0.0365,97773.975,0.0603,49.705,0.053900000000000003,1591727.625,Residual Oil,Pipeline Natural Gas,Tangentially-fired,NA,Overfire Air|Low NOx Burner Technology w/ Separated OFA,Electrostatic Precipitator,NA,"ARP, CAIRNOX, CAIROS, CAIRSO2, RGGI"
NY,Port Jefferson Energy Center,2517,3,NA,2013,2237,2220.25,144304.75,NA,68.201,0.0469,99222.8,0.0605,51.861,0.0522,1601976.6,Residual Oil,Pipeline Natural Gas,Tangentially-fired,NA,Overfire Air|Low NOx Burner Technology w/ Separated OFA,Electrostatic Precipitator,NA,"ARP, CAIRNOX, CAIROS, CAIRSO2, RGGI"
NY,Port Jefferson Energy Center,2517,3,NA,2014,1382,1362,101274.5,NA,136.321,0.1512,74909.85,0.0638,54.669,0.0735,1123277.275,Residual Oil,Pipeline Natural Gas,Tangentially-fired,NA,Overfire Air|Low NOx Burner Technology w/ Separated OFA,Electrostatic Precipitator,NA,"ARP, CAIRNOX, CAIROS, CAIRSO2, RGGI"
NY,Port Jefferson Energy Center,2517,3,NA,2015,2240,2210.75,202694.25,NA,14.714,0.0105,160965.9,0.0594,75.012,0.0476,2693267.7,Residual Oil,Pipeline Natural Gas,Tangentially-fired,NA,Overfire Air|Low NOx Burner Technology w/ Separated OFA,Electrostatic Precipitator,NA,"ARP, CSNOX, CSNOXOS, CSSO2G1, MATS, RGGI"
NY,Port Jefferson Energy Center,2517,3,NA,2016,2456,2428,228192.75,NA,64.626,0.0489,148726.55,0.0607,83.923,0.059,2433724.55,Pipeline Natural Gas,Residual Oil,Tangentially-fired,NA,Overfire Air|Low NOx Burner Technology w/ Separated OFA,Electrostatic Precipitator,NA,"ARP, CSNOX, CSNOXOS, CSSO2G1, MATS, RGGI"
NY,Port Jefferson Energy Center,2517,3,NA,2017,1066,1052,96827.5,NA,45.191,0.0634,66493.4,0.0624,47.363,0.0724,1038544.3,Pipeline Natural Gas,Residual Oil,Tangentially-fired,NA,Overfire Air|Low NOx Burner Technology w/ Separated OFA,Electrostatic Precipitator,NA,"ARP, CSNOX, CSOSG2, CSSO2G1, MATS, RGGI"
NY,Port Jefferson Energy Center,2517,3,NA,2018,1971,1955.75,189402.75,NA,108.155,0.0708,127895.775,0.062,83.535,0.0676,2005092.45,Pipeline Natural Gas,Residual Oil,Tangentially-fired,NA,Overfire Air|Low NOx Burner Technology w/ Separated OFA,Electrostatic Precipitator,NA,"ARP, CSNOX, CSOSG2, CSSO2G1, MATS, RGGI"
NY,Port Jefferson Energy Center,2517,3,NA,2019,1269,1262.5,120976,NA,13.923,0.0375,74577.375,0.0607,40.795,0.0631,1235383.75,Pipeline Natural Gas,Residual Oil,Tangentially-fired,NA,Overfire Air|Low NOx Burner Technology w/ Separated OFA,Electrostatic Precipitator,NA,"ARP, CSNOX, CSOSG2, CSSO2G1, MATS, RGGI"
NY,Port Jefferson Energy Center,2517,3,NA,2020,3112,3093.92,304291.64,NA,45.352,0.0329,186158.625,0.0604,103.836,0.0608,3071286.241,Pipeline Natural Gas,Residual Oil,Tangentially-fired,NA,Overfire Air|Low NOx Burner Technology w/ Separated OFA,Electrostatic Precipitator,NA,"ARP, CSNOX, CSOSG2, CSSO2G1, MATS, RGGI"
NY,Port Jefferson Energy Center,2517,3,NA,2021,2673,2651.76,282056.9,NA,75.099,0.0535,185085.945,0.0613,88.867,0.0547,3012151.879,Pipeline Natural Gas,Residual Oil,Tangentially-fired,NA,Overfire Air|Low NOx Burner Technology w/ Separated OFA,Electrostatic Precipitator,NA,"ARP, CSNOX, CSOSG3, CSSO2G1, MATS, RGGI"
NY,Port Jefferson Energy Center,2517,3,NA,2022,2495,2475.84,243032.05,NA,233.581,0.1405,177450.167,0.065,122.332,0.0752,2658511.318,Pipeline Natural Gas,Residual Oil,Tangentially-fired,NA,Overfire Air|Low NOx Burner Technology w/ Separated OFA,Electrostatic Precipitator,NA,"ARP, CSNOX, CSOSG3, CSSO2G1, MATS, RGGI"
NY,Port Jefferson Energy Center,2517,3,NA,2023,2164,2144.94,187803.63,NA,19.395,0.0147,126878.459,0.0597,56.119,0.0446,2108530.211,Pipeline Natural Gas,Residual Oil,Tangentially-fired,NA,Overfire Air|Low NOx Burner Technology w/ Separated OFA,Electrostatic Precipitator,NA,"ARP, CSNOX, CSOSG3, CSSO2G1, MATS, RGGI"
NY,Port Jefferson Energy Center,2517,3,NA,2024,1138,1125.88,102382.93,NA,13.953,0.0403,68083.079,0.0608,36.167,0.057,1126523.087,Pipeline Natural Gas,Residual Oil,Tangentially-fired,NA,Overfire Air|Low NOx Burner Technology w/ Separated OFA,Electrostatic Precipitator,NA,"ARP, CSNOX, CSOSG2E, CSSO2G1, MATS, RGGI"
NY,Port Jefferson Energy Center,2517,4,"MS4E, MS4W",1995,4827,4805.75,NA,NA,2636,NA,417058,NA,489,NA,4722844,Residual Oil,NA,Tangentially-fired,NA,"Overfire Air (Began Oct 01, 1995)",Electrostatic Precipitator,NA,ARP
NY,Port Jefferson Energy Center,2517,4,"MS4E, MS4W",1996,7822,7801.25,NA,NA,4499.3,NA,702539,NA,685,NA,8003723,Residual Oil,NA,Tangentially-fired,NA,Overfire Air,Electrostatic Precipitator,NA,ARP
NY,Port Jefferson Energy Center,2517,4,"MS4E, MS4W",1997,5550,5539.5,713387.5,NA,1601.995,0.4838,487781.275,0.0687,0,0,7149113.525,Residual Oil,Pipeline Natural Gas,Tangentially-fired,NA,Overfire Air,Electrostatic Precipitator,NA,ARP
NY,Port Jefferson Energy Center,2517,4,"MS4E, MS4W",1998,8500,8489.75,1076329.5,NA,3170.765,0.5759,780563.65,0.0706,0,0,11039434.15,Residual Oil,Pipeline Natural Gas,Tangentially-fired,NA,Overfire Air,Electrostatic Precipitator,NA,ARP
NY,Port Jefferson Energy Center,2517,4,"MS4E, MS4W",1999,8130,8109,1106895,NA,2025.147,0.364,1141669.896,0.0986,606.837,0.1056,11512191.475,Residual Oil,Pipeline Natural Gas,Tangentially-fired,NA,Overfire Air,Electrostatic Precipitator,NA,"ARP, OTC"
NY,Port Jefferson Energy Center,2517,4,NA,2000,8163,8139.25,1074723,NA,4219.843,0.7727,990681.408,0.0928,1006.386,0.1823,10697338.1,Residual Oil,Pipeline Natural Gas,Tangentially-fired,NA,Overfire Air,Electrostatic Precipitator,NA,"ARP, OTC"
NY,Port Jefferson Energy Center,2517,4,NA,2001,6495,6481.25,915567.5,NA,2005.475,0.4484,645433.8,0.0704,609.171,0.1293,9228038.425,Residual Oil,Pipeline Natural Gas,Tangentially-fired,NA,Overfire Air,Electrostatic Precipitator,NA,"ARP, OTC"
NY,Port Jefferson Energy Center,2517,4,NA,2002,7161,7150.5,959140.25,NA,3462.605,0.7331,731751.397,0.0776,713.984,0.1462,9433042.025,Residual Oil,Pipeline Natural Gas,Tangentially-fired,NA,Overfire Air,Electrostatic Precipitator,NA,"ARP, OTC"
NY,Port Jefferson Energy Center,2517,4,NA,2003,5241,5226.75,681392.75,NA,3144.301,0.8809,535066.35,0.0773,636.746,0.1744,6856415.1,Residual Oil,Pipeline Natural Gas,Tangentially-fired,NA,Overfire Air,Electrostatic Precipitator,NA,"ARP, NBP"
NY,Port Jefferson Energy Center,2517,4,NA,2004,8034,8025,1129063.75,NA,5127.791,0.9378,856162.325,0.0785,983.194,0.1753,10905458.375,Residual Oil,Pipeline Natural Gas,Tangentially-fired,NA,Overfire Air,Electrostatic Precipitator,NA,"ARP, NBP"
NY,Port Jefferson Energy Center,2517,4,NA,2005,7535,7517.75,949199,NA,2879.569,0.5771,763489.85,0.0762,873.443,0.1706,10028704.825,Residual Oil,Pipeline Natural Gas,Tangentially-fired,NA,Overfire Air,Electrostatic Precipitator,NA,"ARP, NBP"
NY,Port Jefferson Energy Center,2517,4,NA,2006,6750,6732,737170.5,NA,917.515,0.2506,463910.375,0.067,366.215,0.1038,6848332.9,Residual Oil,Pipeline Natural Gas,Tangentially-fired,NA,Overfire Air,Electrostatic Precipitator,NA,"ARP, NBP"
NY,Port Jefferson Energy Center,2517,4,NA,2007,7252,7240.5,795306.5,NA,1005.529,0.2314,514048.275,0.067,384.247,0.0975,7510751.325,Residual Oil,Pipeline Natural Gas,Tangentially-fired,NA,Overfire Air,Electrostatic Precipitator,NA,"ARP, NBP"
NY,Port Jefferson Energy Center,2517,4,NA,2008,4156,4142,373656,NA,245.882,0.1129,227282.1,0.0629,164.297,0.0885,3551295.1,Residual Oil,Pipeline Natural Gas,Tangentially-fired,NA,Overfire Air,Electrostatic Precipitator,NA,"ARP, CAIRNOX, CAIROS, NBP"
NY,Port Jefferson Energy Center,2517,4,NA,2009,3326,3304.5,275633.5,NA,342.623,0.1871,181162.875,0.0649,143.366,0.0964,2694364.3,Residual Oil,Pipeline Natural Gas,Tangentially-fired,NA,Overfire Air,Electrostatic Precipitator,NA,"ARP, CAIRNOX, CAIROS, CAIRSO2, RGGI"
NY,Port Jefferson Energy Center,2517,4,NA,2010,1922,1905.5,208941.25,NA,159.386,0.1013,153078.65,0.0623,98.062,0.0718,2411031.3,Residual Oil,Pipeline Natural Gas,Tangentially-fired,NA,"Overfire Air|Low NOx Burner Technology w/ Separated OFA (Began May 20, 2010)",Electrostatic Precipitator,NA,"ARP, CAIRNOX, CAIROS, CAIRSO2, RGGI"
NY,Port Jefferson Energy Center,2517,4,NA,2011,3702,3673.75,282546.75,NA,117.991,0.0637,195044.925,0.0612,113.819,0.0665,3154694.275,Residual Oil,Pipeline Natural Gas,Tangentially-fired,NA,Overfire Air|Low NOx Burner Technology w/ Separated OFA,Electrostatic Precipitator,NA,"ARP, CAIRNOX, CAIROS, CAIRSO2, RGGI"
NY,Port Jefferson Energy Center,2517,4,NA,2012,3447,3432.25,289936,NA,44.227,0.0163,186775.425,0.0596,75.876,0.0439,3096987.7,Residual Oil,Pipeline Natural Gas,Tangentially-fired,NA,Overfire Air|Low NOx Burner Technology w/ Separated OFA,Electrostatic Precipitator,NA,"ARP, CAIRNOX, CAIROS, CAIRSO2, RGGI"
NY,Port Jefferson Energy Center,2517,4,NA,2013,2571,2550,237241.25,NA,8.215,0.0043,149911.725,0.0592,56.77,0.0395,2515128.25,Residual Oil,Pipeline Natural Gas,Tangentially-fired,NA,Overfire Air|Low NOx Burner Technology w/ Separated OFA,Electrostatic Precipitator,NA,"ARP, CAIRNOX, CAIROS, CAIRSO2, RGGI"
NY,Port Jefferson Energy Center,2517,4,NA,2014,2382,2353.25,198040.5,NA,233.399,0.1456,141212.125,0.0635,106.563,0.0763,2143531.5,Residual Oil,Pipeline Natural Gas,Tangentially-fired,NA,Overfire Air|Low NOx Burner Technology w/ Separated OFA,Electrostatic Precipitator,NA,"ARP, CAIRNOX, CAIROS, CAIRSO2, RGGI"
NY,Port Jefferson Energy Center,2517,4,NA,2015,2389,2357,231952.25,NA,300.8,0.2004,165239.2,0.066,105.937,0.0744,2437231.425,Residual Oil,Pipeline Natural Gas,Tangentially-fired,NA,Overfire Air|Low NOx Burner Technology w/ Separated OFA,Electrostatic Precipitator,NA,"ARP, CSNOX, CSNOXOS, CSSO2G1, MATS, RGGI"
NY,Port Jefferson Energy Center,2517,4,NA,2016,1963,1945.75,163288.25,NA,139.883,0.142,111391.9,0.0641,63.009,0.0635,1713102.75,Pipeline Natural Gas,Residual Oil,Tangentially-fired,NA,Overfire Air|Low NOx Burner Technology w/ Separated OFA,Electrostatic Precipitator,NA,"ARP, CSNOX, CSNOXOS, CSSO2G1, MATS, RGGI"
NY,Port Jefferson Energy Center,2517,4,NA,2017,1301,1282.75,123697,NA,37.711,0.0365,85193.95,0.061,51.182,0.0618,1367967.525,Pipeline Natural Gas,Residual Oil,Tangentially-fired,NA,Overfire Air|Low NOx Burner Technology w/ Separated OFA,Electrostatic Precipitator,NA,"ARP, CSNOX, CSOSG2, CSSO2G1, MATS, RGGI"
NY,Port Jefferson Energy Center,2517,4,NA,2018,1789,1774.5,169159.75,NA,134.202,0.1149,120236.6,0.0638,66.51,0.06,1840565.675,Pipeline Natural Gas,Residual Oil,Tangentially-fired,NA,Overfire Air|Low NOx Burner Technology w/ Separated OFA,Electrostatic Precipitator,NA,"ARP, CSNOX, CSOSG2, CSSO2G1, MATS, RGGI"
NY,Port Jefferson Energy Center,2517,4,NA,2019,2302,2282.25,180124.5,NA,29.568,0.0286,125392.425,0.0603,54.898,0.0458,2068296.875,Pipeline Natural Gas,Residual Oil,Tangentially-fired,NA,Overfire Air|Low NOx Burner Technology w/ Separated OFA,Electrostatic Precipitator,NA,"ARP, CSNOX, CSOSG2, CSSO2G1, MATS, RGGI"
NY,Port Jefferson Energy Center,2517,4,NA,2020,1850,1837.5,203595.11,NA,14.363,0.0107,133509.98,0.0595,60.967,0.0486,2227676.258,Pipeline Natural Gas,Residual Oil,Tangentially-fired,NA,Overfire Air|Low NOx Burner Technology w/ Separated OFA,Electrostatic Precipitator,NA,"ARP, CSNOX, CSOSG2, CSSO2G1, MATS, RGGI"
NY,Port Jefferson Energy Center,2517,4,NA,2021,1957,1936.36,189778.09,NA,60.415,0.0524,123045.011,0.0613,61.767,0.0534,1987982.838,Pipeline Natural Gas,Residual Oil,Tangentially-fired,NA,Overfire Air|Low NOx Burner Technology w/ Separated OFA,Electrostatic Precipitator,NA,"ARP, CSNOX, CSOSG3, CSSO2G1, MATS, RGGI"
NY,Port Jefferson Energy Center,2517,4,NA,2022,1253,1241.52,111451.39,NA,20.37,0.0377,71573.057,0.0607,32.255,0.0493,1176242.612,Pipeline Natural Gas,Residual Oil,Tangentially-fired,NA,Overfire Air|Low NOx Burner Technology w/ Separated OFA,Electrostatic Precipitator,NA,"ARP, CSNOX, CSOSG3, CSSO2G1, MATS, RGGI"
NY,Port Jefferson Energy Center,2517,4,NA,2023,1943,1911.05,135912.87,NA,17.917,0.0184,90722.07,0.0599,39.777,0.0431,1501989.853,Pipeline Natural Gas,Residual Oil,Tangentially-fired,NA,Overfire Air|Low NOx Burner Technology w/ Separated OFA,Electrostatic Precipitator,NA,"ARP, CSNOX, CSOSG3, CSSO2G1, MATS, RGGI"
NY,Port Jefferson Energy Center,2517,4,NA,2024,2348,2329.41,184592.82,NA,26.965,0.0243,121251.655,0.0601,61.539,0.0542,2003352.945,Pipeline Natural Gas,Residual Oil,Tangentially-fired,NA,Overfire Air|Low NOx Burner Technology w/ Separated OFA,Electrostatic Precipitator,NA,"ARP, CSNOX, CSOSG2E, CSSO2G1, MATS, RGGI"
NY,Port Jefferson Energy Center,2517,UGT001,NA,1999,81,81,622,NA,NA,NA,NA,NA,2.786,0.5303,10511.8,Diesel Oil,NA,Combustion turbine,NA,NA,NA,NA,OTC
NY,Port Jefferson Energy Center,2517,UGT001,NA,2000,47,47,399,NA,NA,NA,NA,NA,2.372,0.53,8952.8,Diesel Oil,NA,Combustion turbine,NA,NA,NA,NA,OTC
NY,Port Jefferson Energy Center,2517,UGT001,NA,2001,72,72,709,NA,NA,NA,NA,NA,2.957,0.443,13347.6,Diesel Oil,NA,Combustion turbine,NA,NA,NA,NA,OTC
NY,Port Jefferson Energy Center,2517,UGT001,NA,2002,124,124,1184,NA,0,0,0,0,5.059,0.4792,21096.3,Diesel Oil,NA,Combustion turbine,NA,"Water Injection (Began May 01, 2002)",NA,NA,OTC
NY,Port Jefferson Energy Center,2517,UGT001,NA,2003,73,73,675,NA,NA,NA,NA,NA,3.079,0.4779,12880.6,Diesel Oil,NA,Combustion turbine,NA,"Water Injection (Retired Apr 30, 2003)",NA,NA,NBP
NY,Port Jefferson Energy Center,2517,UGT001,NA,2004,24,24,213,NA,NA,NA,NA,NA,0.449,0.4788,1879.8,Diesel Oil,NA,Combustion turbine,NA,NA,NA,NA,NBP
NY,Port Jefferson Energy Center,2517,UGT001,NA,2005,47,47,296,NA,NA,NA,NA,NA,1.486,0.4425,6742.1,Diesel Oil,NA,Combustion turbine,NA,NA,NA,NA,NBP
NY,Port Jefferson Energy Center,2517,UGT001,NA,2006,38,38,301,NA,NA,NA,NA,NA,1.359,0.4338,6259.6,Diesel Oil,NA,Combustion turbine,NA,NA,NA,NA,NBP
NY,Port Jefferson Energy Center,2517,UGT001,NA,2007,10,10,85,NA,NA,NA,NA,NA,0.363,0.4341,1671.7,Diesel Oil,NA,Combustion turbine,NA,NA,NA,NA,NBP
NY,Port Jefferson Energy Center,2517,UGT001,NA,2008,11,11,72,NA,NA,NA,NA,NA,0.183,0.4341,843.5,Diesel Oil,NA,Combustion turbine,NA,NA,NA,NA,"CAIROS, NBP"
NY,Port Jefferson Energy Center,2517,UGT001,NA,2009,11,11,81,NA,NA,NA,NA,NA,0.54,0.5647,1912,Diesel Oil,NA,Combustion turbine,NA,NA,NA,NA,CAIROS
NY,Port Jefferson Energy Center,2517,UGT001,NA,2010,0,0,NA,NA,NA,NA,NA,NA,NA,NA,NA,Diesel Oil,NA,Combustion turbine,NA,NA,NA,NA,CAIROS
NY,Port Jefferson Energy Center,2517,UGT001,NA,2011,18,18,112,NA,NA,NA,311.1,0.0811,2.056,1.0287,3840.2,Diesel Oil,NA,Combustion turbine,NA,NA,NA,NA,CAIROS
NY,Port Jefferson Energy Center,2517,UGT001,NA,2012,8,8,57,NA,NA,NA,102.6,0.0808,0.761,1.2,1267.9,Diesel Oil,NA,Combustion turbine,NA,NA,NA,NA,CAIROS
NY,Port Jefferson Energy Center,2517,UGT001,NA,2013,21,21,181,NA,NA,NA,309.5,0.081,2.295,1.2,3824.1,Diesel Oil,NA,Combustion turbine,NA,NA,NA,NA,CAIROS
NY,Port Jefferson Energy Center,2517,UGT001,NA,2014,9,9,104,NA,NA,NA,155.1,0.0811,1.148,1.2001,1913,Diesel Oil,NA,Combustion turbine,NA,NA,NA,NA,CAIROS
NY,Port Jefferson Energy Center,2517,UGT001,NA,2015,9,9,91,NA,NA,NA,152.7,0.0809,1.133,1.1999,1888.1,Diesel Oil,NA,Combustion turbine,NA,NA,NA,NA,SIPNOX
NY,Port Jefferson Energy Center,2517,UGT001,NA,2016,35,35,271,NA,NA,NA,430.2,0.0811,3.189,1.2001,5315.8,Diesel Oil,NA,Combustion turbine,NA,NA,NA,NA,SIPNOX
NY,Port Jefferson Energy Center,2517,UGT001,NA,2017,7,7,54,NA,NA,NA,104.8,0.0804,0.776,1.2,1294.1,Diesel Oil,NA,Combustion turbine,NA,NA,NA,NA,SIPNOX
NY,Port Jefferson Energy Center,2517,UGT001,NA,2018,10,10,65,NA,NA,NA,151,0.0812,1.118,1.2001,1863.1,Diesel Oil,NA,Combustion turbine,NA,NA,NA,NA,SIPNOX
NY,Port Jefferson Energy Center,2517,UGT001,NA,2019,31,31,264,NA,NA,NA,470.7,0.081,3.491,1.1999,5818.6,Diesel Oil,NA,Combustion turbine,NA,NA,NA,NA,SIPNOX
NY,Port Jefferson Energy Center,2517,UGT001,NA,2020,21,21,178,NA,NA,NA,291.6,0.081,2.161,1.2001,3602,Diesel Oil,NA,Combustion turbine,NA,NA,NA,NA,SIPNOX
NY,Port Jefferson Energy Center,2517,UGT001,NA,2021,59,59,573,NA,NA,NA,843.1,0.081,6.241,1.2,10400.4,Diesel Oil,NA,Combustion turbine,NA,NA,NA,NA,"RGGI, SIPNOX"
NY,Port Jefferson Energy Center,2517,UGT001,NA,2022,15,15,137,NA,NA,NA,212,0.0809,1.57,1.1998,2617,Diesel Oil,NA,Combustion turbine,NA,NA,NA,NA,"RGGI, SIPNOX"
NY,Port Jefferson Energy Center,2517,UGT001,NA,2023,9,9,67,NA,NA,NA,168.7,0.081,1.25,1.2,2084,Diesel Oil,NA,Combustion turbine,NA,NA,NA,NA,"RGGI, SIPNOX"
NY,Port Jefferson Energy Center,2517,UGT001,NA,2024,0,0,NA,NA,NA,NA,NA,NA,NA,NA,NA,Diesel Oil,NA,Combustion turbine,NA,NA,NA,NA,"RGGI, SIPNOX"
NY,Port Jefferson Energy Center,2517,UGT002,NA,2002,661,606.25,22782.25,NA,0.329,0.0036,13633.125,0.0611,2.432,0.0384,223435.3,Pipeline Natural Gas,Diesel Oil,"Combustion turbine (Started Jul 01, 2002)",NA,Water Injection|Selective Catalytic Reduction,NA,NA,ARP
NY,Port Jefferson Energy Center,2517,UGT002,NA,2003,1468,1299,49094.5,NA,0.607,0.0034,29094.25,0.061,4.225,0.0469,478998.575,Pipeline Natural Gas,Diesel Oil,Combustion turbine,NA,Water Injection|Selective Catalytic Reduction,NA,NA,"ARP, NBP"
NY,Port Jefferson Energy Center,2517,UGT002,NA,2004,1491,1244.5,46592,NA,0.435,0.0025,27930.4,0.0604,3.89,0.042,462493.775,Pipeline Natural Gas,Diesel Oil,Combustion turbine,NA,Water Injection|Selective Catalytic Reduction,NA,NA,"ARP, NBP"
NY,Port Jefferson Energy Center,2517,UGT002,NA,2005,2004,1702,64670.5,NA,0.428,0.0018,39111.7,0.0599,4.44,0.0355,652207.25,Pipeline Natural Gas,Diesel Oil,Combustion turbine,NA,Water Injection|Selective Catalytic Reduction,NA,NA,"ARP, NBP"
NY,Port Jefferson Energy Center,2517,UGT002,NA,2006,2002,1660.75,62454.25,NA,0.25,0.0018,38555.825,0.0599,5.162,0.0466,647268.55,Pipeline Natural Gas,Diesel Oil,Combustion turbine,NA,Water Injection|Selective Catalytic Reduction,NA,NA,"ARP, NBP"
NY,Port Jefferson Energy Center,2517,UGT002,NA,2007,1704,1415.75,53290.5,NA,0.779,0.0034,33263.35,0.0611,3.98,0.0361,544408.425,Pipeline Natural Gas,Diesel Oil,Combustion turbine,NA,Water Injection|Selective Catalytic Reduction,NA,NA,"ARP, NBP"
NY,Port Jefferson Energy Center,2517,UGT002,NA,2008,1478,1275.75,49342.75,NA,0.377,0.0022,29690.825,0.0602,2.746,0.0219,493810.65,Pipeline Natural Gas,Diesel Oil,Combustion turbine,NA,Water Injection|Selective Catalytic Reduction,NA,NA,"ARP, CAIRNOX, CAIROS, NBP"
NY,Port Jefferson Energy Center,2517,UGT002,NA,2009,906,754.75,28458.25,NA,0.104,5e-4,17144.725,0.0594,1.924,0.0308,287729.575,Pipeline Natural Gas,Diesel Oil,Combustion turbine,NA,Water Injection|Selective Catalytic Reduction,NA,NA,"ARP, CAIRNOX, CAIROS, CAIRSO2, RGGI"
NY,Port Jefferson Energy Center,2517,UGT002,NA,2010,1537,1305.5,50793.25,NA,0.132,3e-4,30623.05,0.0593,3.164,0.0379,515196,Pipeline Natural Gas,Diesel Oil,Combustion turbine,NA,Water Injection|Selective Catalytic Reduction,NA,NA,"ARP, CAIRNOX, CAIROS, CAIRSO2, RGGI"
NY,Port Jefferson Energy Center,2517,UGT002,NA,2011,1757,1525.5,60519,NA,0.272,0.001,36945.475,0.0595,3.57,0.0349,619198.8,Pipeline Natural Gas,Diesel Oil,Combustion turbine,NA,Water Injection|Selective Catalytic Reduction,NA,NA,"ARP, CAIRNOX, CAIROS, CAIRSO2, RGGI"
NY,Port Jefferson Energy Center,2517,UGT002,NA,2012,2517,2177.5,87265,NA,0.288,8e-4,52641.4,0.0593,5.204,0.035,885766.775,Pipeline Natural Gas,Diesel Oil,Combustion turbine,NA,Water Injection|Selective Catalytic Reduction,NA,NA,"ARP, CAIRNOX, CAIROS, CAIRSO2, RGGI"
NY,Port Jefferson Energy Center,2517,UGT002,NA,2013,2808,2423.25,96569.75,NA,0.293,7e-4,57633.45,0.0592,5.485,0.0342,969806.725,Pipeline Natural Gas,Diesel Oil,Combustion turbine,NA,Water Injection|Selective Catalytic Reduction,NA,NA,"ARP, CAIRNOX, CAIROS, CAIRSO2, RGGI"
NY,Port Jefferson Energy Center,2517,UGT002,NA,2014,2842,2482.75,97646.25,NA,0.426,0.0013,56981.7,0.0598,7.019,0.0397,952646.65,Pipeline Natural Gas,Diesel Oil,Combustion turbine,NA,Water Injection|Selective Catalytic Reduction,NA,NA,"ARP, CAIRNOX, CAIROS, CAIRSO2, RGGI"
NY,Port Jefferson Energy Center,2517,UGT002,NA,2015,1610,1389,52852,NA,0.17,0.0011,29053.8,0.0595,3.222,0.0316,487620.75,Pipeline Natural Gas,Diesel Oil,Combustion turbine,NA,Water Injection|Selective Catalytic Reduction,NA,NA,"ARP, CSNOX, CSNOXOS, CSSO2G1, RGGI"
NY,Port Jefferson Energy Center,2517,UGT002,NA,2016,1357,1143,45262.25,NA,0.129,7e-4,26992.4,0.0592,2.815,0.0338,454150.075,Pipeline Natural Gas,Diesel Oil,Combustion turbine,NA,Water Injection|Selective Catalytic Reduction,NA,NA,"ARP, CSNOX, CSNOXOS, CSSO2G1, RGGI"
NY,Port Jefferson Energy Center,2517,UGT002,NA,2017,883,713.25,26915.25,NA,0.069,9e-4,15505.075,0.06,2.026,0.0418,257959.65,Pipeline Natural Gas,Diesel Oil,Combustion turbine,NA,Water Injection|Selective Catalytic Reduction,NA,NA,"ARP, CSNOX, CSOSG2, CSSO2G1, RGGI"
NY,Port Jefferson Energy Center,2517,UGT002,NA,2018,842,696.5,25726.75,NA,0.072,8e-4,15657.8,0.0603,1.884,0.0378,259614.775,Pipeline Natural Gas,Diesel Oil,Combustion turbine,NA,Water Injection|Selective Catalytic Reduction,NA,NA,"ARP, CSNOX, CSOSG2, CSSO2G1, RGGI"
NY,Port Jefferson Energy Center,2517,UGT002,NA,2019,795,620.75,24021.25,NA,0.079,9e-4,14674.8,0.06,1.959,0.0524,244138.425,Pipeline Natural Gas,Diesel Oil,Combustion turbine,NA,Water Injection|Selective Catalytic Reduction,NA,NA,"ARP, CSNOX, CSOSG2, CSSO2G1, RGGI"
NY,Port Jefferson Energy Center,2517,UGT002,NA,2020,1222,1031,42157.25,NA,0.123,7e-4,24112.3,0.0597,2.509,0.0335,403962.6,Pipeline Natural Gas,Diesel Oil,Combustion turbine,NA,Water Injection|Selective Catalytic Reduction,NA,NA,"ARP, CSNOX, CSOSG2, CSSO2G1, RGGI"
NY,Port Jefferson Energy Center,2517,UGT002,NA,2021,1728,1457.97,61139.91,NA,0.198,9e-4,36567.809,0.0598,3.889,0.0321,610919.16,Pipeline Natural Gas,Diesel Oil,Combustion turbine,NA,Water Injection|Selective Catalytic Reduction,NA,NA,"ARP, CSNOX, CSOSG3, CSSO2G1, RGGI"
NY,Port Jefferson Energy Center,2517,UGT002,NA,2022,1473,1231.21,52038.84,NA,0.151,0.001,29667.13,0.0601,2.911,0.0368,493898.559,Pipeline Natural Gas,Diesel Oil,Combustion turbine,NA,Water Injection|Selective Catalytic Reduction,NA,NA,"ARP, CSNOX, CSOSG3, CSSO2G1, RGGI"
NY,Port Jefferson Energy Center,2517,UGT002,NA,2023,783,655.17,27108.41,NA,0.077,0.001,15162.512,0.0602,1.501,0.0384,252584.751,Pipeline Natural Gas,Diesel Oil,Combustion turbine,NA,Water Injection|Selective Catalytic Reduction,NA,NA,"ARP, CSNOX, CSOSG3, CSSO2G1, RGGI"
NY,Port Jefferson Energy Center,2517,UGT002,NA,2024,1191,956.66,39576.72,NA,0.111,0.001,21975.111,0.0594,2.078,0.0379,369040.011,Pipeline Natural Gas,Diesel Oil,Combustion turbine,NA,Water Injection|Selective Catalytic Reduction,NA,NA,"ARP, CSNOX, CSOSG2E, CSSO2G1, RGGI"
NY,Port Jefferson Energy Center,2517,UGT003,NA,2002,649,598.5,22180,NA,0.154,0.0018,13167.8,0.0599,1.999,0.0305,219546.05,Pipeline Natural Gas,Diesel Oil,"Combustion turbine (Started Jul 01, 2002)",NA,Water Injection|Selective Catalytic Reduction,NA,NA,ARP
NY,Port Jefferson Energy Center,2517,UGT003,NA,2003,1389,1207.25,44976,NA,0.613,0.0037,27064.275,0.0611,4.239,0.047,444534.325,Pipeline Natural Gas,Diesel Oil,Combustion turbine,NA,Water Injection|Selective Catalytic Reduction,NA,NA,"ARP, NBP"
NY,Port Jefferson Energy Center,2517,UGT003,NA,2004,1437,1204.25,45659.5,NA,0.576,0.0031,28248.175,0.0608,3.825,0.0411,464419.25,Pipeline Natural Gas,Diesel Oil,Combustion turbine,NA,Water Injection|Selective Catalytic Reduction,NA,NA,"ARP, NBP"
NY,Port Jefferson Energy Center,2517,UGT003,NA,2005,1873,1586.5,60147.25,NA,0.634,0.0025,37003.25,0.0604,4.366,0.0378,611352.375,Pipeline Natural Gas,Diesel Oil,Combustion turbine,NA,Water Injection|Selective Catalytic Reduction,NA,NA,"ARP, NBP"
NY,Port Jefferson Energy Center,2517,UGT003,NA,2006,1983,1658.75,63663.75,NA,0.265,0.0013,38618.95,0.0595,4.181,0.0351,647950.9,Pipeline Natural Gas,Diesel Oil,Combustion turbine,NA,Water Injection|Selective Catalytic Reduction,NA,NA,"ARP, NBP"
NY,Port Jefferson Energy Center,2517,UGT003,NA,2007,1952,1631.25,62581.25,NA,0.353,0.0017,36701.025,0.0598,4.382,0.0357,613262.85,Pipeline Natural Gas,Diesel Oil,Combustion turbine,NA,Water Injection|Selective Catalytic Reduction,NA,NA,"ARP, NBP"
NY,Port Jefferson Energy Center,2517,UGT003,NA,2008,1230,1057.5,40982,NA,0.323,0.002,24606.55,0.0601,2.374,0.0243,409003.575,Pipeline Natural Gas,Diesel Oil,Combustion turbine,NA,Water Injection|Selective Catalytic Reduction,NA,NA,"ARP, CAIRNOX, CAIROS, NBP"
NY,Port Jefferson Energy Center,2517,UGT003,NA,2009,907,754.5,28427.25,NA,0.107,7e-4,17236.1,0.0595,1.928,0.0323,289306.775,Pipeline Natural Gas,Diesel Oil,Combustion turbine,NA,Water Injection|Selective Catalytic Reduction,NA,NA,"ARP, CAIRNOX, CAIROS, CAIRSO2, RGGI"
NY,Port Jefferson Energy Center,2517,UGT003,NA,2010,1493,1258,47571.25,NA,0.122,4e-4,28643.275,0.0591,2.78,0.0366,482136.025,Pipeline Natural Gas,Diesel Oil,Combustion turbine,NA,Water Injection|Selective Catalytic Reduction,NA,NA,"ARP, CAIRNOX, CAIROS, CAIRSO2, RGGI"
NY,Port Jefferson Energy Center,2517,UGT003,NA,2011,2233,1904.5,74589.75,NA,0.243,0.001,42386.55,0.0595,4.139,0.0341,711349.225,Pipeline Natural Gas,Diesel Oil,Combustion turbine,NA,Water Injection|Selective Catalytic Reduction,NA,NA,"ARP, CAIRNOX, CAIROS, CAIRSO2, RGGI"
NY,Port Jefferson Energy Center,2517,UGT003,NA,2012,2638,2262.5,86666.5,NA,0.227,5e-4,52062.95,0.0592,5.327,0.0354,876037.45,Pipeline Natural Gas,Diesel Oil,Combustion turbine,NA,Water Injection|Selective Catalytic Reduction,NA,NA,"ARP, CAIRNOX, CAIROS, CAIRSO2, RGGI"
NY,Port Jefferson Energy Center,2517,UGT003,NA,2013,1695,1444.75,55581.25,NA,0.144,8e-4,32397.475,0.0593,3.35,0.0333,545151.5,Pipeline Natural Gas,Diesel Oil,Combustion turbine,NA,Water Injection|Selective Catalytic Reduction,NA,NA,"ARP, CAIRNOX, CAIROS, CAIRSO2, RGGI"
NY,Port Jefferson Energy Center,2517,UGT003,NA,2014,2727,2390,93743.75,NA,0.495,0.0013,54990.175,0.0599,6.155,0.035,916072.35,Pipeline Natural Gas,Diesel Oil,Combustion turbine,NA,Water Injection|Selective Catalytic Reduction,NA,NA,"ARP, CAIRNOX, CAIROS, CAIRSO2, RGGI"
NY,Port Jefferson Energy Center,2517,UGT003,NA,2015,2084,1786.75,70592.5,NA,0.466,0.0017,40939.9,0.0603,5.404,0.037,678349.2,Pipeline Natural Gas,Diesel Oil,Combustion turbine,NA,Water Injection|Selective Catalytic Reduction,NA,NA,"ARP, CSNOX, CSNOXOS, CSSO2G1, RGGI"
NY,Port Jefferson Energy Center,2517,UGT003,NA,2016,1230,1056.75,40463.75,NA,0.106,9e-4,23083.5,0.0593,2.513,0.0316,388392.825,Pipeline Natural Gas,Diesel Oil,Combustion turbine,NA,Water Injection|Selective Catalytic Reduction,NA,NA,"ARP, CSNOX, CSNOXOS, CSSO2G1, RGGI"
NY,Port Jefferson Energy Center,2517,UGT003,NA,2017,688,558.5,20332.25,NA,0.053,9e-4,11964.8,0.0606,1.675,0.0415,197305.45,Pipeline Natural Gas,Diesel Oil,Combustion turbine,NA,Water Injection|Selective Catalytic Reduction,NA,NA,"ARP, CSNOX, CSOSG2, CSSO2G1, RGGI"
NY,Port Jefferson Energy Center,2517,UGT003,NA,2018,1091,886.75,34254.25,NA,0.089,8e-4,19804.2,0.0605,2.983,0.0456,327260.5,Pipeline Natural Gas,Diesel Oil,Combustion turbine,NA,Water Injection|Selective Catalytic Reduction,NA,NA,"ARP, CSNOX, CSOSG2, CSSO2G1, RGGI"
NY,Port Jefferson Energy Center,2517,UGT003,NA,2019,807,632.75,24544.75,NA,0.062,7e-4,13850.475,0.0594,1.93,0.0494,232429.4,Pipeline Natural Gas,Diesel Oil,Combustion turbine,NA,Water Injection|Selective Catalytic Reduction,NA,NA,"ARP, CSNOX, CSOSG2, CSSO2G1, RGGI"
NY,Port Jefferson Energy Center,2517,UGT003,NA,2020,1242,1080,44369.75,NA,0.137,8e-4,25798.15,0.0594,2.676,0.0301,433618.125,Pipeline Natural Gas,Diesel Oil,Combustion turbine,NA,Water Injection|Selective Catalytic Reduction,NA,NA,"ARP, CSNOX, CSOSG2, CSSO2G1, RGGI"
NY,Port Jefferson Energy Center,2517,UGT003,NA,2021,963,841.55,34000.62,NA,0.115,9e-4,20718.816,0.0597,2.015,0.0297,347728.183,Pipeline Natural Gas,Diesel Oil,Combustion turbine,NA,Water Injection|Selective Catalytic Reduction,NA,NA,"ARP, CSNOX, CSOSG3, CSSO2G1, RGGI"
NY,Port Jefferson Energy Center,2517,UGT003,NA,2022,1393,1175.51,50134.23,NA,0.152,0.001,29759.223,0.06,2.711,0.0328,496277.154,Pipeline Natural Gas,Diesel Oil,Combustion turbine,NA,Water Injection|Selective Catalytic Reduction,NA,NA,"ARP, CSNOX, CSOSG3, CSSO2G1, RGGI"
NY,Port Jefferson Energy Center,2517,UGT003,NA,2023,1213,971.36,41177.4,NA,0.122,0.001,24191.416,0.0595,2.62,0.0467,405678.611,Pipeline Natural Gas,Diesel Oil,Combustion turbine,NA,Water Injection|Selective Catalytic Reduction,NA,NA,"ARP, CSNOX, CSOSG3, CSSO2G1, RGGI"
NY,Port Jefferson Energy Center,2517,UGT003,NA,2024,984,778.19,33235.98,NA,0.097,0.001,19253.237,0.0595,1.916,0.0401,323055.67,Pipeline Natural Gas,Diesel Oil,Combustion turbine,NA,Water Injection|Selective Catalytic Reduction,NA,NA,"ARP, CSNOX, CSOSG2E, CSSO2G1, RGGI"
NY,West Babylon Facility,2521,UGT001,NA,2000,42,42,1354,NA,NA,NA,NA,NA,6.058,0.557,21752.2,Diesel Oil,NA,Combustion turbine,NA,NA,NA,NA,OTC
NY,West Babylon Facility,2521,UGT001,NA,2001,82,82,2062,NA,NA,NA,NA,NA,16.429,1.1998,27381.5,Diesel Oil,NA,Combustion turbine,NA,NA,NA,NA,OTC
NY,West Babylon Facility,2521,UGT001,NA,2002,154,154,5803,NA,0,0,0,0,22.815,0.5226,87299.5,Diesel Oil,NA,Combustion turbine,NA,"Water Injection (Began May 01, 2002)",NA,NA,OTC
NY,West Babylon Facility,2521,UGT001,NA,2003,165,165,5822,NA,NA,NA,NA,NA,20.065,0.5267,75959.6,Diesel Oil,NA,Combustion turbine,NA,"Water Injection (Retired Apr 30, 2003)",NA,NA,NBP
NY,West Babylon Facility,2521,UGT001,NA,2004,65,65,1880,NA,NA,NA,NA,NA,7.285,0.522,27909.4,Diesel Oil,NA,Combustion turbine,NA,NA,NA,NA,NBP
NY,West Babylon Facility,2521,UGT001,NA,2005,98,98,3382,NA,NA,NA,NA,NA,11.866,0.522,45461.3,Diesel Oil,NA,Combustion turbine,NA,NA,NA,NA,NBP
NY,West Babylon Facility,2521,UGT001,NA,2006,81,81,2513,NA,NA,NA,NA,NA,9.437,0.522,36159.5,Diesel Oil,NA,Combustion turbine,NA,NA,NA,NA,NBP
NY,West Babylon Facility,2521,UGT001,NA,2007,40,40,1361,NA,NA,NA,NA,NA,4.637,0.5219,17766,Diesel Oil,NA,Combustion turbine,NA,NA,NA,NA,NBP
NY,West Babylon Facility,2521,UGT001,NA,2008,72,72,2596,NA,NA,NA,NA,NA,11.173,0.6114,36395.8,Diesel Oil,NA,Combustion turbine,NA,NA,NA,NA,"CAIRNOX, CAIROS, NBP"
NY,West Babylon Facility,2521,UGT001,NA,2009,20,20,571,NA,1.064,0.275,627.1,0.0811,2.404,0.6211,7741.2,Diesel Oil,NA,Combustion turbine,NA,NA,NA,NA,"CAIRNOX, CAIROS, CAIRSO2, RGGI"
NY,West Babylon Facility,2521,UGT001,NA,2010,45,45,1775,NA,3.399,0.275,2002.5,0.081,7.676,0.621,24720.5,Diesel Oil,NA,Combustion turbine,NA,NA,NA,NA,"CAIRNOX, CAIROS, CAIRSO2, RGGI"
NY,West Babylon Facility,2521,UGT001,NA,2011,109,109,4021,NA,7.543,0.275,4443.7,0.081,17.034,0.621,54858.6,Diesel Oil,NA,Combustion turbine,NA,NA,NA,NA,"CAIRNOX, CAIROS, CAIRSO2, RGGI"
NY,West Babylon Facility,2521,UGT001,NA,2012,62,62,1915,NA,3.708,0.2749,2184.9,0.081,8.374,0.621,26969.5,Diesel Oil,NA,Combustion turbine,NA,NA,NA,NA,"CAIRNOX, CAIROS, CAIRSO2, RGGI"
NY,West Babylon Facility,2521,UGT001,NA,2013,76,76,2440,NA,4.781,0.275,2816.2,0.0811,12.066,0.678,34768.7,Diesel Oil,NA,Combustion turbine,NA,NA,NA,NA,"CAIRNOX, CAIROS, CAIRSO2, RGGI"
NY,West Babylon Facility,2521,UGT001,NA,2014,79,79,2402,NA,4.4,0.2751,2591.4,0.081,7.761,0.4851,32001.1,Diesel Oil,NA,Combustion turbine,NA,NA,NA,NA,"CAIRNOX, CAIROS, CAIRSO2, RGGI"
NY,West Babylon Facility,2521,UGT001,NA,2015,52,52,1080,NA,2.153,0.2751,1267.9,0.081,3.796,0.4851,15654.5,Diesel Oil,NA,Combustion turbine,NA,NA,NA,NA,"CSNOX, CSNOXOS, CSSO2G1, RGGI"
NY,West Babylon Facility,2521,UGT001,NA,2016,150,150,4297,NA,8.609,0.2641,5164.5,0.081,15.469,0.485,63787,Diesel Oil,NA,Combustion turbine,NA,NA,NA,NA,"CSNOX, CSNOXOS, CSSO2G1, RGGI"
NY,West Babylon Facility,2521,UGT001,NA,2017,47,47,1038,NA,0.013,0.0018,1229.8,0.081,3.681,0.4851,15181.7,Diesel Oil,NA,Combustion turbine,NA,NA,NA,NA,"CSNOX, CSOSG2, CSSO2G1, RGGI"
NY,West Babylon Facility,2521,UGT001,NA,2018,65,65,2201,NA,0.026,0.0019,2451.4,0.081,11.935,0.8151,30269.3,Diesel Oil,NA,Combustion turbine,NA,NA,NA,NA,"CSNOX, CSOSG2, CSSO2G1, RGGI"
NY,West Babylon Facility,2521,UGT001,NA,2019,90,90,3278,NA,0.028,0.0011,3649.7,0.0811,18.321,0.7969,45062.2,Diesel Oil,NA,Combustion turbine,NA,NA,NA,NA,"CSNOX, CSOSG2, CSSO2G1, RGGI"
NY,West Babylon Facility,2521,UGT001,NA,2020,62,62,1925,NA,0.015,9e-4,2203,0.0811,7.958,0.585,27204.4,Diesel Oil,NA,Combustion turbine,NA,NA,NA,NA,"CSNOX, CSOSG2, CSSO2G1, RGGI"
NY,West Babylon Facility,2521,UGT001,NA,2021,35,35,699,NA,0.005,8e-4,786.6,0.0811,2.839,0.5847,9705.3,Diesel Oil,NA,Combustion turbine,NA,NA,NA,NA,"CSNOX, CSOSG3, CSSO2G1, RGGI"
NY,West Babylon Facility,2521,UGT001,NA,2022,7,7,38,NA,0,0.0011,64.1,0.081,0.232,0.5847,793,Diesel Oil,NA,Combustion turbine,NA,NA,NA,NA,"CSNOX, CSOSG3, CSSO2G1, RGGI"
NY,West Babylon Facility,2521,UGT001,NA,2023,6,6,40,NA,0,0.0012,59.6,0.081,0.215,0.5852,734,Diesel Oil,NA,Combustion turbine,NA,NA,NA,NA,"CSNOX, CSOSG3, CSSO2G1, RGGI"
NY,West Babylon Facility,2521,UGT001,NA,2024,3,3,17,NA,0,0.001,34.5,0.081,0.125,0.585,427,Diesel Oil,NA,Combustion turbine,NA,NA,NA,NA,"CSNOX, CSOSG2E, CSSO2G1, RGGI"
NY,GMMM Westover,2526,11,CSW003,1996,NA,NA,NA,NA,1156.9,NA,78993.4,NA,231,NA,769854,Coal,"Diesel Oil, Residual Oil, Other Oil",Dry bottom wall-fired boiler,NA,NA,Electrostatic Precipitator,NA,ARP
NY,GMMM Westover,2526,11,CSW003,1997,5404,5400.25,NA,631040000,2351.818,3.0191,159828.208,0.1029,458.729,0.5851,1557790.909,Coal,"Diesel Oil, Residual Oil, Other Oil",Dry bottom wall-fired boiler,NA,NA,Electrostatic Precipitator,NA,ARP
NY,GMMM Westover,2526,11,CSW003,1998,7252,7250.75,NA,1060770000,2836.121,3.1214,188694.621,0.1029,514.462,0.5596,1839151.058,Coal,"Diesel Oil, Residual Oil, Other Oil",Dry bottom wall-fired boiler,NA,NA,Electrostatic Precipitator,NA,ARP
NY,GMMM Westover,2526,11,CSW003,1999,6485,6483,NA,1046147,3332.157,3.1972,214657.036,0.1029,539.406,0.5081,2092149.129,Coal,"Diesel Oil, Residual Oil, Other Oil",Dry bottom wall-fired boiler,NA,NA,Electrostatic Precipitator,NA,"ARP, OTC"
NY,GMMM Westover,2526,11,CSW003,2000,8413,8411.75,NA,1639023.5,3344.56,3.5097,201203.594,0.1029,556.918,0.5802,1961083.528,Coal,"Diesel Oil, Residual Oil, Other Oil",Dry bottom wall-fired boiler,NA,NA,Electrostatic Precipitator,NA,"ARP, OTC"
NY,GMMM Westover,2526,11,CSW003,2001,6402,6402,NA,1167792,2585.548,3.2235,165077.133,0.103,412.338,0.5096,1608939.648,Coal,"Diesel Oil, Other Oil",Dry bottom wall-fired boiler,NA,NA,Electrostatic Precipitator,NA,"ARP, OTC"
NY,GMMM Westover,2526,11,CSW003,2002,8721,8719.25,NA,1370502.25,2868.485,2.9108,201472.597,0.103,527.231,0.5281,1963673.117,Coal,"Diesel Oil, Other Oil",Dry bottom wall-fired boiler,NA,NA,Electrostatic Precipitator,NA,"ARP, OTC"
NY,GMMM Westover,2526,11,CSW003,2003,8755,8754.5,NA,1222144.5,2516.635,2.7713,183735.482,0.103,400.765,0.4291,1790786.65,Coal,"Diesel Oil, Other Oil",Dry bottom wall-fired boiler,NA,NA,Electrostatic Precipitator,NA,"ARP, NBP"
NY,GMMM Westover,2526,11,CSW003,2004,4308,4308,NA,743933,1530.696,2.8873,108504.004,0.103,234.329,0.4439,1057546.2,Coal,"Diesel Oil, Other Oil",Dry bottom wall-fired boiler,NA,NA,Electrostatic Precipitator,NA,"ARP, NBP"
NY,GMMM Westover,2526,11,CSW003,2005,5841,5840.5,NA,958964,1703.547,2.8443,121577.028,0.103,238.867,0.4025,1180642.848,Coal,"Diesel Oil, Other Oil",Dry bottom wall-fired boiler,NA,NA,Electrostatic Precipitator,NA,"ARP, NBP"
NY,GMMM Westover,2526,11,CSW003,2006,5065,5058.79,NA,763913.24,1382.949,2.7966,100565.261,0.103,206.62,0.4226,980068.629,Coal,"Diesel Oil, Other Oil",Dry bottom wall-fired boiler,NA,NA,Electrostatic Precipitator,NA,"ARP, NBP"
NY,GMMM Westover,2526,11,CSW003,2007,1156,1143.91,NA,173633.54,332.438,2.6021,26041.823,0.103,50.455,0.3896,253818.168,Coal,"Diesel Oil, Other Oil",Dry bottom wall-fired boiler,NA,NA,Electrostatic Precipitator,NA,"ARP, NBP"
NY,GMMM Westover,2526,11,CSW003,2008,269,264.92,NA,33393.17,50.325,2.1245,4850.784,0.103,11.124,0.4607,47279.087,Coal,"Diesel Oil, Other Oil",Dry bottom wall-fired boiler,NA,NA,Electrostatic Precipitator,NA,"ARP, CAIRNOX, CAIROS, NBP"
NY,GMMM Westover,2526,12,CSW003,1996,NA,NA,NA,NA,839.4,NA,57314.6,NA,170,NA,558671,Coal,"Diesel Oil, Residual Oil, Other Oil",Dry bottom wall-fired boiler,NA,NA,Electrostatic Precipitator,NA,ARP
NY,GMMM Westover,2526,12,CSW003,1997,5424,5420.75,NA,622500000,2331.722,3.0178,158325.043,0.1029,453.733,0.585,1543139.266,Coal,"Diesel Oil, Residual Oil, Other Oil",Dry bottom wall-fired boiler,NA,NA,Electrostatic Precipitator,NA,ARP
NY,GMMM Westover,2526,12,CSW003,1998,7334,7333,NA,1059260000,2857.832,3.0986,189593.078,0.1029,517.155,0.5596,1847903.142,Coal,"Diesel Oil, Residual Oil, Other Oil",Dry bottom wall-fired boiler,NA,NA,Electrostatic Precipitator,NA,ARP
NY,GMMM Westover,2526,12,CSW003,1999,6369,6366.25,NA,1025299.25,3251.356,3.1996000000000002,209474.289,0.1029,528.625,0.509,2041616.396,Coal,"Diesel Oil, Residual Oil, Other Oil",Dry bottom wall-fired boiler,NA,NA,Electrostatic Precipitator,NA,"ARP, OTC"
NY,GMMM Westover,2526,12,CSW003,2000,8604,8603,NA,1626352,3286.846,3.5303,197686.581,0.1029,549.351,0.582,1926787.248,Coal,"Diesel Oil, Residual Oil, Other Oil",Dry bottom wall-fired boiler,NA,NA,Electrostatic Precipitator,NA,"ARP, OTC"
NY,GMMM Westover,2526,12,CSW003,2001,6749,6749,NA,1187821,2646.612,3.2413,168412.779,0.103,419.256,0.5077,1641451.658,Coal,"Diesel Oil, Other Oil",Dry bottom wall-fired boiler,NA,NA,Electrostatic Precipitator,NA,"ARP, OTC"
NY,GMMM Westover,2526,12,CSW003,2002,7790,7788.25,NA,1315063,2746.343,2.9091,193215.227,0.103,505.984,0.5331,1883186.729,Coal,"Diesel Oil, Other Oil",Dry bottom wall-fired boiler,NA,NA,Electrostatic Precipitator,NA,"ARP, OTC"
NY,GMMM Westover,2526,12,CSW003,2003,7355,7355,NA,1264202,2577.149,2.7888,188970.989,0.103,415.004,0.4486,1841818.966,Coal,"Diesel Oil, Other Oil",Dry bottom wall-fired boiler,NA,NA,Electrostatic Precipitator,NA,"ARP, NBP"
NY,GMMM Westover,2526,12,CSW003,2004,4594,4594,NA,776767,1593.898,2.8901,112774.243,0.103,246.602,0.4497,1099167.284,Coal,"Diesel Oil, Other Oil",Dry bottom wall-fired boiler,NA,NA,Electrostatic Precipitator,NA,"ARP, NBP"
NY,GMMM Westover,2526,12,CSW003,2005,5850,5849,NA,952927,1733.004,2.9077,122573.305,0.1028,237.238,0.3926,1195958.534,Coal,"Diesel Oil, Other Oil",Dry bottom wall-fired boiler,NA,NA,Electrostatic Precipitator,NA,"ARP, NBP"
NY,GMMM Westover,2526,12,CSW003,2006,4879,4869.02,NA,636374.99,1176.752,2.7957,84162.788,0.103,175.401,0.4235,820253.87,Coal,"Diesel Oil, Other Oil",Dry bottom wall-fired boiler,NA,NA,Electrostatic Precipitator,NA,"ARP, NBP"
NY,GMMM Westover,2526,12,CSW003,2007,1099,1084.51,NA,180315.2,365.929,2.9513,25031.779,0.103,52.774,0.4182,243974.072,Coal,"Diesel Oil, Other Oil",Dry bottom wall-fired boiler,NA,NA,Electrostatic Precipitator,NA,"ARP, NBP"
NY,GMMM Westover,2526,12,CSW003,2008,252,247.18,NA,31639.3,46.877,2.1254,4483.35,0.103,9.858,0.4315,43696.999,Coal,"Diesel Oil, Other Oil",Dry bottom wall-fired boiler,NA,NA,Electrostatic Precipitator,NA,"ARP, CAIRNOX, CAIROS, NBP"
NY,GMMM Westover,2526,13,NA,1995,NA,NA,NA,NA,11269,NA,729513,NA,1550,NA,5373031,Coal,"Diesel Oil, Residual Oil, Other Oil",Tangentially-fired,NA,NA,Electrostatic Precipitator,NA,ARP
NY,GMMM Westover,2526,13,CSW003,1996,NA,NA,NA,NA,9194,NA,634385,NA,1882,NA,6183096,Coal,"Diesel Oil, Residual Oil, Other Oil",Tangentially-fired,NA,NA,Electrostatic Precipitator,NA,ARP
NY,GMMM Westover,2526,13,CSW003,1997,8534,8532,610404,NA,9621.719,2.9767,661637.675,0.103,1890.218,0.5832,6448682,Coal,"Diesel Oil, Residual Oil, Other Oil",Tangentially-fired,NA,NA,Electrostatic Precipitator,NA,ARP
NY,GMMM Westover,2526,13,CSW003,1998,8530,8527.25,616342,NA,10451.929,3.1597,677648.825,0.103,1702.69,0.5082,6604737.475,Coal,"Diesel Oil, Residual Oil, Other Oil",Tangentially-fired,NA,NA,Electrostatic Precipitator,NA,ARP
NY,GMMM Westover,2526,13,CSW003,1999,8005,8001.75,571844.5,NA,10615.382,3.1618,687881.175,0.103,1487.679,0.4335,6704520.55,Coal,"Diesel Oil, Residual Oil, Other Oil",Tangentially-fired,NA,NA,Electrostatic Precipitator,NA,"ARP, OTC"
NY,GMMM Westover,2526,13,CSW003,2000,7930,7926.25,605234,NA,10858.927,3.2366,685214.025,0.103,1499.551,0.4416,6678466.55,Coal,"Diesel Oil, Residual Oil, Other Oil",Tangentially-fired,NA,NA,Electrostatic Precipitator,NA,"ARP, OTC"
NY,GMMM Westover,2526,13,CSW003,2001,8609,8603.75,NA,4821429,10428.997,3.218,663742.225,0.103,1616.472,0.4936,6469250.471,Coal,"Diesel Oil, Other Oil",Tangentially-fired,NA,NA,Electrostatic Precipitator,NA,"ARP, OTC"
NY,GMMM Westover,2526,13,CSW003,2002,8288,8285,NA,4577346.5,9456.276,2.914,664580.828,0.103,1714.375,0.5248,6477407.847,Coal,"Diesel Oil, Other Oil",Tangentially-fired,NA,NA,Electrostatic Precipitator,NA,"ARP, OTC"
NY,GMMM Westover,2526,13,CSW003,2003,8300,8293.25,NA,4571264.25,9149.092,2.7926,673884.346,0.103,1414.206,0.4263,6568028.725,Coal,"Diesel Oil, Other Oil",Tangentially-fired,NA,"Overfire Air (Began May 15, 2003)",Electrostatic Precipitator,NA,"ARP, NBP"
NY,GMMM Westover,2526,13,CSW003,2004,8628,8624.5,NA,4458462.75,8466.289,2.8524,606223.801,0.103,1088.119,0.369,5908612.129,Coal,"Diesel Oil, Other Oil",Tangentially-fired,NA,Overfire Air,Electrostatic Precipitator,NA,"ARP, NBP"
NY,GMMM Westover,2526,13,CSW003,2005,8604,8602.25,NA,4644131,7642.052,2.7931,557743.114,0.1029,1001.549,0.3589,5439202.406,Coal,"Diesel Oil, Other Oil",Tangentially-fired,NA,Overfire Air,Electrostatic Precipitator,NA,"ARP, NBP"
NY,GMMM Westover,2526,13,CSW003,2006,6906,6901.96,NA,3447209.09,6176.165,2.68,467491.544,0.1031,868.377,0.3802,4553502.942,Coal,"Diesel Oil, Other Oil",Tangentially-fired,NA,Overfire Air,Electrostatic Precipitator,NA,"ARP, NBP"
NY,GMMM Westover,2526,13,CSW003,2007,8289,8273.87,NA,4602083.46,7232.58,2.6133,564431.259,0.1031,843.624,0.3038,5497882.518,Coal,"Diesel Oil, Other Oil",Tangentially-fired,NA,Overfire Air,Electrostatic Precipitator,NA,"ARP, NBP"
NY,GMMM Westover,2526,13,CSW003,2008,7383,7361.47,NA,3880490.03,6135.36,2.7221,460744.083,0.103,694.005,0.3089,4490713.695,Coal,"Diesel Oil, Other Oil",Tangentially-fired,"Dry Lime FGD (Began Nov 06, 2008)","Overfire Air|Selective Catalytic Reduction (Began Nov 06, 2008)","Electrostatic Precipitator|Baghouse (Began Nov 06, 2008)",NA,"ARP, CAIRNOX, CAIROS, NBP"
NY,GMMM Westover,2526,13,NA,2009,4221,4214.01,NA,1939345.15,2193.152,1.6888,274949.087,0.1028,212.972,0.1636,2679831.143,Coal,"Diesel Oil, Other Oil",Tangentially-fired,Dry Lime FGD,Overfire Air|Selective Catalytic Reduction,Electrostatic Precipitator|Baghouse,NA,"ARP, CAIRNOX, CAIROS, CAIRSO2, RGGI"
NY,GMMM Westover,2526,13,NA,2010,4441,4437.75,NA,2051950.75,378.837,0.2652,292898.785,0.103,180.687,0.1362,2854723.12,Coal,"Diesel Oil, Other Oil",Tangentially-fired,Dry Lime FGD,Overfire Air|Selective Catalytic Reduction,Electrostatic Precipitator|Baghouse,NA,"ARP, CAIRNOX, CAIROS, CAIRSO2, RGGI"
NY,GMMM Westover,2526,13,NA,2011,236,234.45,NA,86518.7,20.878,0.4958,12123.115,0.103,12.23,0.2461,118158.505,Coal,"Diesel Oil, Other Oil",Tangentially-fired,Dry Lime FGD,Overfire Air|Selective Catalytic Reduction,Electrostatic Precipitator|Baghouse,NA,"ARP, CAIRNOX, CAIROS, CAIRSO2, RGGI"
NY,GMMM Westover,2526,13,NA,2012,0,0,NA,NA,NA,NA,NA,NA,NA,NA,NA,Coal,"Diesel Oil, Other Oil",Tangentially-fired,Dry Lime FGD,Overfire Air|Selective Catalytic Reduction,Electrostatic Precipitator|Baghouse,NA,"ARP, CAIRNOX, CAIROS, CAIRSO2, RGGI"
NY,GMMM Westover,2526,13,NA,2013,0,0,NA,NA,NA,NA,NA,NA,NA,NA,NA,Coal,"Diesel Oil, Other Oil",Tangentially-fired,Dry Lime FGD,Overfire Air|Selective Catalytic Reduction,Electrostatic Precipitator|Baghouse,NA,"ARP, CAIRNOX, CAIROS, CAIRSO2, RGGI"
NY,GMMM Westover,2526,13,NA,2014,0,0,NA,NA,NA,NA,NA,NA,NA,NA,NA,Coal,"Diesel Oil, Other Oil",Tangentially-fired,Dry Lime FGD,Overfire Air|Selective Catalytic Reduction,Electrostatic Precipitator|Baghouse,NA,"ARP, CAIRNOX, CAIROS, CAIRSO2, RGGI"
NY,Greenidge Generation LLC,2527,4,CSG003,1995,NA,NA,NA,NA,455.8,NA,28303.6,NA,273.5,NA,875839,Coal,Residual Oil,Dry bottom wall-fired boiler,NA,NA,Electrostatic Precipitator,NA,ARP
NY,Greenidge Generation LLC,2527,4,CSG003,1996,NA,NA,NA,NA,565.4,NA,34471.2,NA,113,NA,335641,Coal,Residual Oil,Dry bottom wall-fired boiler,NA,NA,Electrostatic Precipitator,NA,ARP
NY,Greenidge Generation LLC,2527,4,CSG003,1997,0,0,NA,NA,NA,NA,NA,NA,NA,NA,NA,Coal,Residual Oil,Dry bottom wall-fired boiler,NA,NA,Electrostatic Precipitator,NA,ARP
NY,Greenidge Generation LLC,2527,4,CSG003,1998,4175,4175,NA,780790000,1106.579,2.5035,92672.023,0.1029,317.15,0.6979,903234.647,Coal,Residual Oil,Dry bottom wall-fired boiler,NA,NA,Electrostatic Precipitator,NA,ARP
NY,Greenidge Generation LLC,2527,4,CSG003,1999,6757,6755.25,NA,1344403.5,2171.529,2.4242,183579.816,0.1029,606.191,0.663,1789269.419,Coal,Residual Oil,Dry bottom wall-fired boiler,NA,NA,Electrostatic Precipitator,NA,"ARP, OTC"
NY,Greenidge Generation LLC,2527,4,CSG003,2000,8650,8645.75,NA,1753538.25,3619.786,3.3561,221397.53,0.1029,773.477,0.7003,2157879.947,Coal,Residual Oil,Dry bottom wall-fired boiler,NA,NA,Electrostatic Precipitator,NA,"ARP, OTC"
NY,Greenidge Generation LLC,2527,4,CSG003,2001,7086,7069.75,NA,1386578.75,2957.908,3.3856,178435.682,0.1029,591.571,0.6562,1739133.994,Coal,Residual Oil,Dry bottom wall-fired boiler,NA,NA,Electrostatic Precipitator,NA,"ARP, OTC"
NY,Greenidge Generation LLC,2527,4,CSG003,2002,8122,8113,NA,1353363.5,3004.187,3.2282,189305.198,0.1029,671.54,0.704,1845065.942,Coal,Residual Oil,Dry bottom wall-fired boiler,NA,NA,Electrostatic Precipitator,NA,"ARP, OTC"
NY,Greenidge Generation LLC,2527,4,CSG003,2003,7365,7358.75,NA,1397995.25,3376.959,3.4018,203981.817,0.1029,697.61,0.6894,1988129.687,Coal,Residual Oil,Dry bottom wall-fired boiler,NA,NA,Electrostatic Precipitator,NA,"ARP, NBP"
NY,Greenidge Generation LLC,2527,4,CSG003,2004,6109,6103.75,NA,901313.25,1913.727,3.4062,115343.295,0.1029,392.285,0.6901,1124192.049,Coal,Residual Oil,Dry bottom wall-fired boiler,NA,NA,Electrostatic Precipitator,NA,"ARP, NBP"
NY,Greenidge Generation LLC,2527,4,CSG003,2005,8323,8317.5,NA,1220896.75,2146.101,3.0506,144488.86,0.1029,477.481,0.6705,1408266.789,Coal,Residual Oil,Dry bottom wall-fired boiler,NA,NA,Electrostatic Precipitator,NA,"ARP, NBP"
NY,Greenidge Generation LLC,2527,4,CSG003,2006,7009,6992.13,NA,1129410.94,2054.431,3.1828,132023.515,0.1028,459.098,0.707,1286777.457,Coal,Residual Oil,Dry bottom wall-fired boiler,NA,NA,Electrostatic Precipitator,NA,"ARP, NBP"
NY,Greenidge Generation LLC,2527,4,CSG003,2007,1155,1140.88,NA,243625.75,398.362,2.894,27984.421,0.1029,90.339,0.6514,272758.235,Coal,Residual Oil,Dry bottom wall-fired boiler,NA,NA,Electrostatic Precipitator,NA,"ARP, NBP"
NY,Greenidge Generation LLC,2527,4,CSG003,2008,1151,1138.54,NA,175755.44,177.045,2.8284,12797.968,0.1028,37.62,0.5832,124713.33,Coal,Residual Oil,Dry bottom wall-fired boiler,NA,NA,Electrostatic Precipitator,NA,"ARP, CAIRNOX, CAIROS, NBP"
NY,Greenidge Generation LLC,2527,4,CSG003,2009,89,87.45,NA,15270.45,23.392,2.658,1788.13,0.1029,5.18,0.5545,17429.04,Coal,Residual Oil,Dry bottom wall-fired boiler,NA,NA,Electrostatic Precipitator,NA,"ARP, CAIRNOX, CAIROS, CAIRSO2, RGGI"
NY,Greenidge Generation LLC,2527,4,CSG003,2010,0,0,NA,NA,NA,NA,NA,NA,NA,NA,NA,Coal,Residual Oil,Dry bottom wall-fired boiler,NA,NA,Electrostatic Precipitator,NA,"ARP, CAIRNOX, CAIROS, CAIRSO2, RGGI"
NY,Greenidge Generation LLC,2527,5,CSG003,1995,NA,NA,NA,NA,385.2,NA,23915.4,NA,316.4,NA,1013558,Coal,Residual Oil,Dry bottom wall-fired boiler,NA,NA,Electrostatic Precipitator,NA,ARP
NY,Greenidge Generation LLC,2527,5,CSG003,1996,NA,NA,NA,NA,850.6,NA,51863.8,NA,172,NA,505290,Coal,Residual Oil,Dry bottom wall-fired boiler,NA,NA,Electrostatic Precipitator,NA,ARP
NY,Greenidge Generation LLC,2527,5,CSG003,1997,2,1.25,NA,0,0,0.189,0.4,0.0445,0,0.158,4.625,Coal,Residual Oil,Dry bottom wall-fired boiler,NA,NA,Electrostatic Precipitator,NA,ARP
NY,Greenidge Generation LLC,2527,5,CSG003,1998,4251,4250.25,NA,833643750,1192.531,2.5855,98276.428,0.1033,333.499,0.6873,957844.403,Coal,Residual Oil,Dry bottom wall-fired boiler,NA,NA,Electrostatic Precipitator,NA,ARP
NY,Greenidge Generation LLC,2527,5,CSG003,1999,6943,6941.75,NA,1400906.25,2234.04,2.4405,188548.307,0.1029,623.58,0.6656,1837685.481,Coal,Residual Oil,Dry bottom wall-fired boiler,NA,NA,Electrostatic Precipitator,NA,"ARP, OTC"
NY,Greenidge Generation LLC,2527,5,CSG003,2000,8575,8571.25,NA,1700394.75,3455.679,3.3518,211205.821,0.1029,739.858,0.7023,2058546.377,Coal,Residual Oil,Dry bottom wall-fired boiler,NA,NA,Electrostatic Precipitator,NA,"ARP, OTC"
NY,Greenidge Generation LLC,2527,5,CSG003,2001,6732,6722.75,NA,1287117.5,2754.495,3.3869,166219.343,0.1028,548.707,0.6551,1620059.531,Coal,Residual Oil,Dry bottom wall-fired boiler,NA,NA,Electrostatic Precipitator,NA,"ARP, OTC"
NY,Greenidge Generation LLC,2527,5,CSG003,2002,7351,7346,NA,1419789,3069.711,3.2332,193600.928,0.1028,694.029,0.7101,1886939.033,Coal,Residual Oil,Dry bottom wall-fired boiler,NA,NA,Electrostatic Precipitator,NA,"ARP, OTC"
NY,Greenidge Generation LLC,2527,5,CSG003,2003,7362,7356,NA,1457442.75,3454.95,3.3968,209342.533,0.1029,716.943,0.6896,2040385.039,Coal,Residual Oil,Dry bottom wall-fired boiler,NA,NA,Electrostatic Precipitator,NA,"ARP, NBP"
NY,Greenidge Generation LLC,2527,5,CSG003,2004,4645,4639.25,NA,848362.75,1822.93,3.4042,109820.757,0.1029,375.204,0.6913,1070365.502,Coal,Residual Oil,Dry bottom wall-fired boiler,NA,NA,Electrostatic Precipitator,NA,"ARP, NBP"
NY,Greenidge Generation LLC,2527,5,CSG003,2005,5632,5628.25,NA,1096472.75,1963.417,3.0541,131956.641,0.1029,438.845,0.6713,1286125.11,Coal,Residual Oil,Dry bottom wall-fired boiler,NA,NA,Electrostatic Precipitator,NA,"ARP, NBP"
NY,Greenidge Generation LLC,2527,5,CSG003,2006,5796,5787.75,NA,952284.62,1743,3.2237,110000.75,0.1029,383.727,0.7077,1072136.192,Coal,Residual Oil,Dry bottom wall-fired boiler,NA,NA,Electrostatic Precipitator,NA,"ARP, NBP"
NY,Greenidge Generation LLC,2527,5,CSG003,2007,1157,1151.5,NA,225202.25,351.308,2.7975,25604.968,0.1029,82.078,0.648,249567.644,Coal,Residual Oil,Dry bottom wall-fired boiler,NA,NA,Electrostatic Precipitator,NA,"ARP, NBP"
NY,Greenidge Generation LLC,2527,5,CSG003,2008,1315,1306.77,NA,206478.96,200.89,2.7723,14886.973,0.1027,43.564,0.58,145072.622,Coal,Residual Oil,Dry bottom wall-fired boiler,NA,NA,Electrostatic Precipitator,NA,"ARP, CAIRNOX, CAIROS, NBP"
NY,Greenidge Generation LLC,2527,5,CSG003,2009,92,89.13,NA,14777.24,20.751,2.516,1588.191,0.0971,4.702,0.555,15484.195,Coal,Residual Oil,Dry bottom wall-fired boiler,NA,NA,Electrostatic Precipitator,NA,"ARP, CAIRNOX, CAIROS, CAIRSO2, RGGI"
NY,Greenidge Generation LLC,2527,5,CSG003,2010,0,0,NA,NA,NA,NA,NA,NA,NA,NA,NA,Coal,Residual Oil,Dry bottom wall-fired boiler,NA,NA,Electrostatic Precipitator,NA,"ARP, CAIRNOX, CAIROS, CAIRSO2, RGGI"
NY,Greenidge Generation LLC,2527,6,NA,1995,8503,8497.25,NA,NA,9824,NA,693991,NA,2058,NA,7184095,Coal,"Residual Oil, Wood",Tangentially-fired,NA,NA,Electrostatic Precipitator,NA,ARP
NY,Greenidge Generation LLC,2527,6,NA,1996,6889,6882.25,NA,NA,7144.4,NA,564824,NA,1489,NA,5512986,Coal,"Residual Oil, Wood",Tangentially-fired,NA,NA,Electrostatic Precipitator,NA,ARP
NY,Greenidge Generation LLC,2527,6,NA,1997,8271,8267.25,714880.25,NA,8125.816,2.2178,747948.625,0.1026,1791.638,0.4992,7315436.825,Coal,"Residual Oil, Wood",Tangentially-fired,NA,NA,Electrostatic Precipitator,NA,ARP
NY,Greenidge Generation LLC,2527,6,NA,1998,8716,8714.25,819193,NA,9026.701,2.1136,869654.225,0.1022,1572.048,0.3757,8538896.5,Coal,"Residual Oil, Wood",Tangentially-fired,NA,NA,Electrostatic Precipitator,NA,ARP
NY,Greenidge Generation LLC,2527,6,NA,1999,8202,8201.5,781829,NA,8864.982,2.1922,840133.8,0.103,1228.36,0.3118,8188413.2,Coal,"Residual Oil, Wood",Tangentially-fired,NA,NA,Electrostatic Precipitator,NA,"ARP, OTC"
NY,Greenidge Generation LLC,2527,6,NA,2000,8559,8551.25,815329,NA,12818.058,3.0052,870613.6,0.103,1465.708,0.3527,8485523.9,Coal,"Residual Oil, Wood",Tangentially-fired,NA,NA,Electrostatic Precipitator,NA,"ARP, OTC"
NY,Greenidge Generation LLC,2527,6,NA,2001,8465,8458.5,763838.5,NA,12771.881,3.0359,858307.6,0.103,1573.194,0.3893,8365555.925,Coal,"Residual Oil, Wood",Tangentially-fired,NA,NA,Electrostatic Precipitator,NA,"ARP, OTC"
NY,Greenidge Generation LLC,2527,6,NA,2002,8499,8490,802237,NA,13369.98,3.0212,902899.85,0.103,1820.74,0.4297,8800191.625,Coal,"Residual Oil, Wood",Tangentially-fired,NA,NA,Electrostatic Precipitator,NA,"ARP, OTC"
NY,Greenidge Generation LLC,2527,6,NA,2003,8291,8278.45,783672.25,NA,12811.736,3.3729,777603.501,0.103,1397.969,0.3792,7578954.418,Coal,"Residual Oil, Wood",Tangentially-fired,NA,NA,Electrostatic Precipitator,NA,"ARP, NBP"
NY,Greenidge Generation LLC,2527,6,NA,2004,8691,8680.5,742653.5,NA,12001.749,3.3894,723853.05,0.103,1130.565,0.3275,7055093.7,Coal,"Residual Oil, Wood",Tangentially-fired,NA,NA,Electrostatic Precipitator,NA,"ARP, NBP"
NY,Greenidge Generation LLC,2527,6,NA,2005,8631,8629.87,748137.87,NA,10243.877,2.882,718521.442,0.103,1172.533,0.3417,7003111.579,Coal,"Residual Oil, Wood",Tangentially-fired,NA,NA,Electrostatic Precipitator,NA,"ARP, NBP"
NY,Greenidge Generation LLC,2527,6,NA,2006,7275,7252.73,605948.71,NA,8027.364,3.1408,519432.582,0.1033,1057.892,0.4256,5056598.679,Coal,"Residual Oil, Wood",Tangentially-fired,NA,NA,Electrostatic Precipitator,NA,"ARP, NBP"
NY,Greenidge Generation LLC,2527,6,NA,2007,7902,7877.62,713360.51,NA,2332.508,0.7216,726877.563,0.1032,673.834,0.1992,7082666.201,Coal,Residual Oil,Tangentially-fired,"Dry Lime FGD (Began May 29, 2007)","Low NOx Burner Technology w/ Closed-coupled OFA (Began May 29, 2007)|Selective Catalytic Reduction (Began May 29, 2007)","Electrostatic Precipitator|Baghouse (Began May 29, 2007)",NA,"ARP, NBP"
NY,Greenidge Generation LLC,2527,6,NA,2008,8459,8447.37,731081.85,NA,447.921,0.145,688271.154,0.1031,539.263,0.1681,6707594.607,Coal,Residual Oil,Tangentially-fired,Dry Lime FGD,Low NOx Burner Technology w/ Closed-coupled OFA|Selective Catalytic Reduction,Electrostatic Precipitator|Baghouse,NA,"ARP, CAIRNOX, CAIROS, NBP"
NY,Greenidge Generation LLC,2527,6,NA,2009,6101,6084.6,476354.16,NA,371.434,0.1957,452418.845,0.1031,361.808,0.1728,4409206.675,Coal,Residual Oil,Tangentially-fired,Dry Lime FGD,Low NOx Burner Technology w/ Closed-coupled OFA|Selective Catalytic Reduction,Electrostatic Precipitator|Baghouse,NA,"ARP, CAIRNOX, CAIROS, CAIRSO2, RGGI"
NY,Greenidge Generation LLC,2527,6,NA,2010,8325,8302.75,605628.98,NA,448.865,0.1731,599104.657,0.1031,560.988,0.2032,5838307.245,Coal,Residual Oil,Tangentially-fired,Dry Lime FGD,Low NOx Burner Technology w/ Closed-coupled OFA|Selective Catalytic Reduction,Electrostatic Precipitator|Baghouse,NA,"ARP, CAIRNOX, CAIROS, CAIRSO2, RGGI"
NY,Greenidge Generation LLC,2527,6,NA,2011,1776,1771.21,108122.84,NA,80.256,0.1621,113357.495,0.1031,133.618,0.2475,1104779.919,Coal,Residual Oil,Tangentially-fired,Dry Lime FGD,Low NOx Burner Technology w/ Closed-coupled OFA|Selective Catalytic Reduction,Electrostatic Precipitator|Baghouse,NA,"ARP, CAIRNOX, CAIROS, CAIRSO2, RGGI"
NY,Greenidge Generation LLC,2527,6,NA,2012,0,0,NA,NA,NA,NA,NA,NA,NA,NA,NA,Coal,Residual Oil,Tangentially-fired,Dry Lime FGD,Low NOx Burner Technology w/ Closed-coupled OFA|Selective Catalytic Reduction,Electrostatic Precipitator|Baghouse,NA,"ARP, CAIRNOX, CAIROS, CAIRSO2, RGGI"
NY,Greenidge Generation LLC,2527,6,NA,2013,0,0,NA,NA,NA,NA,NA,NA,NA,NA,NA,Coal,Residual Oil,Tangentially-fired,Dry Lime FGD,Low NOx Burner Technology w/ Closed-coupled OFA|Selective Catalytic Reduction,Electrostatic Precipitator|Baghouse,NA,"ARP, CAIRNOX, CAIROS, CAIRSO2, RGGI"
NY,Greenidge Generation LLC,2527,6,NA,2014,0,0,NA,NA,NA,NA,NA,NA,NA,NA,NA,Coal,Residual Oil,Tangentially-fired,Dry Lime FGD,Low NOx Burner Technology w/ Closed-coupled OFA|Selective Catalytic Reduction,Electrostatic Precipitator|Baghouse,NA,"ARP, CAIRNOX, CAIROS, CAIRSO2, RGGI"
NY,Greenidge Generation LLC,2527,6,NA,2015,0,0,NA,NA,NA,NA,NA,NA,NA,NA,NA,Coal,Residual Oil,Tangentially-fired,Dry Lime FGD,Low NOx Burner Technology w/ Closed-coupled OFA|Selective Catalytic Reduction,Electrostatic Precipitator|Baghouse,NA,"ARP, CSNOX, CSNOXOS, CSSO2G1, MATS, RGGI"
NY,Greenidge Generation LLC,2527,6,NA,2016,0,0,NA,NA,NA,NA,NA,NA,NA,NA,NA,Coal,Residual Oil,Tangentially-fired,Dry Lime FGD,Low NOx Burner Technology w/ Closed-coupled OFA|Selective Catalytic Reduction,Electrostatic Precipitator|Baghouse,NA,"ARP, CSNOX, CSNOXOS, CSSO2G1, MATS, RGGI"
NY,Greenidge Generation LLC,2527,6,NA,2017,3008,2951.75,179575.06,NA,0.617,9e-4,124008.779,0.0589,170.258,0.116,2091728.2,"Coal, Pipeline Natural Gas","Residual Oil, Wood",Tangentially-fired,Dry Lime FGD,Low NOx Burner Technology w/ Closed-coupled OFA|Selective Catalytic Reduction,Electrostatic Precipitator|Baghouse,NA,"ARP, CSNOX, CSOSG2, CSSO2G1, MATS, RGGI"
NY,Greenidge Generation LLC,2527,6,NA,2018,3033,3007.68,203863.7,NA,0.603,9e-4,119304.643,0.059,94.106,0.0892,2010041.07,Pipeline Natural Gas,Wood,Tangentially-fired,Dry Lime FGD,Low NOx Burner Technology w/ Closed-coupled OFA|Selective Catalytic Reduction,Electrostatic Precipitator|Baghouse,NA,"ARP, CSNOX, CSOSG2, CSSO2G1, RGGI"
NY,Greenidge Generation LLC,2527,6,NA,2019,1135,1123.86,60302.59,NA,0.202,0.001,39405.796,0.0587,7.93,0.0227,664721.499,Pipeline Natural Gas,Wood,Tangentially-fired,Dry Lime FGD,Low NOx Burner Technology w/ Closed-coupled OFA|Selective Catalytic Reduction,Electrostatic Precipitator|Baghouse,NA,"ARP, CSNOX, CSOSG2, CSSO2G1, RGGI"
NY,Greenidge Generation LLC,2527,6,NA,2020,7916,7893.03,392647.58,NA,1.174,0.001,228303.061,0.0591,49.58,0.025,3849053.684,Pipeline Natural Gas,Wood,Tangentially-fired,Dry Lime FGD,Low NOx Burner Technology w/ Closed-coupled OFA|Selective Catalytic Reduction,Electrostatic Precipitator|Baghouse,NA,"ARP, CSNOX, CSOSG2, CSSO2G1, RGGI"
NY,Greenidge Generation LLC,2527,6,NA,2021,8634,8631,482581.69,NA,1.412,0.001,278846.384,0.059,50.389,0.0209,4703821.88,Pipeline Natural Gas,Wood,Tangentially-fired,Dry Lime FGD,Low NOx Burner Technology w/ Closed-coupled OFA|Selective Catalytic Reduction,Electrostatic Precipitator|Baghouse,NA,"ARP, CSNOX, CSOSG3, CSSO2G1, RGGI"
NY,Greenidge Generation LLC,2527,6,NA,2022,8441,8429.68,584851.36,NA,1.783,0.001,343046.31,0.059,46.335,0.015,5786849.888,Pipeline Natural Gas,Wood,Tangentially-fired,Dry Lime FGD,Low NOx Burner Technology w/ Closed-coupled OFA|Selective Catalytic Reduction,Electrostatic Precipitator|Baghouse,NA,"ARP, CSNOX, CSOSG3, CSSO2G1, RGGI"
NY,Greenidge Generation LLC,2527,6,NA,2023,8446,8439.08,665425.54,NA,1.936,0.001,388036.305,0.059,66.151,0.0189,6544486.668,Pipeline Natural Gas,Wood,Tangentially-fired,Dry Lime FGD,Low NOx Burner Technology w/ Closed-coupled OFA|Selective Catalytic Reduction,Electrostatic Precipitator|Baghouse,NA,"ARP, CSNOX, CSOSG3, CSSO2G1, RGGI"
NY,Greenidge Generation LLC,2527,6,NA,2024,8567,8562.97,721855.94,NA,2.098,0.001,417542.866,0.059,82.305,0.0227,7033934.272,Pipeline Natural Gas,Wood,Tangentially-fired,Dry Lime FGD,Low NOx Burner Technology w/ Closed-coupled OFA|Selective Catalytic Reduction,Electrostatic Precipitator|Baghouse,NA,"ARP, CSNOX, CSOSG2E, CSSO2G1, RGGI"
NY,GMMM Hickling,2529,1,CSH001,1995,NA,NA,NA,NA,536.5,NA,65058.3,NA,122,NA,685375,Coal,Wood,Stoker,NA,NA,Electrostatic Precipitator,NA,ARP
NY,GMMM Hickling,2529,1,CSH001,1996,NA,NA,NA,NA,0,NA,0,NA,0,NA,0,Coal,Wood,Stoker,NA,NA,Electrostatic Precipitator,NA,ARP
NY,GMMM Hickling,2529,1,CSH001,1997,NA,NA,NA,NA,NA,NA,NA,NA,NA,NA,NA,Coal,Wood,Stoker,NA,NA,Electrostatic Precipitator,NA,ARP
NY,GMMM Hickling,2529,1,CSH001,1998,3742,3740.5,NA,346881049,463.086,2.0417,77005.067,0.1045,812.251,1.9822,732622.888,Coal,Wood,Stoker,NA,NA,Electrostatic Precipitator,NA,ARP
NY,GMMM Hickling,2529,1,CSH001,1999,3006,3004.5,NA,311858.5,368.057,1.5817,50140.382,0.1051,101.702,0.4244,477038.667,Coal,Wood,Stoker,NA,NA,Electrostatic Precipitator,NA,"ARP, OTC"
NY,GMMM Hickling,2529,1,CSH001,2000,2439,2428.25,NA,277438.5,407.891,2.0008,43615.324,0.105,83.041,0.3927,414981.342,Coal,Wood,Stoker,NA,NA,Electrostatic Precipitator,NA,"ARP, OTC"
NY,GMMM Hickling,2529,1,NA,2001,NA,NA,NA,NA,NA,NA,NA,NA,NA,NA,NA,Coal,Wood,Stoker,NA,NA,Electrostatic Precipitator,NA,"ARP, OTC"
NY,GMMM Hickling,2529,1,NA,2002,NA,NA,NA,NA,NA,NA,NA,NA,NA,NA,NA,Coal,Wood,Stoker,NA,NA,Electrostatic Precipitator,NA,"ARP, OTC"
NY,GMMM Hickling,2529,1,NA,2003,NA,NA,NA,NA,NA,NA,NA,NA,NA,NA,NA,Coal,Wood,Stoker,NA,NA,Electrostatic Precipitator,NA,"ARP, NBP"
NY,GMMM Hickling,2529,1,NA,2004,NA,NA,NA,NA,NA,NA,NA,NA,NA,NA,NA,Coal,Wood,Stoker,NA,NA,Electrostatic Precipitator,NA,"ARP, NBP"
NY,GMMM Hickling,2529,1,NA,2005,0,0,NA,NA,NA,NA,NA,NA,NA,NA,NA,Coal,Wood,Stoker,NA,NA,Electrostatic Precipitator,NA,"ARP, NBP"
NY,GMMM Hickling,2529,1,NA,2006,0,0,NA,NA,NA,NA,NA,NA,NA,NA,NA,Coal,Wood,Stoker,NA,NA,Electrostatic Precipitator,NA,"ARP, NBP"
NY,GMMM Hickling,2529,1,NA,2007,0,0,NA,NA,NA,NA,NA,NA,NA,NA,NA,Coal,Wood,Stoker,NA,NA,Electrostatic Precipitator,NA,"ARP, NBP"
NY,GMMM Hickling,2529,2,CSH001,1995,NA,NA,NA,NA,558.5,NA,67719.7,NA,126,NA,713049,Coal,Wood,Stoker,NA,NA,Electrostatic Precipitator,NA,ARP
NY,GMMM Hickling,2529,2,CSH001,1996,NA,NA,NA,NA,0,NA,0,NA,0,NA,0,Coal,Wood,Stoker,NA,NA,Electrostatic Precipitator,NA,ARP
NY,GMMM Hickling,2529,2,CSH001,1997,NA,NA,NA,NA,NA,NA,NA,NA,NA,NA,NA,Coal,Wood,Stoker,NA,NA,Electrostatic Precipitator,NA,ARP
NY,GMMM Hickling,2529,2,CSH001,1998,2953,2952.25,NA,277745850,316.037,1.2512,52781.233,0.105,919.241,2.4372,502145.212,Coal,Wood,Stoker,NA,NA,Electrostatic Precipitator,NA,ARP
NY,GMMM Hickling,2529,2,CSH001,1999,2891,2889.5,NA,327536.5,391.107,1.5948,52488.321,0.105,107.994,0.43,499381.83,Coal,Wood,Stoker,NA,NA,Electrostatic Precipitator,NA,"ARP, OTC"
NY,GMMM Hickling,2529,2,CSH001,2000,3719,3708.25,NA,408974.5,551.644,1.9693,59893.099,0.105,113.83,0.3936,569846.282,Coal,Wood,Stoker,NA,NA,Electrostatic Precipitator,NA,"ARP, OTC"
NY,GMMM Hickling,2529,2,NA,2001,NA,NA,NA,NA,NA,NA,NA,NA,NA,NA,NA,Coal,Wood,Stoker,NA,NA,Electrostatic Precipitator,NA,"ARP, OTC"
NY,GMMM Hickling,2529,2,NA,2002,NA,NA,NA,NA,NA,NA,NA,NA,NA,NA,NA,Coal,Wood,Stoker,NA,NA,Electrostatic Precipitator,NA,"ARP, OTC"
NY,GMMM Hickling,2529,2,NA,2003,NA,NA,NA,NA,NA,NA,NA,NA,NA,NA,NA,Coal,Wood,Stoker,NA,NA,Electrostatic Precipitator,NA,"ARP, NBP"
NY,GMMM Hickling,2529,2,NA,2004,NA,NA,NA,NA,NA,NA,NA,NA,NA,NA,NA,Coal,Wood,Stoker,NA,NA,Electrostatic Precipitator,NA,"ARP, NBP"
NY,GMMM Hickling,2529,2,NA,2005,0,0,NA,NA,NA,NA,NA,NA,NA,NA,NA,Coal,Wood,Stoker,NA,NA,Electrostatic Precipitator,NA,"ARP, NBP"
NY,GMMM Hickling,2529,2,NA,2006,0,0,NA,NA,NA,NA,NA,NA,NA,NA,NA,Coal,Wood,Stoker,NA,NA,Electrostatic Precipitator,NA,"ARP, NBP"
NY,GMMM Hickling,2529,2,NA,2007,0,0,NA,NA,NA,NA,NA,NA,NA,NA,NA,Coal,Wood,Stoker,NA,NA,Electrostatic Precipitator,NA,"ARP, NBP"
NY,GMMM Hickling,2529,3,CSH002,1995,NA,NA,NA,NA,1487.2,NA,198868.5,NA,367,NA,1928220,Coal,Wood,Stoker,NA,NA,Electrostatic Precipitator,NA,ARP
NY,GMMM Hickling,2529,3,CSH002,1996,NA,NA,NA,NA,917.1,NA,150934.6,NA,304,NA,1435998,Coal,Wood,Stoker,NA,NA,Electrostatic Precipitator,NA,ARP
NY,GMMM Hickling,2529,3,CSH002,1997,7673,7672.25,NA,1243716846,1391.736,1.4748000000000001,196626.291,0.105,391.426,0.4168,1870687.888,Coal,Wood,Stoker,NA,NA,Electrostatic Precipitator,NA,ARP
NY,GMMM Hickling,2529,3,CSH002,1998,8575,8575,NA,1387998028,1361.932,1.2738,224492.921,0.105,448.154,0.4188,2135822.253,Coal,Wood,Stoker,NA,NA,Electrostatic Precipitator,NA,ARP
NY,GMMM Hickling,2529,3,CSH002,1999,5917,5917,NA,880866,924.723,1.3974,138303.175,0.1052,255.67,0.3831,1315822.57,Coal,Wood,Stoker,NA,NA,Electrostatic Precipitator,NA,"ARP, OTC"
NY,GMMM Hickling,2529,3,CSH002,2000,3639,3625,NA,507065.75,795.623,2.1438,78238.618,0.105,134.89,0.3564,744359.405,Coal,Wood,Stoker,NA,NA,Electrostatic Precipitator,NA,"ARP, OTC"
NY,GMMM Hickling,2529,3,NA,2001,NA,NA,NA,NA,NA,NA,NA,NA,NA,NA,NA,Coal,Wood,Stoker,NA,NA,Electrostatic Precipitator,NA,"ARP, OTC"
NY,GMMM Hickling,2529,3,NA,2002,NA,NA,NA,NA,NA,NA,NA,NA,NA,NA,NA,Coal,Wood,Stoker,NA,NA,Electrostatic Precipitator,NA,"ARP, OTC"
NY,GMMM Hickling,2529,3,NA,2003,NA,NA,NA,NA,NA,NA,NA,NA,NA,NA,NA,Coal,Wood,Stoker,NA,NA,Electrostatic Precipitator,NA,"ARP, NBP"
NY,GMMM Hickling,2529,3,NA,2004,NA,NA,NA,NA,NA,NA,NA,NA,NA,NA,NA,Coal,Wood,Stoker,NA,NA,Electrostatic Precipitator,NA,"ARP, NBP"
NY,GMMM Hickling,2529,3,NA,2005,0,0,NA,NA,NA,NA,NA,NA,NA,NA,NA,Coal,Wood,Stoker,NA,NA,Electrostatic Precipitator,NA,"ARP, NBP"
NY,GMMM Hickling,2529,3,NA,2006,0,0,NA,NA,NA,NA,NA,NA,NA,NA,NA,Coal,Wood,Stoker,NA,NA,Electrostatic Precipitator,NA,"ARP, NBP"
NY,GMMM Hickling,2529,3,NA,2007,0,0,NA,NA,NA,NA,NA,NA,NA,NA,NA,Coal,Wood,Stoker,NA,NA,Electrostatic Precipitator,NA,"ARP, NBP"
NY,GMMM Hickling,2529,4,CSH002,1995,NA,NA,NA,NA,1457.8,NA,194924.5,NA,360,NA,1890171,Coal,Wood,Stoker,NA,NA,Electrostatic Precipitator,NA,ARP
NY,GMMM Hickling,2529,4,CSH002,1996,NA,NA,NA,NA,858.2,NA,141254.4,NA,285,NA,1343856,Coal,Wood,Stoker,NA,NA,Electrostatic Precipitator,NA,ARP
NY,GMMM Hickling,2529,4,CSH002,1997,7586,7582.75,NA,1168112464.5,1293.821,1.4613,185006.208,0.1049,365.716,0.4117,1760143.112,Coal,Wood,Stoker,NA,NA,Electrostatic Precipitator,NA,ARP
NY,GMMM Hickling,2529,4,CSH002,1998,8683,8683,NA,1365635613,1363.003,1.2721,225087.081,0.105,446.575,0.4183,2141486.047,Coal,Wood,Stoker,NA,NA,Electrostatic Precipitator,NA,ARP
NY,GMMM Hickling,2529,4,CSH002,1999,6076,6076,NA,918337,956.875,1.3909,142644.824,0.105,263.746,0.3857,1357126.23,Coal,Wood,Stoker,NA,NA,Electrostatic Precipitator,NA,"ARP, OTC"
NY,GMMM Hickling,2529,4,CSH002,2000,3766,3751.5,NA,498055.75,687.141,1.911,77707.929,0.105,141.356,0.3732,739293.046,Coal,Wood,Stoker,NA,NA,Electrostatic Precipitator,NA,"ARP, OTC"
NY,GMMM Hickling,2529,4,NA,2001,NA,NA,NA,NA,NA,NA,NA,NA,NA,NA,NA,Coal,Wood,Stoker,NA,NA,Electrostatic Precipitator,NA,"ARP, OTC"
NY,GMMM Hickling,2529,4,NA,2002,NA,NA,NA,NA,NA,NA,NA,NA,NA,NA,NA,Coal,Wood,Stoker,NA,NA,Electrostatic Precipitator,NA,"ARP, OTC"
NY,GMMM Hickling,2529,4,NA,2003,NA,NA,NA,NA,NA,NA,NA,NA,NA,NA,NA,Coal,Wood,Stoker,NA,NA,Electrostatic Precipitator,NA,"ARP, NBP"
NY,GMMM Hickling,2529,4,NA,2004,NA,NA,NA,NA,NA,NA,NA,NA,NA,NA,NA,Coal,Wood,Stoker,NA,NA,Electrostatic Precipitator,NA,"ARP, NBP"
NY,GMMM Hickling,2529,4,NA,2005,0,0,NA,NA,NA,NA,NA,NA,NA,NA,NA,Coal,Wood,Stoker,NA,NA,Electrostatic Precipitator,NA,"ARP, NBP"
NY,GMMM Hickling,2529,4,NA,2006,0,0,NA,NA,NA,NA,NA,NA,NA,NA,NA,Coal,Wood,Stoker,NA,NA,Electrostatic Precipitator,NA,"ARP, NBP"
NY,GMMM Hickling,2529,4,NA,2007,0,0,NA,NA,NA,NA,NA,NA,NA,NA,NA,Coal,Wood,Stoker,NA,NA,Electrostatic Precipitator,NA,"ARP, NBP"
NY,GMMM Jennison,2531,1,CSJ001,1995,NA,NA,NA,NA,470.1,NA,67473.5,NA,110,NA,653132,Coal,Wood,Stoker,NA,NA,Electrostatic Precipitator,NA,ARP
NY,GMMM Jennison,2531,1,CSJ001,1996,NA,NA,NA,NA,630.3,NA,83880.6,NA,134,NA,789371,Coal,Wood,Stoker,NA,NA,Electrostatic Precipitator,NA,ARP
NY,GMMM Jennison,2531,1,CSJ001,1997,2806,2803.25,NA,320681903.25,548.039,2.1432,53173.206,0.105,85.331,0.3342,505886.421,Coal,Wood,Stoker,NA,NA,Electrostatic Precipitator,NA,ARP
NY,GMMM Jennison,2531,1,CSJ001,1998,2796,2796,NA,277245466,452.342,2.3096,40624.131,0.105,66.234,0.3327,386504.1,Coal,Wood,Stoker,NA,NA,Electrostatic Precipitator,NA,ARP
NY,GMMM Jennison,2531,1,CSJ001,1999,1900,1900,NA,212294,292.185,1.8147,33247.671,0.105,51.665,0.3297,316314.444,Coal,Wood,Stoker,NA,NA,Electrostatic Precipitator,NA,"ARP, OTC"
NY,GMMM Jennison,2531,1,CSJ001,2000,4430,4426.75,NA,538752,788.084,1.9288,84102.526,0.1043,142.384,0.3478,806655.55,Coal,Wood,Stoker,NA,NA,Electrostatic Precipitator,NA,"ARP, OTC"
NY,GMMM Jennison,2531,1,NA,2001,NA,NA,NA,NA,NA,NA,NA,NA,NA,NA,NA,Coal,Wood,Stoker,NA,NA,Electrostatic Precipitator,NA,"ARP, OTC"
NY,GMMM Jennison,2531,1,NA,2002,NA,NA,NA,NA,NA,NA,NA,NA,NA,NA,NA,Coal,Wood,Stoker,NA,NA,Electrostatic Precipitator,NA,"ARP, OTC"
NY,GMMM Jennison,2531,1,NA,2003,NA,NA,NA,NA,NA,NA,NA,NA,NA,NA,NA,Coal,Wood,Stoker,NA,NA,Electrostatic Precipitator,NA,"ARP, NBP"
NY,GMMM Jennison,2531,1,NA,2004,NA,NA,NA,NA,NA,NA,NA,NA,NA,NA,NA,Coal,Wood,Stoker,NA,NA,Electrostatic Precipitator,NA,"ARP, NBP"
NY,GMMM Jennison,2531,1,NA,2005,0,0,NA,NA,NA,NA,NA,NA,NA,NA,NA,Coal,Wood,Stoker,NA,NA,Electrostatic Precipitator,NA,"ARP, NBP"
NY,GMMM Jennison,2531,1,NA,2006,0,0,NA,NA,NA,NA,NA,NA,NA,NA,NA,Coal,Wood,Stoker,NA,NA,Electrostatic Precipitator,NA,"ARP, NBP"
NY,GMMM Jennison,2531,1,NA,2007,0,0,NA,NA,NA,NA,NA,NA,NA,NA,NA,Coal,Wood,Stoker,NA,NA,Electrostatic Precipitator,NA,"ARP, NBP"
NY,GMMM Jennison,2531,2,CSJ001,1995,NA,NA,NA,NA,404.9,NA,58125.5,NA,95,NA,562712,Coal,Wood,Stoker,NA,NA,Electrostatic Precipitator,NA,ARP
NY,GMMM Jennison,2531,2,CSJ001,1996,NA,NA,NA,NA,661.8,NA,88063.4,NA,143,NA,846495,Coal,Wood,Stoker,NA,NA,Electrostatic Precipitator,NA,ARP
NY,GMMM Jennison,2531,2,CSJ001,1997,2800,2797.25,NA,342284600.75,589.406,2.1307,57364.095,0.105,92.276,0.3348,545754.23,Coal,Wood,Stoker,NA,NA,Electrostatic Precipitator,NA,ARP
NY,GMMM Jennison,2531,2,CSJ001,1998,2924,2923.25,NA,325529915,527.367,2.2976,47582.47,0.105,77.88,0.3325,452708.2,Coal,Wood,Stoker,NA,NA,Electrostatic Precipitator,NA,ARP
NY,GMMM Jennison,2531,2,CSJ001,1999,1794,1794,NA,226297,309.636,1.8451,35123.254,0.105,56.06,0.3386,334162.756,Coal,Wood,Stoker,NA,NA,Electrostatic Precipitator,NA,"ARP, OTC"
NY,GMMM Jennison,2531,2,CSJ001,2000,3562,3559.75,NA,439601,637.647,1.9195,68326.048,0.1042,118.947,0.3549,656827.9,Coal,Wood,Stoker,NA,NA,Electrostatic Precipitator,NA,"ARP, OTC"
NY,GMMM Jennison,2531,2,NA,2001,NA,NA,NA,NA,NA,NA,NA,NA,NA,NA,NA,Coal,Wood,Stoker,NA,NA,Electrostatic Precipitator,NA,"ARP, OTC"
NY,GMMM Jennison,2531,2,NA,2002,NA,NA,NA,NA,NA,NA,NA,NA,NA,NA,NA,Coal,Wood,Stoker,NA,NA,Electrostatic Precipitator,NA,"ARP, OTC"
NY,GMMM Jennison,2531,2,NA,2003,NA,NA,NA,NA,NA,NA,NA,NA,NA,NA,NA,Coal,Wood,Stoker,NA,NA,Electrostatic Precipitator,NA,"ARP, NBP"
NY,GMMM Jennison,2531,2,NA,2004,NA,NA,NA,NA,NA,NA,NA,NA,NA,NA,NA,Coal,Wood,Stoker,NA,NA,Electrostatic Precipitator,NA,"ARP, NBP"
NY,GMMM Jennison,2531,2,NA,2005,0,0,NA,NA,NA,NA,NA,NA,NA,NA,NA,Coal,Wood,Stoker,NA,NA,Electrostatic Precipitator,NA,"ARP, NBP"
NY,GMMM Jennison,2531,2,NA,2006,0,0,NA,NA,NA,NA,NA,NA,NA,NA,NA,Coal,Wood,Stoker,NA,NA,Electrostatic Precipitator,NA,"ARP, NBP"
NY,GMMM Jennison,2531,2,NA,2007,0,0,NA,NA,NA,NA,NA,NA,NA,NA,NA,Coal,Wood,Stoker,NA,NA,Electrostatic Precipitator,NA,"ARP, NBP"
NY,GMMM Jennison,2531,3,CSJ002,1995,NA,NA,NA,NA,620.7,NA,93062.1,NA,145,NA,902637,Coal,Wood,Stoker,NA,NA,Electrostatic Precipitator,NA,ARP
NY,GMMM Jennison,2531,3,CSJ002,1996,NA,NA,NA,NA,761.9,NA,104213.3,NA,163,NA,991489,Coal,Wood,Stoker,NA,NA,Electrostatic Precipitator,NA,ARP
NY,GMMM Jennison,2531,3,CSJ002,1997,5885,5881.5,NA,627223342.25,1073.516,2.1631,102771.409,0.105,159.447,0.3228,977763.451,Coal,Wood,Stoker,NA,NA,Electrostatic Precipitator,NA,ARP
NY,GMMM Jennison,2531,3,CSJ002,1998,3064,3062.25,NA,283648605,527.219,2.2976,47704.969,0.105,83.552,0.3586,453861.945,Coal,Wood,Stoker,NA,NA,Electrostatic Precipitator,NA,ARP
NY,GMMM Jennison,2531,3,CSJ002,1999,3333,3333,NA,399448,562.523,1.6819,71020.199,0.105,107.247,0.319,675705.815,Coal,Wood,Stoker,NA,NA,Electrostatic Precipitator,NA,"ARP, OTC"
NY,GMMM Jennison,2531,3,CSJ002,2000,6264,6259.5,NA,694729.75,924.952,1.6211,119363.548,0.1044,189.572,0.3274,1143232.498,Coal,Wood,Stoker,NA,NA,Electrostatic Precipitator,NA,"ARP, OTC"
NY,GMMM Jennison,2531,3,NA,2001,NA,NA,NA,NA,NA,NA,NA,NA,NA,NA,NA,Coal,Wood,Stoker,NA,NA,Electrostatic Precipitator,NA,"ARP, OTC"
NY,GMMM Jennison,2531,3,NA,2002,NA,NA,NA,NA,NA,NA,NA,NA,NA,NA,NA,Coal,Wood,Stoker,NA,NA,Electrostatic Precipitator,NA,"ARP, OTC"
NY,GMMM Jennison,2531,3,NA,2003,NA,NA,NA,NA,NA,NA,NA,NA,NA,NA,NA,Coal,Wood,Stoker,NA,NA,Electrostatic Precipitator,NA,"ARP, NBP"
NY,GMMM Jennison,2531,3,NA,2004,NA,NA,NA,NA,NA,NA,NA,NA,NA,NA,NA,Coal,Wood,Stoker,NA,NA,Electrostatic Precipitator,NA,"ARP, NBP"
NY,GMMM Jennison,2531,3,NA,2005,0,0,NA,NA,NA,NA,NA,NA,NA,NA,NA,Coal,Wood,Stoker,NA,NA,Electrostatic Precipitator,NA,"ARP, NBP"
NY,GMMM Jennison,2531,3,NA,2006,0,0,NA,NA,NA,NA,NA,NA,NA,NA,NA,Coal,Wood,Stoker,NA,NA,Electrostatic Precipitator,NA,"ARP, NBP"
NY,GMMM Jennison,2531,3,NA,2007,0,0,NA,NA,NA,NA,NA,NA,NA,NA,NA,Coal,Wood,Stoker,NA,NA,Electrostatic Precipitator,NA,"ARP, NBP"
NY,GMMM Jennison,2531,4,CSJ002,1995,NA,NA,NA,NA,640.3,NA,95988.9,NA,147,NA,930921,Coal,Wood,Stoker,NA,NA,Electrostatic Precipitator,NA,ARP
NY,GMMM Jennison,2531,4,CSJ002,1996,NA,NA,NA,NA,923.3,NA,126297.7,NA,188,NA,1201592,Coal,Wood,Stoker,NA,NA,Electrostatic Precipitator,NA,ARP
NY,GMMM Jennison,2531,4,CSJ002,1997,5808,5805.5,NA,633126022.5,1072.006,2.1648,102600.918,0.105,156.609,0.3199,976151.674,Coal,Wood,Stoker,NA,NA,Electrostatic Precipitator,NA,ARP
NY,GMMM Jennison,2531,4,CSJ002,1998,3656,3654.25,NA,382977801,683.66,2.2711,62603.231,0.105,109.557,0.3585,595610.905,Coal,Wood,Stoker,NA,NA,Electrostatic Precipitator,NA,ARP
NY,GMMM Jennison,2531,4,CSJ002,1999,3954,3953.75,NA,495576.5,660.797,1.5865,88634,0.105,133.847,0.3194,843275.81,Coal,Wood,Stoker,NA,NA,Electrostatic Precipitator,NA,"ARP, OTC"
NY,GMMM Jennison,2531,4,CSJ002,2000,6289,6282.5,NA,626956,887.486,1.6439,109522.676,0.1043,168.182,0.3221,1051682.977,Coal,Wood,Stoker,NA,NA,Electrostatic Precipitator,NA,"ARP, OTC"
NY,GMMM Jennison,2531,4,NA,2001,NA,NA,NA,NA,NA,NA,NA,NA,NA,NA,NA,Coal,Wood,Stoker,NA,NA,Electrostatic Precipitator,NA,"ARP, OTC"
NY,GMMM Jennison,2531,4,NA,2002,NA,NA,NA,NA,NA,NA,NA,NA,NA,NA,NA,Coal,Wood,Stoker,NA,NA,Electrostatic Precipitator,NA,"ARP, OTC"
NY,GMMM Jennison,2531,4,NA,2003,NA,NA,NA,NA,NA,NA,NA,NA,NA,NA,NA,Coal,Wood,Stoker,NA,NA,Electrostatic Precipitator,NA,"ARP, NBP"
NY,GMMM Jennison,2531,4,NA,2004,NA,NA,NA,NA,NA,NA,NA,NA,NA,NA,NA,Coal,Wood,Stoker,NA,NA,Electrostatic Precipitator,NA,"ARP, NBP"
NY,GMMM Jennison,2531,4,NA,2005,0,0,NA,NA,NA,NA,NA,NA,NA,NA,NA,Coal,Wood,Stoker,NA,NA,Electrostatic Precipitator,NA,"ARP, NBP"
NY,GMMM Jennison,2531,4,NA,2006,0,0,NA,NA,NA,NA,NA,NA,NA,NA,NA,Coal,Wood,Stoker,NA,NA,Electrostatic Precipitator,NA,"ARP, NBP"
NY,GMMM Jennison,2531,4,NA,2007,0,0,NA,NA,NA,NA,NA,NA,NA,NA,NA,Coal,Wood,Stoker,NA,NA,Electrostatic Precipitator,NA,"ARP, NBP"
NY,"Cayuga Operating Company, LLC",2535,1,"CSM001, CSM002, CSM003",1995,6560,6556.75,NA,NA,5158.3,NA,1252644.5,NA,2069,NA,10676134,Coal,Residual Oil,Tangentially-fired,"Wet Limestone (Began Jun 17, 1995)",Low NOx Burner Technology w/ Closed-coupled/Separated OFA,Electrostatic Precipitator,NA,ARP
NY,"Cayuga Operating Company, LLC",2535,1,"CSM001, CSM002, CSM003",1996,8133,8126.5,NA,NA,2165.4,NA,1124251.6,NA,2081,NA,10957336,Coal,Residual Oil,Tangentially-fired,Wet Limestone,Low NOx Burner Technology w/ Closed-coupled/Separated OFA,Electrostatic Precipitator,NA,ARP
NY,"Cayuga Operating Company, LLC",2535,1,"CSM001, CSM002, CSM003",1997,8198,8197.5,1095817.25,NA,2716.499,0.4923,1105245.077,0.103,1925.593,0.3585,10772350.457,Coal,Residual Oil,Tangentially-fired,Wet Limestone,Low NOx Burner Technology w/ Closed-coupled/Separated OFA,Electrostatic Precipitator,NA,ARP
NY,"Cayuga Operating Company, LLC",2535,1,"CSM001, CSM002, CSM003",1998,8760,8760,1204651,NA,4280.491,0.6995,1240012.264,0.103,1923.699,0.3183,12085897.632,Coal,Residual Oil,Tangentially-fired,Wet Limestone,Low NOx Burner Technology w/ Closed-coupled/Separated OFA,Electrostatic Precipitator,NA,ARP
NY,"Cayuga Operating Company, LLC",2535,1,"CSM001, CSM002, CSM003",1999,8637,8637,1270756,NA,3749.599,0.5854,1323755.302,0.103,1874.021,0.2925,12902090.844,Coal,Residual Oil,Tangentially-fired,Wet Limestone,Low NOx Burner Technology w/ Closed-coupled/Separated OFA,Electrostatic Precipitator,NA,"ARP, OTC"
NY,"Cayuga Operating Company, LLC",2535,1,"CSM001, CSM002, CSM003",2000,8528,8526,NA,8684801,4683.012,0.7149,1290232.428,0.103,2016.103,0.3186,12575324.144,Coal,Residual Oil,Tangentially-fired,Wet Limestone,Low NOx Burner Technology w/ Closed-coupled/Separated OFA,Electrostatic Precipitator,NA,"ARP, OTC"
NY,"Cayuga Operating Company, LLC",2535,1,"CSM001, CSM002, CSM003",2001,7238,7235.5,NA,7656236.25,1153.909,0.2056,1109033.156,0.103,1625.769,0.3001,10809315.426,Coal,Residual Oil,Tangentially-fired,Wet Limestone,"Low NOx Burner Technology w/ Closed-coupled/Separated OFA|Selective Catalytic Reduction (Began Jun 01, 2001)",Electrostatic Precipitator,NA,"ARP, OTC"
NY,"Cayuga Operating Company, LLC",2535,1,"CSM001, CSM002, CSM003",2002,8486,8479.5,NA,8779352.75,2702.293,0.4079,1331081.902,0.103,1986.771,0.3061,12973467.103,Coal,Residual Oil,Tangentially-fired,Wet Limestone,Low NOx Burner Technology w/ Closed-coupled/Separated OFA|Selective Catalytic Reduction,Electrostatic Precipitator,NA,"ARP, OTC"
NY,"Cayuga Operating Company, LLC",2535,1,"CSM001, CSM002, CSM003",2003,8418,8410.75,1257681.75,NA,2050.282,0.3214,1294824.643,0.103,1721.168,0.2701,12620112.859,Coal,Residual Oil,Tangentially-fired,Wet Limestone,Low NOx Burner Technology w/ Closed-coupled/Separated OFA|Selective Catalytic Reduction,Electrostatic Precipitator,NA,"ARP, NBP"
NY,"Cayuga Operating Company, LLC",2535,1,"CSM001, CSM002, CSM003",2004,8365,8363.25,1248128,NA,1530.329,0.249,1250261.768,0.103,1469.184,0.2377,12185722.252,Coal,Residual Oil,Tangentially-fired,Wet Limestone,Low NOx Burner Technology w/ Closed-coupled/Separated OFA|Selective Catalytic Reduction,Electrostatic Precipitator,NA,"ARP, NBP"
NY,"Cayuga Operating Company, LLC",2535,1,"CSM001, CSM002, CSM003",2005,8753,8751.5,1318486.5,NA,1505.322,0.2374,1269839.342,0.103,1140.836,0.1864,12376494.238,Coal,Residual Oil,Tangentially-fired,Wet Limestone,Low NOx Burner Technology w/ Closed-coupled/Separated OFA|Selective Catalytic Reduction,Electrostatic Precipitator,NA,"ARP, NBP"
NY,"Cayuga Operating Company, LLC",2535,1,"CSM001, CSM002, CSM003",2006,8227,8219.06,1212826.28,NA,675.256,0.1109,1198609.077,0.103,1176.922,0.2035,11682235.113,Coal,Residual Oil,Tangentially-fired,Wet Limestone,Low NOx Burner Technology w/ Closed-coupled/Separated OFA|Selective Catalytic Reduction,Electrostatic Precipitator,NA,"ARP, NBP"
NY,"Cayuga Operating Company, LLC",2535,1,"CSM001, CSM002, CSM003",2007,8091,8085.32,1196023.94,NA,1401.539,0.2485,1188680.794,0.103,1230.534,0.2145,11585517.484,Coal,Residual Oil,Tangentially-fired,Wet Limestone,Low NOx Burner Technology w/ Closed-coupled/Separated OFA|Selective Catalytic Reduction,Electrostatic Precipitator,NA,"ARP, NBP"
NY,"Cayuga Operating Company, LLC",2535,1,"CSM001, CSM002, CSM003",2008,8479,8469.28,1197368.97,NA,1433.233,0.2479,1131348.198,0.1032,1182.841,0.2154,11010303.496,Coal,Residual Oil,Tangentially-fired,Wet Limestone,Low NOx Burner Technology w/ Closed-coupled/Separated OFA|Selective Catalytic Reduction,Electrostatic Precipitator,NA,"ARP, CAIRNOX, CAIROS, NBP"
NY,"Cayuga Operating Company, LLC",2535,1,"CSM001, CSM002, CSM003",2009,6886,6872.69,870520.22,NA,1111.028,0.2486,839814.346,0.1035,937.187,0.2373,8143421.433,Coal,Residual Oil,Tangentially-fired,Wet Limestone,Low NOx Burner Technology w/ Closed-coupled/Separated OFA|Selective Catalytic Reduction,Electrostatic Precipitator,NA,"ARP, CAIRNOX, CAIROS, CAIRSO2, RGGI"
NY,"Cayuga Operating Company, LLC",2535,1,"CSM001, CSM002, CSM003",2010,6864,6855.29,919713.64,NA,5201.203,1.1656,884705.733,0.103,1143.386,0.2679,8622867.61,Coal,Residual Oil,Tangentially-fired,Wet Limestone,Low NOx Burner Technology w/ Closed-coupled/Separated OFA|Selective Catalytic Reduction,Electrostatic Precipitator,NA,"ARP, CAIRNOX, CAIROS, CAIRSO2, RGGI"
NY,"Cayuga Operating Company, LLC",2535,1,"CSM001, CSM002, CSM003",2011,4897,4886.91,576504.46,NA,4765.319,1.5604,571327.842,0.103,805.795,0.292,5568498.472,Coal,Residual Oil,Tangentially-fired,Wet Limestone,Low NOx Burner Technology w/ Closed-coupled/Separated OFA|Selective Catalytic Reduction,Electrostatic Precipitator,NA,"ARP, CAIRNOX, CAIROS, CAIRSO2, RGGI"
NY,"Cayuga Operating Company, LLC",2535,1,"CSM001, CSM002, CSM003",2012,2997,2982.34,275943.82,NA,823.414,0.4501,285372.981,0.1031,390.789,0.2828,2781024.565,Coal,Residual Oil,Tangentially-fired,Wet Limestone,Low NOx Burner Technology w/ Closed-coupled/Separated OFA|Selective Catalytic Reduction,Electrostatic Precipitator,NA,"ARP, CAIRNOX, CAIROS, CAIRSO2, RGGI"
NY,"Cayuga Operating Company, LLC",2535,1,"CSM001, CSM002, CSM003",2013,4312,4295.31,454606.35,NA,1429.042,0.5107,462094.78,0.103,675.695,0.2978,4503859.065,Coal,Residual Oil,Tangentially-fired,Wet Limestone,Low NOx Burner Technology w/ Closed-coupled/Separated OFA|Selective Catalytic Reduction,Electrostatic Precipitator,NA,"ARP, CAIRNOX, CAIROS, CAIRSO2, RGGI"
NY,"Cayuga Operating Company, LLC",2535,1,"CSM001, CSM002, CSM003",2014,4157,4136.25,459186.81,NA,1268.981,0.46,461893.164,0.103,596.834,0.272,4501907.578,Coal,Residual Oil,Tangentially-fired,Wet Limestone,Low NOx Burner Technology w/ Closed-coupled/Separated OFA|Selective Catalytic Reduction,Electrostatic Precipitator,NA,"ARP, CAIRNOX, CAIROS, CAIRSO2, RGGI"
NY,"Cayuga Operating Company, LLC",2535,1,"CSM001, CSM002, CSM003",2015,1374,1363.08,109070.38,NA,151.529,0.2077,118895.411,0.103,135.107,0.27,1158823.67,Coal,Residual Oil,Tangentially-fired,Wet Limestone,Low NOx Burner Technology w/ Closed-coupled/Separated OFA|Selective Catalytic Reduction,Electrostatic Precipitator,NA,"ARP, CSNOX, CSNOXOS, CSSO2G1, MATS, RGGI"
NY,"Cayuga Operating Company, LLC",2535,1,"CSM001, CSM002, CSM003",2016,4857,4844.09,561833.56,NA,679.982,0.2166,559679.795,0.103,248.026,0.1018,5454885.5,Coal,Residual Oil,Tangentially-fired,Wet Limestone,Low NOx Burner Technology w/ Closed-coupled/Separated OFA|Selective Catalytic Reduction,Electrostatic Precipitator,NA,"ARP, CSNOX, CSNOXOS, CSSO2G1, MATS, RGGI"
NY,"Cayuga Operating Company, LLC",2535,1,"CSM001, CSM002, CSM003",2017,3103,3083.15,187147.72,NA,378.968,0.2956,199660.071,0.1029,205.494,0.2509,1945970.669,Coal,Residual Oil,Tangentially-fired,Wet Limestone,Low NOx Burner Technology w/ Closed-coupled/Separated OFA|Selective Catalytic Reduction,Electrostatic Precipitator,NA,"ARP, CSNOX, CSOSG2, CSSO2G1, MATS, RGGI"
NY,"Cayuga Operating Company, LLC",2535,1,"CSM001, CSM002, CSM003",2018,982,959.34,92176.78,NA,650.398,1.0584,93998.408,0.1029,67.647,0.1487,916095.672,Coal,Residual Oil,Tangentially-fired,Wet Limestone,Low NOx Burner Technology w/ Closed-coupled/Separated OFA|Selective Catalytic Reduction,Electrostatic Precipitator,NA,"ARP, CSNOX, CSOSG2, CSSO2G1, MATS, RGGI"
NY,"Cayuga Operating Company, LLC",2535,1,"CSM001, CSM002, CSM003",2019,1439,1433.48,95767.61,NA,344.914,0.5995,107935.895,0.103,136.789,0.276,1052001.449,Coal,Residual Oil,Tangentially-fired,Wet Limestone,Low NOx Burner Technology w/ Closed-coupled/Separated OFA|Selective Catalytic Reduction,Electrostatic Precipitator,NA,"ARP, CSNOX, CSOSG2, CSSO2G1, MATS, RGGI"
NY,"Cayuga Operating Company, LLC",2535,1,"CSM001, CSM002, CSM003",2020,0,0,NA,NA,NA,NA,NA,NA,NA,NA,NA,Coal,Residual Oil,Tangentially-fired,Wet Limestone,Low NOx Burner Technology w/ Closed-coupled/Separated OFA|Selective Catalytic Reduction,Electrostatic Precipitator,NA,"ARP, CSNOX, CSOSG2, CSSO2G1, MATS, RGGI"
NY,"Cayuga Operating Company, LLC",2535,1,"CSM001, CSM002, CSM003",2021,0,0,NA,NA,NA,NA,NA,NA,NA,NA,NA,Coal,Residual Oil,Tangentially-fired,Wet Limestone,Low NOx Burner Technology w/ Closed-coupled/Separated OFA|Selective Catalytic Reduction,Electrostatic Precipitator,NA,NA
NY,"Cayuga Operating Company, LLC",2535,1,"CSM001, CSM002, CSM003",2022,0,0,NA,NA,NA,NA,NA,NA,NA,NA,NA,Coal,Residual Oil,Tangentially-fired,Wet Limestone,Low NOx Burner Technology w/ Closed-coupled/Separated OFA|Selective Catalytic Reduction,Electrostatic Precipitator,NA,NA
NY,"Cayuga Operating Company, LLC",2535,2,"CSM001, CSM002, CSM003",1995,6208,6204.75,NA,NA,4217.7,NA,1024243.5,NA,2373,NA,12461706,Coal,Residual Oil,Tangentially-fired,"Wet Limestone (Began Jan 17, 1995)",Low NOx Burner Technology w/ Closed-coupled/Separated OFA,Electrostatic Precipitator,NA,ARP
NY,"Cayuga Operating Company, LLC",2535,2,"CSM001, CSM002, CSM003",1996,8219,8217,NA,NA,2305.9,NA,1197224.4,NA,2216,NA,11668617,Coal,Residual Oil,Tangentially-fired,Wet Limestone,Low NOx Burner Technology w/ Closed-coupled/Separated OFA,Electrostatic Precipitator,NA,ARP
NY,"Cayuga Operating Company, LLC",2535,2,"CSM001, CSM002, CSM003",1997,8061,8056.75,1133238.5,NA,2903.341,0.5054,1145781.898,0.103,1995.586,0.3582,11167448.268,Coal,Residual Oil,Tangentially-fired,Wet Limestone,Low NOx Burner Technology w/ Closed-coupled/Separated OFA,Electrostatic Precipitator,NA,ARP
NY,"Cayuga Operating Company, LLC",2535,2,"CSM001, CSM002, CSM003",1998,8415,8413.25,1194614.25,NA,4291.418,0.704,1232114.036,0.103,1908.834,0.3185,12008921.393,Coal,Residual Oil,Tangentially-fired,Wet Limestone,Low NOx Burner Technology w/ Closed-coupled/Separated OFA,Electrostatic Precipitator,NA,ARP
NY,"Cayuga Operating Company, LLC",2535,2,"CSM001, CSM002, CSM003",1999,8211,8211,1241904,NA,3774.636,0.5969,1296498.573,0.103,1832.534,0.2914,12636418.631,Coal,Residual Oil,Tangentially-fired,Wet Limestone,Low NOx Burner Technology w/ Closed-coupled/Separated OFA,Electrostatic Precipitator,NA,"ARP, OTC"
NY,"Cayuga Operating Company, LLC",2535,2,"CSM001, CSM002, CSM003",2000,8261,8255.5,NA,8524457,4329.113,0.7064,1225449.598,0.103,1904.024,0.3176,11943908.131,Coal,Residual Oil,Tangentially-fired,Wet Limestone,Low NOx Burner Technology w/ Closed-coupled/Separated OFA,Electrostatic Precipitator,NA,"ARP, OTC"
NY,"Cayuga Operating Company, LLC",2535,2,"CSM001, CSM002, CSM003",2001,8683,8680,NA,9284549.5,1342.995,0.2051,1292857.893,0.103,1950.936,0.3079,12600983.65,Coal,Residual Oil,Tangentially-fired,Wet Limestone,Low NOx Burner Technology w/ Closed-coupled/Separated OFA,Electrostatic Precipitator,NA,"ARP, OTC"
NY,"Cayuga Operating Company, LLC",2535,2,"CSM001, CSM002, CSM003",2002,8718,8717.75,NA,9268231.25,2729.535,0.413,1327706.023,0.103,2028.354,0.3088,12940570.397,Coal,Residual Oil,Tangentially-fired,Wet Limestone,Low NOx Burner Technology w/ Closed-coupled/Separated OFA,Electrostatic Precipitator,NA,"ARP, OTC"
NY,"Cayuga Operating Company, LLC",2535,2,"CSM001, CSM002, CSM003",2003,8529,8525.75,1303520.75,NA,2120.374,0.3235,1319992.457,0.103,1794.727,0.2772,12865411.491,Coal,Residual Oil,Tangentially-fired,Wet Limestone,Low NOx Burner Technology w/ Closed-coupled/Separated OFA,Electrostatic Precipitator,NA,"ARP, NBP"
NY,"Cayuga Operating Company, LLC",2535,2,"CSM001, CSM002, CSM003",2004,7217,7212,1115499.25,NA,1513.29,0.2825,1080208.657,0.103,1367.545,0.2524,10528267.223,Coal,Residual Oil,Tangentially-fired,Wet Limestone,Low NOx Burner Technology w/ Closed-coupled/Separated OFA,Electrostatic Precipitator,NA,"ARP, NBP"
NY,"Cayuga Operating Company, LLC",2535,2,"CSM001, CSM002, CSM003",2005,8393,8385.75,1332169.5,NA,1462.624,0.2431,1225740.208,0.103,1146.044,0.1911,11946689.787,Coal,Residual Oil,Tangentially-fired,Wet Limestone,Low NOx Burner Technology w/ Closed-coupled/Separated OFA,Electrostatic Precipitator,NA,"ARP, NBP"
NY,"Cayuga Operating Company, LLC",2535,2,"CSM001, CSM002, CSM003",2006,8430,8418.1,1289716.97,NA,658.086,0.1102,1195211.382,0.103,1265.825,0.2173,11649122.955,Coal,Residual Oil,Tangentially-fired,Wet Limestone,Low NOx Burner Technology w/ Closed-coupled/Separated OFA,Electrostatic Precipitator,NA,"ARP, NBP"
NY,"Cayuga Operating Company, LLC",2535,2,"CSM001, CSM002, CSM003",2007,8224,8216.88,1284065.66,NA,2258.017,0.3946,1181805.364,0.103,1344.372,0.2335,11518521.673,Coal,Residual Oil,Tangentially-fired,Wet Limestone,Low NOx Burner Technology w/ Closed-coupled/Separated OFA,Electrostatic Precipitator,NA,"ARP, NBP"
NY,"Cayuga Operating Company, LLC",2535,2,"CSM001, CSM002, CSM003",2008,7996,7984.14,1190991.93,NA,1391.803,0.2499,1112881.391,0.1031,1248.599,0.2301,10830290.926,Coal,Residual Oil,Tangentially-fired,Wet Limestone,Low NOx Burner Technology w/ Closed-coupled/Separated OFA,Electrostatic Precipitator,NA,"ARP, CAIRNOX, CAIROS, NBP"
NY,"Cayuga Operating Company, LLC",2535,2,"CSM001, CSM002, CSM003",2009,7105,7098.42,921968.87,NA,1086.534,0.2379,871480.7,0.1035,1173.021,0.2807,8445560.979,Coal,Residual Oil,Tangentially-fired,Wet Limestone,Low NOx Burner Technology w/ Closed-coupled/Separated OFA,Electrostatic Precipitator,NA,"ARP, CAIRNOX, CAIROS, CAIRSO2, RGGI"
NY,"Cayuga Operating Company, LLC",2535,2,"CSM001, CSM002, CSM003",2010,7808,7800.64,1035996.42,NA,5886.446,1.1631,1005064.329,0.103,1474.65,0.3035,9795949.523,Coal,Residual Oil,Tangentially-fired,Wet Limestone,Low NOx Burner Technology w/ Closed-coupled/Separated OFA,Electrostatic Precipitator,NA,"ARP, CAIRNOX, CAIROS, CAIRSO2, RGGI"
NY,"Cayuga Operating Company, LLC",2535,2,"CSM001, CSM002, CSM003",2011,5781,5771.32,674922.3,NA,5727.073,1.6342,664204.184,0.103,1021.539,0.315,6473735.638,Coal,Residual Oil,Tangentially-fired,Wet Limestone,Low NOx Burner Technology w/ Closed-coupled/Separated OFA,Electrostatic Precipitator,NA,"ARP, CAIRNOX, CAIROS, CAIRSO2, RGGI"
NY,"Cayuga Operating Company, LLC",2535,2,"CSM001, CSM002, CSM003",2012,2853,2844.3,258066.52,NA,721.506,0.4426,269421.848,0.103,446.4,0.344,2625958.818,Coal,Residual Oil,Tangentially-fired,Wet Limestone,Low NOx Burner Technology w/ Closed-coupled/Separated OFA,Electrostatic Precipitator,NA,"ARP, CAIRNOX, CAIROS, CAIRSO2, RGGI"
NY,"Cayuga Operating Company, LLC",2535,2,"CSM001, CSM002, CSM003",2013,4217,4210.17,453442.12,NA,1225.775,0.4667,445206.363,0.103,727.851,0.3337,4339226.806,Coal,Residual Oil,Tangentially-fired,Wet Limestone,Low NOx Burner Technology w/ Closed-coupled/Separated OFA,Electrostatic Precipitator,NA,"ARP, CAIRNOX, CAIROS, CAIRSO2, RGGI"
NY,"Cayuga Operating Company, LLC",2535,2,"CSM001, CSM002, CSM003",2014,5708,5700.06,572736.1,NA,1576.141,0.4435,566929.145,0.103,873.9,0.3193,5525659.629,Coal,Residual Oil,Tangentially-fired,Wet Limestone,Low NOx Burner Technology w/ Closed-coupled/Separated OFA,Electrostatic Precipitator,NA,"ARP, CAIRNOX, CAIROS, CAIRSO2, RGGI"
NY,"Cayuga Operating Company, LLC",2535,2,"CSM001, CSM002, CSM003",2015,4742,4728.47,493426.16,NA,969.439,0.3147,482312.12,0.103,677.651,0.2876,4700483.708,Coal,Residual Oil,Tangentially-fired,Wet Limestone,Low NOx Burner Technology w/ Closed-coupled/Separated OFA,Electrostatic Precipitator,NA,"ARP, CSNOX, CSNOXOS, CSSO2G1, MATS, RGGI"
NY,"Cayuga Operating Company, LLC",2535,2,"CSM001, CSM002, CSM003",2016,964,951.65,71489.48,NA,57.352,0.1406,72767.986,0.103,100.496,0.2575,709164.44,Coal,Residual Oil,Tangentially-fired,Wet Limestone,Low NOx Burner Technology w/ Closed-coupled/Separated OFA,Electrostatic Precipitator,NA,"ARP, CSNOX, CSNOXOS, CSSO2G1, MATS, RGGI"
NY,"Cayuga Operating Company, LLC",2535,2,"CSM001, CSM002, CSM003",2017,1159,1149.58,71618.93,NA,126.757,0.3283,71649.791,0.103,104.907,0.2932,698341.924,Coal,Residual Oil,Tangentially-fired,Wet Limestone,Low NOx Burner Technology w/ Closed-coupled/Separated OFA,Electrostatic Precipitator,NA,"ARP, CSNOX, CSOSG2, CSSO2G1, MATS, RGGI"
NY,"Cayuga Operating Company, LLC",2535,2,"CSM001, CSM002, CSM003",2018,223,218.94,14172.54,NA,118.902,1.9117,12714.684,0.103,13.171,0.1905,123848.805,Coal,Residual Oil,Tangentially-fired,Wet Limestone,Low NOx Burner Technology w/ Closed-coupled/Separated OFA,Electrostatic Precipitator,NA,"ARP, CSNOX, CSOSG2, CSSO2G1, MATS, RGGI"
NY,"Cayuga Operating Company, LLC",2535,2,"CSM001, CSM002, CSM003",2019,0,0,NA,NA,NA,NA,NA,NA,NA,NA,NA,Coal,Residual Oil,Tangentially-fired,Wet Limestone,Low NOx Burner Technology w/ Closed-coupled/Separated OFA,Electrostatic Precipitator,NA,"ARP, CSNOX, CSOSG2, CSSO2G1, MATS, RGGI"
NY,"Cayuga Operating Company, LLC",2535,2,"CSM001, CSM002, CSM003",2020,0,0,NA,NA,NA,NA,NA,NA,NA,NA,NA,Coal,Residual Oil,Tangentially-fired,Wet Limestone,Low NOx Burner Technology w/ Closed-coupled/Separated OFA,Electrostatic Precipitator,NA,"ARP, CSNOX, CSOSG2, CSSO2G1, MATS, RGGI"
NY,"Cayuga Operating Company, LLC",2535,2,"CSM001, CSM002, CSM003",2021,0,0,NA,NA,NA,NA,NA,NA,NA,NA,NA,Coal,Residual Oil,Tangentially-fired,Wet Limestone,Low NOx Burner Technology w/ Closed-coupled/Separated OFA,Electrostatic Precipitator,NA,NA
NY,"Cayuga Operating Company, LLC",2535,2,"CSM001, CSM002, CSM003",2022,0,0,NA,NA,NA,NA,NA,NA,NA,NA,NA,Coal,Residual Oil,Tangentially-fired,Wet Limestone,Low NOx Burner Technology w/ Closed-coupled/Separated OFA,Electrostatic Precipitator,NA,NA
NY,Bethlehem Energy Center (Albany),2539,1,NA,1995,NA,NA,NA,NA,655,NA,160414,NA,166,NA,2342405,Residual Oil,Pipeline Natural Gas,Tangentially-fired,NA,NA,Cyclone,NA,ARP
NY,Bethlehem Energy Center (Albany),2539,1,NA,1996,NA,NA,NA,NA,475.1,NA,145009,NA,141,NA,2163146,Residual Oil,Pipeline Natural Gas,Tangentially-fired,NA,NA,Cyclone,NA,ARP
NY,Bethlehem Energy Center (Albany),2539,1,NA,1997,2726,2709,107084.75,NA,201.103,0.2981,83233.575,0.064,73.705,0.1394,1295368.55,Residual Oil,Pipeline Natural Gas,Tangentially-fired,NA,NA,Cyclone,NA,ARP
NY,Bethlehem Energy Center (Albany),2539,1,NA,1998,6273,6258,321045.5,NA,957.978,0.396,256525.375,0.0659,295.388,0.1706,3785196.35,Residual Oil,Pipeline Natural Gas,Tangentially-fired,NA,NA,Cyclone,NA,ARP
NY,Bethlehem Energy Center (Albany),2539,1,NA,1999,6126,6113.75,295650.75,NA,546.879,0.3543,226029.925,0.0659,239.512,0.1577,3470051.5,Residual Oil,Pipeline Natural Gas,Tangentially-fired,NA,NA,Cyclone,NA,"ARP, OTC"
NY,Bethlehem Energy Center (Albany),2539,1,NA,2000,2959,2913.7,136782.53,NA,929.367,0.8934,124830.625,0.0739,155.242,0.1836,1599408.085,Residual Oil,Pipeline Natural Gas,Tangentially-fired,NA,NA,Cyclone,NA,"ARP, OTC"
NY,Bethlehem Energy Center (Albany),2539,1,NA,2001,1877,1832,84813.31,NA,541.652,0.9636,71646.893,0.075,93.647,0.1963,913976.742,Residual Oil,Pipeline Natural Gas,Tangentially-fired,NA,NA,Cyclone,NA,"ARP, OTC"
NY,Bethlehem Energy Center (Albany),2539,1,NA,2002,820,789.56,28330.77,NA,0.12,0.0204,18779.986,0.0591,13.911,0.1135,316788.861,Residual Oil,Pipeline Natural Gas,Tangentially-fired,NA,NA,Cyclone,NA,"ARP, OTC"
NY,Bethlehem Energy Center (Albany),2539,1,NA,2003,519,507.74,20052.22,NA,119.784,1.0019,16971.848,0.0757,20.223,0.182,220324.197,Residual Oil,Pipeline Natural Gas,Tangentially-fired,NA,NA,Cyclone,NA,"ARP, NBP"
NY,Bethlehem Energy Center (Albany),2539,1,NA,2004,1099,1085.2,67355.08,NA,474.982,1.194,59725.058,0.0792,78.658,0.2085,740163.502,Residual Oil,Pipeline Natural Gas,Tangentially-fired,NA,NA,Cyclone,NA,"ARP, NBP"
NY,Bethlehem Energy Center (Albany),2539,1,NA,2005,0,0,NA,NA,NA,NA,NA,NA,NA,NA,NA,Residual Oil,Pipeline Natural Gas,Tangentially-fired,NA,NA,Cyclone,NA,"ARP, NBP"
NY,Bethlehem Energy Center (Albany),2539,10001,NA,2005,2185,2105.42,266374.59,NA,3.643,0.003,94556.464,0.0603,24.123,0.0624,1529038.928,Pipeline Natural Gas,Diesel Oil,"Combined cycle (Started Mar 10, 2005)",NA,Dry Low NOx Burners|Water Injection|Selective Catalytic Reduction,NA,NA,"ARP, NBP"
NY,Bethlehem Energy Center (Albany),2539,10001,NA,2006,4167,4038.41,564859.92,NA,1.315,0.0018,174527.683,0.0593,16.723,0.0186,2918186.699,Pipeline Natural Gas,Diesel Oil,Combined cycle,NA,Dry Low NOx Burners|Water Injection|Selective Catalytic Reduction,NA,NA,"ARP, NBP"
NY,Bethlehem Energy Center (Albany),2539,10001,NA,2007,5333,5231.95,766432,NA,1.291,0.001,232099.213,0.0591,16.84,0.0133,3896269.3,Pipeline Natural Gas,Diesel Oil,Combined cycle,NA,Dry Low NOx Burners|Water Injection|Selective Catalytic Reduction,NA,NA,"ARP, NBP"
NY,Bethlehem Energy Center (Albany),2539,10001,NA,2008,5663,5447.46,706918.22,NA,1.87,0.001,362557.588,0.059,28.543,0.0169,6100130.069,Pipeline Natural Gas,Diesel Oil,Combined cycle,NA,Dry Low NOx Burners|Water Injection|Selective Catalytic Reduction,NA,NA,"ARP, CAIRNOX, CAIROS, NBP"
NY,Bethlehem Energy Center (Albany),2539,10001,NA,2009,5982,5801.79,772817.37,NA,2.559,0.001,504722.355,0.059,35.139,0.015,8492651.529,Pipeline Natural Gas,Diesel Oil,Combined cycle,NA,Dry Low NOx Burners|Water Injection|Selective Catalytic Reduction,NA,NA,"ARP, CAIRNOX, CAIROS, CAIRSO2, RGGI"
NY,Bethlehem Energy Center (Albany),2539,10001,NA,2010,6598,6404.95,944050.54,NA,3.268,0.0011,596338.277,0.059,44.139,0.016,10029854.55,Pipeline Natural Gas,Diesel Oil,Combined cycle,NA,Dry Low NOx Burners|Water Injection|Selective Catalytic Reduction,NA,NA,"ARP, CAIRNOX, CAIROS, CAIRSO2, RGGI"
NY,Bethlehem Energy Center (Albany),2539,10001,NA,2011,6759,6523.74,1009497.92,NA,3.17,0.001,627921.304,0.059,45.658,0.0167,10566031.393,Pipeline Natural Gas,Diesel Oil,Combined cycle,NA,Dry Low NOx Burners|Water Injection|Selective Catalytic Reduction,NA,NA,"ARP, CAIRNOX, CAIROS, CAIRSO2, RGGI"
NY,Bethlehem Energy Center (Albany),2539,10001,NA,2012,7461,7281.33,1175507.38,NA,3.659,0.001,724806.603,0.059,45.861,0.0139,12196259.519,Pipeline Natural Gas,Diesel Oil,Combined cycle,NA,Dry Low NOx Burners|Water Injection|Selective Catalytic Reduction,NA,NA,"ARP, CAIRNOX, CAIROS, CAIRSO2, RGGI"
NY,Bethlehem Energy Center (Albany),2539,10001,NA,2013,6180,5985.26,931287.71,NA,2.922,0.001,578709.102,0.059,36.356,0.0154,9737922.666,Pipeline Natural Gas,Diesel Oil,Combined cycle,NA,Dry Low NOx Burners|Water Injection|Selective Catalytic Reduction,NA,NA,"ARP, CAIRNOX, CAIROS, CAIRSO2, RGGI"
NY,Bethlehem Energy Center (Albany),2539,10001,NA,2014,6918,6798.32,1074320.79,NA,3.359,0.001,665434.261,0.059,42.604,0.0129,11197226.691,Pipeline Natural Gas,Diesel Oil,Combined cycle,NA,Dry Low NOx Burners|Water Injection|Selective Catalytic Reduction,NA,NA,"ARP, CAIRNOX, CAIROS, CAIRSO2, RGGI"
NY,Bethlehem Energy Center (Albany),2539,10001,NA,2015,7388,7331.06,1176459.02,NA,3.636,0.001,720184.989,0.059,42.22,0.0095,12118495.893,Pipeline Natural Gas,Diesel Oil,Combined cycle,NA,Dry Low NOx Burners|Water Injection|Selective Catalytic Reduction,NA,NA,"ARP, CSNOX, CSNOXOS, CSSO2G1, RGGI"
NY,Bethlehem Energy Center (Albany),2539,10001,NA,2016,6980,6838.71,1083580.75,NA,3.363,0.001,666159.553,0.059,41.795,0.0132,11209387.008,Pipeline Natural Gas,Diesel Oil,Combined cycle,NA,Dry Low NOx Burners|Water Injection|Selective Catalytic Reduction,NA,NA,"ARP, CSNOX, CSNOXOS, CSSO2G1, RGGI"
NY,Bethlehem Energy Center (Albany),2539,10001,NA,2017,7313,7200.38,1149444.55,NA,3.557,0.001,704622.787,0.059,40.321,0.011,11856615.126,Pipeline Natural Gas,Diesel Oil,Combined cycle,NA,Dry Low NOx Burners|Water Injection|Selective Catalytic Reduction,NA,NA,"ARP, CSNOX, CSOSG2, CSSO2G1, RGGI"
NY,Bethlehem Energy Center (Albany),2539,10001,NA,2018,7134,6902.09,1108738.28,NA,3.392,0.001,671939.231,0.059,33.417,0.0134,11306621.795,Pipeline Natural Gas,Diesel Oil,Combined cycle,NA,Dry Low NOx Burners|Water Injection|Selective Catalytic Reduction,NA,NA,"ARP, CSNOX, CSOSG2, CSSO2G1, RGGI"
NY,Bethlehem Energy Center (Albany),2539,10001,NA,2019,6166,5755.07,882464.97,NA,2.737,0.001,542248.303,0.059,39.246,0.0231,9124371.635,Pipeline Natural Gas,Diesel Oil,Combined cycle,NA,Dry Low NOx Burners|Water Injection|Selective Catalytic Reduction,NA,NA,"ARP, CSNOX, CSOSG2, CSSO2G1, RGGI"
NY,Bethlehem Energy Center (Albany),2539,10001,NA,2020,7066,6847.92,1113155.11,NA,3.406,0.001,674699.281,0.059,40.004,0.0138,11353077.268,Pipeline Natural Gas,Diesel Oil,Combined cycle,NA,Dry Low NOx Burners|Water Injection|Selective Catalytic Reduction,NA,NA,"ARP, CSNOX, CSOSG2, CSSO2G1, RGGI"
NY,Bethlehem Energy Center (Albany),2539,10001,NA,2021,7656,7567.4,1237875.95,NA,3.799,0.001,752509.869,0.059,41.497,0.009,12662505.972,Pipeline Natural Gas,Diesel Oil,Combined cycle,NA,Dry Low NOx Burners|Water Injection|Selective Catalytic Reduction,NA,NA,"ARP, CSNOX, CSOSG3, CSSO2G1, RGGI"
NY,Bethlehem Energy Center (Albany),2539,10001,NA,2022,6615,6565.3,1136053.71,NA,3.419,0.001,677335.122,0.059,33.807,0.0078,11397484.951,Pipeline Natural Gas,Diesel Oil,Combined cycle,NA,Dry Low NOx Burners|Water Injection|Selective Catalytic Reduction,NA,NA,"ARP, CSNOX, CSOSG3, CSSO2G1, RGGI"
NY,Bethlehem Energy Center (Albany),2539,10001,NA,2023,8023,7995.02,1395493.27,NA,4.191,0.001,830186.396,0.059,38.025,0.0065,13969401.382,Pipeline Natural Gas,Diesel Oil,Combined cycle,NA,Dry Low NOx Burners|Water Injection|Selective Catalytic Reduction,NA,NA,"ARP, CSNOX, CSOSG3, CSSO2G1, RGGI"
NY,Bethlehem Energy Center (Albany),2539,10001,NA,2024,7101,7024.81,1825267.12,NA,3.64,0.001,720933.792,0.059,35.493,0.0084,12131352.333,Pipeline Natural Gas,Diesel Oil,Combined cycle,NA,Dry Low NOx Burners|Water Injection|Selective Catalytic Reduction,NA,NA,"ARP, CSNOX, CSOSG2E, CSSO2G1, RGGI"
NY,Bethlehem Energy Center (Albany),2539,10002,NA,2005,2116,2048.38,257557.98,NA,0.588,0.0013,82508.827,0.0593,24.762,0.0749,1385019.979,Pipeline Natural Gas,Diesel Oil,"Combined cycle (Started Mar 18, 2005)",NA,Dry Low NOx Burners|Water Injection|Selective Catalytic Reduction,NA,NA,"ARP, NBP"
NY,Bethlehem Energy Center (Albany),2539,10002,NA,2006,4024,3890.54,546054.23,NA,2.888,0.002,175197.906,0.0597,16.94,0.0188,2889830.461,Pipeline Natural Gas,Diesel Oil,Combined cycle,NA,Dry Low NOx Burners|Water Injection|Selective Catalytic Reduction,NA,NA,"ARP, NBP"
NY,Bethlehem Energy Center (Albany),2539,10002,NA,2007,5396,5261.71,778454.08,NA,1.268,0.001,235521.938,0.0591,15.71,0.0133,3956991.702,Pipeline Natural Gas,Diesel Oil,Combined cycle,NA,Dry Low NOx Burners|Water Injection|Selective Catalytic Reduction,NA,NA,"ARP, NBP"
NY,Bethlehem Energy Center (Albany),2539,10002,NA,2008,4826,4631.9,608658.6,NA,1.545,0.001,300256.478,0.059,24.987,0.018,5050161.148,Pipeline Natural Gas,Diesel Oil,Combined cycle,NA,Dry Low NOx Burners|Water Injection|Selective Catalytic Reduction,NA,NA,"ARP, CAIRNOX, CAIROS, NBP"
NY,Bethlehem Energy Center (Albany),2539,10002,NA,2009,5847,5686.42,763513.84,NA,2.565,0.001,498244.496,0.059,33.03,0.0141,8380050.247,Pipeline Natural Gas,Diesel Oil,Combined cycle,NA,Dry Low NOx Burners|Water Injection|Selective Catalytic Reduction,NA,NA,"ARP, CAIRNOX, CAIROS, CAIRSO2, RGGI"
NY,Bethlehem Energy Center (Albany),2539,10002,NA,2010,6416,6225.14,923265.25,NA,3.012,0.001,586167.493,0.059,39.33,0.0149,9862484.243,Pipeline Natural Gas,Diesel Oil,Combined cycle,NA,Dry Low NOx Burners|Water Injection|Selective Catalytic Reduction,NA,NA,"ARP, CAIRNOX, CAIROS, CAIRSO2, RGGI"
NY,Bethlehem Energy Center (Albany),2539,10002,NA,2011,6349,6119.85,937932.92,NA,2.963,0.001,586989.949,0.059,44.507,0.0182,9877282.722,Pipeline Natural Gas,Diesel Oil,Combined cycle,NA,Dry Low NOx Burners|Water Injection|Selective Catalytic Reduction,NA,NA,"ARP, CAIRNOX, CAIROS, CAIRSO2, RGGI"
NY,Bethlehem Energy Center (Albany),2539,10002,NA,2012,7180,6895.15,1106240.95,NA,3.453,0.001,684042.85,0.059,54.416,0.0209,11510400.283,Pipeline Natural Gas,Diesel Oil,Combined cycle,NA,Dry Low NOx Burners|Water Injection|Selective Catalytic Reduction,NA,NA,"ARP, CAIRNOX, CAIROS, CAIRSO2, RGGI"
NY,Bethlehem Energy Center (Albany),2539,10002,NA,2013,6226,6021.85,936984.17,NA,2.943,0.001,582903.311,0.059,40.712,0.0173,9808458.003,Pipeline Natural Gas,Diesel Oil,Combined cycle,NA,Dry Low NOx Burners|Water Injection|Selective Catalytic Reduction,NA,NA,"ARP, CAIRNOX, CAIROS, CAIRSO2, RGGI"
NY,Bethlehem Energy Center (Albany),2539,10002,NA,2014,6400,6281.65,983425.95,NA,3.085,0.001,611132.927,0.059,39.369,0.013,10283460.313,Pipeline Natural Gas,Diesel Oil,Combined cycle,NA,Dry Low NOx Burners|Water Injection|Selective Catalytic Reduction,NA,NA,"ARP, CAIRNOX, CAIROS, CAIRSO2, RGGI"
NY,Bethlehem Energy Center (Albany),2539,10002,NA,2015,7211,7165.39,1148272.02,NA,3.578,0.001,708797.715,0.059,40.642,0.0087,11926834.766,Pipeline Natural Gas,Diesel Oil,Combined cycle,NA,Dry Low NOx Burners|Water Injection|Selective Catalytic Reduction,NA,NA,"ARP, CSNOX, CSNOXOS, CSSO2G1, RGGI"
NY,Bethlehem Energy Center (Albany),2539,10002,NA,2016,7685,7565.32,1203368.67,NA,3.752,0.001,743207.433,0.059,44.23,0.0114,12505924.748,Pipeline Natural Gas,Diesel Oil,Combined cycle,NA,Dry Low NOx Burners|Water Injection|Selective Catalytic Reduction,NA,NA,"ARP, CSNOX, CSNOXOS, CSSO2G1, RGGI"
NY,Bethlehem Energy Center (Albany),2539,10002,NA,2017,7546,7433.74,1180345.2,NA,3.687,0.001,730391.327,0.059,41.68,0.011,12290222.435,Pipeline Natural Gas,Diesel Oil,Combined cycle,NA,Dry Low NOx Burners|Water Injection|Selective Catalytic Reduction,NA,NA,"ARP, CSNOX, CSOSG2, CSSO2G1, RGGI"
NY,Bethlehem Energy Center (Albany),2539,10002,NA,2018,7323,7208.49,1102687.04,NA,3.485,0.001,690386.067,0.059,30.494,0.0095,11617117.168,Pipeline Natural Gas,Diesel Oil,Combined cycle,NA,Dry Low NOx Burners|Water Injection|Selective Catalytic Reduction,NA,NA,"ARP, CSNOX, CSOSG2, CSSO2G1, RGGI"
NY,Bethlehem Energy Center (Albany),2539,10002,NA,2019,5798,5455.54,781227.31,NA,2.598,0.001,514574.958,0.059,35.819,0.0223,8658709.014,Pipeline Natural Gas,Diesel Oil,Combined cycle,NA,Dry Low NOx Burners|Water Injection|Selective Catalytic Reduction,NA,NA,"ARP, CSNOX, CSOSG2, CSSO2G1, RGGI"
NY,Bethlehem Energy Center (Albany),2539,10002,NA,2020,6287,6057.01,990272.03,NA,3.06,0.001,606098.167,0.059,42.458,0.0178,10198730.647,Pipeline Natural Gas,Diesel Oil,Combined cycle,NA,Dry Low NOx Burners|Water Injection|Selective Catalytic Reduction,NA,NA,"ARP, CSNOX, CSOSG2, CSSO2G1, RGGI"
NY,Bethlehem Energy Center (Albany),2539,10002,NA,2021,7797,7698.09,1262112.51,NA,3.906,0.001,773676.451,0.059,45.816,0.0104,13018579.931,Pipeline Natural Gas,Diesel Oil,Combined cycle,NA,Dry Low NOx Burners|Water Injection|Selective Catalytic Reduction,NA,NA,"ARP, CSNOX, CSOSG3, CSSO2G1, RGGI"
NY,Bethlehem Energy Center (Albany),2539,10002,NA,2022,7139,7088.87,1220471.76,NA,3.739,0.001,740668.719,0.059,37.43,0.0079,12463146.308,Pipeline Natural Gas,Diesel Oil,Combined cycle,NA,Dry Low NOx Burners|Water Injection|Selective Catalytic Reduction,NA,NA,"ARP, CSNOX, CSOSG3, CSSO2G1, RGGI"
NY,Bethlehem Energy Center (Albany),2539,10002,NA,2023,8004,7981.59,1393935.28,NA,4.256,0.001,843092.899,0.059,38.317,0.0063,14186678.175,Pipeline Natural Gas,Diesel Oil,Combined cycle,NA,Dry Low NOx Burners|Water Injection|Selective Catalytic Reduction,NA,NA,"ARP, CSNOX, CSOSG3, CSSO2G1, RGGI"
NY,Bethlehem Energy Center (Albany),2539,10002,NA,2024,7570,7539.99,1881949.23,NA,3.952,0.001,782809.838,0.059,36.14,0.0065,13172120.809,Pipeline Natural Gas,Diesel Oil,Combined cycle,NA,Dry Low NOx Burners|Water Injection|Selective Catalytic Reduction,NA,NA,"ARP, CSNOX, CSOSG2E, CSSO2G1, RGGI"
NY,Bethlehem Energy Center (Albany),2539,10003,NA,2005,2190,2101.26,271556.79,NA,0.721,0.0014,96577.329,0.0593,40.408,0.0514,1620572.007,Pipeline Natural Gas,Diesel Oil,"Combined cycle (Started Mar 12, 2005)",NA,Dry Low NOx Burners|Water Injection|Selective Catalytic Reduction,NA,NA,"ARP, NBP"
NY,Bethlehem Energy Center (Albany),2539,10003,NA,2006,3366,3243.24,451858.84,NA,1.575,0.0021,142573.891,0.0595,13.015,0.0186,2365797.443,Pipeline Natural Gas,Diesel Oil,Combined cycle,NA,Dry Low NOx Burners|Water Injection|Selective Catalytic Reduction,NA,NA,"ARP, NBP"
NY,Bethlehem Energy Center (Albany),2539,10003,NA,2007,4769,4637.89,685760.45,NA,1.206,0.0011,207898.917,0.0592,15.449,0.0151,3486206.876,Pipeline Natural Gas,Diesel Oil,Combined cycle,NA,Dry Low NOx Burners|Water Injection|Selective Catalytic Reduction,NA,NA,"ARP, NBP"
NY,Bethlehem Energy Center (Albany),2539,10003,NA,2008,4711,4496.97,572112.96,NA,1.672,0.0012,308045.349,0.059,24.449,0.0186,5183230.62,Pipeline Natural Gas,Diesel Oil,Combined cycle,NA,Dry Low NOx Burners|Water Injection|Selective Catalytic Reduction,NA,NA,"ARP, CAIRNOX, CAIROS, NBP"
NY,Bethlehem Energy Center (Albany),2539,10003,NA,2009,6091,5940.25,782753.16,NA,2.61,0.001,513166.324,0.059,33.684,0.0135,8634676.464,Pipeline Natural Gas,Diesel Oil,Combined cycle,NA,Dry Low NOx Burners|Water Injection|Selective Catalytic Reduction,NA,NA,"ARP, CAIRNOX, CAIROS, CAIRSO2, RGGI"
NY,Bethlehem Energy Center (Albany),2539,10003,NA,2010,6820,6664.68,977345.14,NA,3.13,0.001,619916.02,0.059,39.579,0.0128,10431285.867,Pipeline Natural Gas,Diesel Oil,Combined cycle,NA,Dry Low NOx Burners|Water Injection|Selective Catalytic Reduction,NA,NA,"ARP, CAIRNOX, CAIROS, CAIRSO2, RGGI"
NY,Bethlehem Energy Center (Albany),2539,10003,NA,2011,6279,6041.53,928458.1,NA,2.893,0.001,572966.039,0.059,41.336,0.0178,9641286.57,Pipeline Natural Gas,Diesel Oil,Combined cycle,NA,Dry Low NOx Burners|Water Injection|Selective Catalytic Reduction,NA,NA,"ARP, CAIRNOX, CAIROS, CAIRSO2, RGGI"
NY,Bethlehem Energy Center (Albany),2539,10003,NA,2012,6919,6635.29,1062166.76,NA,3.283,0.001,650390.091,0.059,48.187,0.02,10944071.399,Pipeline Natural Gas,Diesel Oil,Combined cycle,NA,Dry Low NOx Burners|Water Injection|Selective Catalytic Reduction,NA,NA,"ARP, CAIRNOX, CAIROS, CAIRSO2, RGGI"
NY,Bethlehem Energy Center (Albany),2539,10003,NA,2013,5490,5240.77,805624.33,NA,2.509,0.001,497041.758,0.059,36.79,0.0207,8363711.352,Pipeline Natural Gas,Diesel Oil,Combined cycle,NA,Dry Low NOx Burners|Water Injection|Selective Catalytic Reduction,NA,NA,"ARP, CAIRNOX, CAIROS, CAIRSO2, RGGI"
NY,Bethlehem Energy Center (Albany),2539,10003,NA,2014,6407,6305.19,993147.27,NA,3.073,0.001,608793.767,0.059,33.342,0.0107,10244190.638,Pipeline Natural Gas,Diesel Oil,Combined cycle,NA,Dry Low NOx Burners|Water Injection|Selective Catalytic Reduction,NA,NA,"ARP, CAIRNOX, CAIROS, CAIRSO2, RGGI"
NY,Bethlehem Energy Center (Albany),2539,10003,NA,2015,7155,7099.61,1148484.29,NA,3.542,0.001,701670.473,0.059,39.113,0.0088,11806919.132,Pipeline Natural Gas,Diesel Oil,Combined cycle,NA,Dry Low NOx Burners|Water Injection|Selective Catalytic Reduction,NA,NA,"ARP, CSNOX, CSNOXOS, CSSO2G1, RGGI"
NY,Bethlehem Energy Center (Albany),2539,10003,NA,2016,7650,7567.45,1212894.42,NA,3.754,0.001,743542.41,0.059,43.007,0.0102,12511515.698,Pipeline Natural Gas,Diesel Oil,Combined cycle,NA,Dry Low NOx Burners|Water Injection|Selective Catalytic Reduction,NA,NA,"ARP, CSNOX, CSNOXOS, CSSO2G1, RGGI"
NY,Bethlehem Energy Center (Albany),2539,10003,NA,2017,7519,7424.55,1227447.5,NA,3.76,0.001,744711.279,0.059,40.588,0.0095,12531125.65,Pipeline Natural Gas,Diesel Oil,Combined cycle,NA,Dry Low NOx Burners|Water Injection|Selective Catalytic Reduction,NA,NA,"ARP, CSNOX, CSOSG2, CSSO2G1, RGGI"
NY,Bethlehem Energy Center (Albany),2539,10003,NA,2018,7693,7531.05,1232349.43,NA,3.802,0.001,753180.694,0.059,33.404,0.0098,12673664.835,Pipeline Natural Gas,Diesel Oil,Combined cycle,NA,Dry Low NOx Burners|Water Injection|Selective Catalytic Reduction,NA,NA,"ARP, CSNOX, CSOSG2, CSSO2G1, RGGI"
NY,Bethlehem Energy Center (Albany),2539,10003,NA,2019,8397,8382.36,1328452.77,NA,4.128,0.001,817643.964,0.059,32.923,0.0052,13758405.975,Pipeline Natural Gas,Diesel Oil,Combined cycle,NA,Dry Low NOx Burners|Water Injection|Selective Catalytic Reduction,NA,NA,"ARP, CSNOX, CSOSG2, CSSO2G1, RGGI"
NY,Bethlehem Energy Center (Albany),2539,10003,NA,2020,7525,7475.15,1227467.72,NA,3.786,0.001,750044.054,0.059,41.157,0.0081,12620911.132,Pipeline Natural Gas,Diesel Oil,Combined cycle,NA,Dry Low NOx Burners|Water Injection|Selective Catalytic Reduction,NA,NA,"ARP, CSNOX, CSOSG2, CSSO2G1, RGGI"
NY,Bethlehem Energy Center (Albany),2539,10003,NA,2021,6529,6319.95,1041084.8,NA,3.222,0.001,638172.429,0.059,45.18,0.0159,10738493.006,Pipeline Natural Gas,Diesel Oil,Combined cycle,NA,Dry Low NOx Burners|Water Injection|Selective Catalytic Reduction,NA,NA,"ARP, CSNOX, CSOSG3, CSSO2G1, RGGI"
NY,Bethlehem Energy Center (Albany),2539,10003,NA,2022,6602,6539.19,1121664.7,NA,3.406,0.001,674753.682,0.059,36.173,0.0087,11354094.018,Pipeline Natural Gas,Diesel Oil,Combined cycle,NA,Dry Low NOx Burners|Water Injection|Selective Catalytic Reduction,NA,NA,"ARP, CSNOX, CSOSG3, CSSO2G1, RGGI"
NY,Bethlehem Energy Center (Albany),2539,10003,NA,2023,7932,7912.22,1388398.69,NA,4.189,0.001,829798.356,0.059,39.717,0.0064,13963005.666,Pipeline Natural Gas,Diesel Oil,Combined cycle,NA,Dry Low NOx Burners|Water Injection|Selective Catalytic Reduction,NA,NA,"ARP, CSNOX, CSOSG3, CSSO2G1, RGGI"
NY,Bethlehem Energy Center (Albany),2539,10003,NA,2024,7358,7257.05,1833369.36,NA,3.81,0.001,754754.013,0.059,40.97,0.0099,12698709.764,Pipeline Natural Gas,Diesel Oil,Combined cycle,NA,Dry Low NOx Burners|Water Injection|Selective Catalytic Reduction,NA,NA,"ARP, CSNOX, CSOSG2E, CSSO2G1, RGGI"
NY,Bethlehem Energy Center (Albany),2539,2,NA,1995,NA,NA,NA,NA,540,NA,226944,NA,216,NA,3549693,Residual Oil,Pipeline Natural Gas,Tangentially-fired,NA,NA,Cyclone,NA,ARP
NY,Bethlehem Energy Center (Albany),2539,2,NA,1996,NA,NA,NA,NA,732.2,NA,180297,NA,205,NA,2574390,Residual Oil,Pipeline Natural Gas,Tangentially-fired,NA,NA,Cyclone,NA,ARP
NY,Bethlehem Energy Center (Albany),2539,2,NA,1997,2777,2751.5,128417.25,NA,523.72,0.6349,116204.15,0.0724,124.029,0.1664,1607073.2,Residual Oil,Pipeline Natural Gas,Tangentially-fired,NA,NA,Cyclone,NA,ARP
NY,Bethlehem Energy Center (Albany),2539,2,NA,1998,5176,5158,216391.5,NA,693.608,0.3841,193490.875,0.0661,264,0.1932,2851856.375,Residual Oil,Pipeline Natural Gas,Tangentially-fired,NA,NA,Cyclone,NA,ARP
NY,Bethlehem Energy Center (Albany),2539,2,NA,1999,6436,6411.75,313345.25,NA,512.476,0.282,253224.175,0.0649,325.918,0.1801,3924926.65,Residual Oil,Pipeline Natural Gas,Tangentially-fired,NA,NA,Cyclone,NA,"ARP, OTC"
NY,Bethlehem Energy Center (Albany),2539,2,NA,2000,3135,3077.17,137595.88,NA,959.755,0.8237,136427.658,0.0731,179.681,0.196,1763564.634,Residual Oil,Pipeline Natural Gas,Tangentially-fired,NA,NA,Cyclone,NA,"ARP, OTC"
NY,Bethlehem Energy Center (Albany),2539,2,NA,2001,1869,1824.94,81991.13,NA,590.712,0.964,78793.639,0.0755,105.585,0.2024,998646.556,Residual Oil,Pipeline Natural Gas,Tangentially-fired,NA,NA,Cyclone,NA,"ARP, OTC"
NY,Bethlehem Energy Center (Albany),2539,2,NA,2002,901,874.99,33811.58,NA,0.108,6e-4,22863.984,0.0591,20.699,0.1313,385685.396,Residual Oil,Pipeline Natural Gas,Tangentially-fired,NA,NA,Cyclone,NA,"ARP, OTC"
NY,Bethlehem Energy Center (Albany),2539,2,NA,2003,673,658.92,31423.49,NA,214.658,0.9943,27909.476,0.0747,37.459,0.2004,358562.272,Residual Oil,Pipeline Natural Gas,Tangentially-fired,NA,NA,Cyclone,NA,"ARP, NBP"
NY,Bethlehem Energy Center (Albany),2539,2,NA,2004,1336,1314.7,75223.01,NA,541.519,1.1633,68335.541,0.0786,91.072,0.2108,848263.037,Residual Oil,Pipeline Natural Gas,Tangentially-fired,NA,NA,Cyclone,NA,"ARP, NBP"
NY,Bethlehem Energy Center (Albany),2539,2,NA,2005,0,0,NA,NA,NA,NA,NA,NA,NA,NA,NA,Residual Oil,Pipeline Natural Gas,Tangentially-fired,NA,NA,Cyclone,NA,"ARP, NBP"
NY,Bethlehem Energy Center (Albany),2539,3,NA,1995,NA,NA,NA,NA,145,NA,276580,NA,228,NA,4586360,Residual Oil,Pipeline Natural Gas,Tangentially-fired,NA,NA,Cyclone,NA,ARP
NY,Bethlehem Energy Center (Albany),2539,3,NA,1996,NA,NA,NA,NA,135.5,NA,50526,NA,47,NA,782642,Residual Oil,Pipeline Natural Gas,Tangentially-fired,NA,NA,Cyclone,NA,ARP
NY,Bethlehem Energy Center (Albany),2539,3,NA,1997,3314,3295.75,150757.25,NA,19.19,0.0275,108634.05,0.0594,95.856,0.135,1822681.875,Residual Oil,Pipeline Natural Gas,Tangentially-fired,NA,NA,Cyclone,NA,ARP
NY,Bethlehem Energy Center (Albany),2539,3,NA,1998,6225,6206.75,332535.75,NA,89.689,0.0499,237902.2,0.0599,240.643,0.1413,3959455.725,Residual Oil,Pipeline Natural Gas,Tangentially-fired,NA,NA,Cyclone,NA,ARP
NY,Bethlehem Energy Center (Albany),2539,3,NA,1999,6286,6263.25,335098.5,NA,624.694,0.3332,266849.25,0.0656,320.647,0.1676,4102652.575,Residual Oil,Pipeline Natural Gas,Tangentially-fired,NA,NA,Cyclone,NA,"ARP, OTC"
NY,Bethlehem Energy Center (Albany),2539,3,NA,2000,3038,2978.43,130196.63,NA,840.967,0.7974,120847.93,0.072,172.541,0.211,1587982.155,Residual Oil,Pipeline Natural Gas,Tangentially-fired,NA,NA,Cyclone,NA,"ARP, OTC"
NY,Bethlehem Energy Center (Albany),2539,3,NA,2001,2030,1971.45,92123.73,NA,691.021,0.9872,89246.085,0.0752,122.426,0.2082,1134284.529,Residual Oil,Pipeline Natural Gas,Tangentially-fired,NA,NA,Cyclone,NA,"ARP, OTC"
NY,Bethlehem Energy Center (Albany),2539,3,NA,2002,913,878.8,35823.87,NA,0.12,7e-4,24138.383,0.0591,19.82,0.1249,407207.123,Residual Oil,Pipeline Natural Gas,Tangentially-fired,NA,NA,Cyclone,NA,"ARP, OTC"
NY,Bethlehem Energy Center (Albany),2539,3,NA,2003,522,510.79,22457.32,NA,142.41,0.8643,20636.137,0.0734,26.771,0.1925,270076.703,Residual Oil,Pipeline Natural Gas,Tangentially-fired,NA,NA,Cyclone,NA,"ARP, NBP"
NY,Bethlehem Energy Center (Albany),2539,3,NA,2004,1067,1055.5,62068.97,NA,470.55,1.188,58135.1,0.0787,80.465,0.2197,721320.466,Residual Oil,Pipeline Natural Gas,Tangentially-fired,NA,NA,Cyclone,NA,"ARP, NBP"
NY,Bethlehem Energy Center (Albany),2539,3,NA,2005,280,274.56,15281.33,NA,98.995,0.9666,13256.327,0.0748,16.817,0.201,170305.346,Residual Oil,Pipeline Natural Gas,Tangentially-fired,NA,NA,Cyclone,NA,"ARP, NBP"
NY,Bethlehem Energy Center (Albany),2539,4,NA,1995,NA,NA,NA,NA,195,NA,114286,NA,94,NA,1822851,Residual Oil,Pipeline Natural Gas,Tangentially-fired,NA,NA,Cyclone,NA,ARP
NY,Bethlehem Energy Center (Albany),2539,4,NA,1996,NA,NA,NA,NA,72.4,NA,48861,NA,36,NA,777663,Residual Oil,Pipeline Natural Gas,Tangentially-fired,NA,NA,Cyclone,NA,ARP
NY,Bethlehem Energy Center (Albany),2539,4,NA,1997,1330,1318.75,57217.25,NA,30.746,0.109,38668.35,0.0611,30.377,0.121,632484.775,Residual Oil,Pipeline Natural Gas,Tangentially-fired,NA,NA,Cyclone,NA,ARP
NY,Bethlehem Energy Center (Albany),2539,4,NA,1998,7792,7780.75,332010.75,NA,1016.19,0.3772,264473,0.0655,282.254,0.1581,3890141.925,Residual Oil,Pipeline Natural Gas,Tangentially-fired,NA,NA,Cyclone,NA,ARP
NY,Bethlehem Energy Center (Albany),2539,4,NA,1999,5714,5685.75,218038.75,NA,666.504,0.4219,178953.875,0.0668,184.703,0.1523,2618830.375,Residual Oil,Pipeline Natural Gas,Tangentially-fired,NA,NA,Cyclone,NA,"ARP, OTC"
NY,Bethlehem Energy Center (Albany),2539,4,NA,2000,3233,3177.43,148079.73,NA,993.954,0.8573,135738.864,0.0731,176.179,0.1913,1758321.076,Residual Oil,Pipeline Natural Gas,Tangentially-fired,NA,NA,Cyclone,NA,"ARP, OTC"
NY,Bethlehem Energy Center (Albany),2539,4,NA,2001,2215,2156.46,105049.24,NA,725.486,0.947,96585.172,0.0747,131.872,0.208,1235593.836,Residual Oil,Pipeline Natural Gas,Tangentially-fired,NA,NA,Cyclone,NA,"ARP, OTC"
NY,Bethlehem Energy Center (Albany),2539,4,NA,2002,1258,1226.74,54997.81,NA,1.674,0.0075,33969.004,0.0592,27.401,0.1257,572143.571,Residual Oil,Pipeline Natural Gas,Tangentially-fired,NA,NA,Cyclone,NA,"ARP, OTC"
NY,Bethlehem Energy Center (Albany),2539,4,NA,2003,985,966.08,43208.17,NA,267.92,1.0066,36848.494,0.0753,46.021,0.1919,477513.526,Residual Oil,Pipeline Natural Gas,Tangentially-fired,NA,NA,Cyclone,NA,"ARP, NBP"
NY,Bethlehem Energy Center (Albany),2539,4,NA,2004,1498,1474.15,98548.1,NA,649.976,1.1589,80817.735,0.0783,107.892,0.2114,1004106.746,Residual Oil,Pipeline Natural Gas,Tangentially-fired,NA,NA,Cyclone,NA,"ARP, NBP"
NY,Bethlehem Energy Center (Albany),2539,4,NA,2005,69,64.78,3313.4,NA,0.01,7e-4,2025.449,0.0591,1.839,0.1411,34165.675,Residual Oil,Pipeline Natural Gas,Tangentially-fired,NA,NA,Cyclone,NA,"ARP, NBP"
NY,Huntley Power,2549,63,CS0002,1995,6488,6487,NA,NA,3496.5,NA,306162.1,NA,380,NA,1130006,Coal,NA,Arch-fired boiler,NA,NA,Electrostatic Precipitator,NA,ARP
NY,Huntley Power,2549,63,CS0002,1996,NA,NA,NA,NA,4270.9,NA,339961.4,NA,1215,NA,3312698,Coal,NA,Arch-fired boiler,NA,NA,Electrostatic Precipitator,NA,ARP
NY,Huntley Power,2549,63,CS0002,1997,6191,6189.25,352284,NA,5206.66,2.4904,430098.419,0.103,1724.733,0.7851,4191994.539,Coal,NA,Arch-fired boiler,NA,NA,Electrostatic Precipitator,NA,ARP
NY,Huntley Power,2549,63,CS0002,1998,7123,7122.75,443653.25,NA,6506.549,2.4675,541846.169,0.103,2209.524,0.8112,5281156.535,Coal,NA,Arch-fired boiler,NA,NA,Electrostatic Precipitator,NA,ARP
NY,Huntley Power,2549,63,CS0002,1999,3142,3134.8,166552,NA,2523.841,2.5501,202393.621,0.1034,800.299,0.7919,1965603.402,Coal,NA,Arch-fired boiler,NA,NA,Electrostatic Precipitator,NA,"ARP, OTC"
NY,Huntley Power,2549,63,CS0002,2000,4708,4706.39,273828.89,NA,3899.249,2.6255,303157.609,0.103,1133.105,0.7602,2954751.805,Coal,NA,Arch-fired boiler,NA,NA,Electrostatic Precipitator,NA,"ARP, OTC"
NY,Huntley Power,2549,63,CS0002,2001,5324,5318.45,335924.98,NA,4335.996,2.4275,365605.232,0.103,1335.46,0.7423,3563396.594,Coal,NA,Arch-fired boiler,NA,NA,Electrostatic Precipitator,NA,"ARP, OTC"
NY,Huntley Power,2549,63,CS0002,2002,340,334.15,15887.58,NA,250.526,2.5816,19483.155,0.1029,68.254,0.6237,189895.953,Coal,NA,Arch-fired boiler,NA,NA,Electrostatic Precipitator,NA,"ARP, OTC"
NY,Huntley Power,2549,63,CS0002,2003,530,529.16,26432.86,NA,467.091,2.7599,34673.22,0.103,101.473,0.6109,337944.689,Coal,NA,Arch-fired boiler,NA,NA,Electrostatic Precipitator,NA,"ARP, NBP"
NY,Huntley Power,2549,63,CS0002,2004,35,35,NA,NA,6.955,2.274,589.5,0.1029,1.511,0.3803,5745.475,Coal,NA,Arch-fired boiler,NA,NA,Electrostatic Precipitator,NA,"ARP, NBP"
NY,Huntley Power,2549,63,CS0002,2005,6,6,NA,NA,0.199,1.6507,24.975,0.1025,0.017,0.1397,243.5,Coal,NA,Arch-fired boiler,NA,NA,Electrostatic Precipitator,NA,"ARP, NBP"
NY,Huntley Power,2549,63,CS0002,2006,5,5,NA,NA,0.11,1.6908,13.3,0.1026,0.012,0.1898,129.775,Coal,NA,Arch-fired boiler,NA,NA,Electrostatic Precipitator,NA,"ARP, NBP"
NY,Huntley Power,2549,63,CS0002,2007,0,0,NA,NA,NA,NA,NA,NA,NA,NA,NA,Coal,NA,Arch-fired boiler,NA,NA,Electrostatic Precipitator,NA,NA
NY,Huntley Power,2549,64,CS0002,1995,6706,6705,NA,NA,3349.5,NA,293290.5,NA,432,NA,1207801,Coal,NA,Arch-fired boiler,NA,NA,Electrostatic Precipitator,NA,ARP
NY,Huntley Power,2549,64,CS0002,1996,NA,NA,NA,NA,5315.3,NA,423099.9,NA,1584,NA,4127947,Coal,NA,Arch-fired boiler,NA,NA,Electrostatic Precipitator,NA,ARP
NY,Huntley Power,2549,64,CS0002,1997,6374,6372.25,364834,NA,5365.632,2.4742,446080.595,0.103,1800.629,0.7866,4347773.282,Coal,NA,Arch-fired boiler,NA,NA,Electrostatic Precipitator,NA,ARP
NY,Huntley Power,2549,64,CS0002,1998,8212,8211.75,511291.25,NA,7659.624,2.4685,634350.91,0.103,2593.762,0.8147,6182758.089,Coal,NA,Arch-fired boiler,NA,NA,Electrostatic Precipitator,NA,ARP
NY,Huntley Power,2549,64,CS0002,1999,4339,4330.05,218406,NA,3248.024,2.5446,261276.989,0.1034,1029.148,0.7917,2537015.777,Coal,NA,Arch-fired boiler,NA,NA,Electrostatic Precipitator,NA,"ARP, OTC"
NY,Huntley Power,2549,64,CS0002,2000,6796,6793.68,413011,NA,5768.54,2.5609,458640.613,0.103,1711.762,0.7621,4470188.929,Coal,NA,Arch-fired boiler,NA,NA,Electrostatic Precipitator,NA,"ARP, OTC"
NY,Huntley Power,2549,64,CS0002,2001,5018,5014.3,303723.42,NA,3882.009,2.4221,331056.183,0.103,1210.083,0.73740000000000006,3226664.865,Coal,NA,Arch-fired boiler,NA,NA,Electrostatic Precipitator,NA,"ARP, OTC"
NY,Huntley Power,2549,64,CS0002,2002,350,344.15,19128.72,NA,298.625,2.6027,23035.986,0.1029,79.981,0.6095,224523.113,Coal,NA,Arch-fired boiler,NA,NA,Electrostatic Precipitator,NA,"ARP, OTC"
NY,Huntley Power,2549,64,CS0002,2003,80,80,2292,NA,42.046,2.7283,3172.405,0.103,8.807,0.5813,30920.057,Coal,NA,Arch-fired boiler,NA,NA,Electrostatic Precipitator,NA,"ARP, NBP"
NY,Huntley Power,2549,64,CS0002,2004,56,56,649,NA,17.778,2.4821,1375.003,0.1029,4.251,0.5076,13401.158,Coal,NA,Arch-fired boiler,NA,NA,Electrostatic Precipitator,NA,"ARP, NBP"
NY,Huntley Power,2549,64,CS0002,2005,6,6,NA,NA,0.199,1.6507,24.975,0.1025,0.017,0.1397,243.5,Coal,NA,Arch-fired boiler,NA,NA,Electrostatic Precipitator,NA,"ARP, NBP"
NY,Huntley Power,2549,64,CS0002,2006,5,5,NA,NA,0.11,1.6908,13.3,0.1026,0.012,0.1898,129.775,Coal,NA,Arch-fired boiler,NA,NA,Electrostatic Precipitator,NA,"ARP, NBP"
NY,Huntley Power,2549,64,CS0002,2007,0,0,NA,NA,NA,NA,NA,NA,NA,NA,NA,Coal,NA,Arch-fired boiler,NA,NA,Electrostatic Precipitator,NA,NA
NY,Huntley Power,2549,65,CS0002,1995,8203,8202.5,NA,NA,6264.9,NA,548563.3,NA,821,NA,2433087,Coal,NA,Arch-fired boiler,NA,NA,Electrostatic Precipitator,NA,ARP
NY,Huntley Power,2549,65,CS0002,1996,NA,NA,NA,NA,5955.6,NA,474064.7,NA,1703,NA,4614545,Coal,NA,Arch-fired boiler,NA,NA,Electrostatic Precipitator,NA,ARP
NY,Huntley Power,2549,65,CS0002,1997,7494,7492.25,405378,NA,6090.484,2.4975,501057.301,0.103,1907.429,0.7334,4883610.403,Coal,NA,Arch-fired boiler,NA,NA,Electrostatic Precipitator,NA,ARP
NY,Huntley Power,2549,65,CS0002,1998,7861,7860.75,531415,NA,8099.598,2.4674,671286.324,0.103,2666.668,0.7881,6542752.406,Coal,NA,Arch-fired boiler,NA,NA,Electrostatic Precipitator,NA,ARP
NY,Huntley Power,2549,65,CS0002,1999,6577,6565.55,393096.5,NA,5826.386,2.5437,463734.362,0.1035,1769.274,0.7436,4502441.831,Coal,NA,Arch-fired boiler,NA,NA,Electrostatic Precipitator,NA,"ARP, OTC"
NY,Huntley Power,2549,65,CS0002,2000,7634,7633.97,401137.26,NA,5555.012,2.5453,447343.61,0.103,1621.31,0.7311,4360076.991,Coal,NA,Arch-fired boiler,NA,NA,Electrostatic Precipitator,NA,"ARP, OTC"
NY,Huntley Power,2549,65,CS0002,2001,6652,6644.91,388069.52,NA,5067.053,2.4517,424686.949,0.103,1507.856,0.7121,4139249.336,Coal,NA,Arch-fired boiler,NA,NA,Electrostatic Precipitator,NA,"ARP, OTC"
NY,Huntley Power,2549,65,CS0002,2002,7102,7088.51,386037.32,NA,5727.281,2.4342,479731.985,0.103,1579.009,0.6316,4675757.821,Coal,NA,Arch-fired boiler,NA,NA,Electrostatic Precipitator,NA,"ARP, OTC"
NY,Huntley Power,2549,65,CS0002,2003,6522,6520.36,383818.16,NA,6053.909,2.7078,455858.132,0.103,1301.349,0.5707,4443059.616,Coal,NA,Arch-fired boiler,NA,NA,Electrostatic Precipitator,NA,"ARP, NBP"
NY,Huntley Power,2549,65,CS0002,2004,6841,6838.44,387877.31,NA,5815.727,2.5932,458228.018,0.103,1345.885,0.5602,4466165.973,Coal,NA,Arch-fired boiler,NA,NA,Electrostatic Precipitator,NA,"ARP, NBP"
NY,Huntley Power,2549,65,CS0002,2005,4963,4959.62,262112.75,NA,3660.161,2.168,343980.244,0.103,1037.96,0.5816,3352629.118,Coal,NA,Arch-fired boiler,NA,NA,Electrostatic Precipitator,NA,"ARP, NBP"
NY,Huntley Power,2549,65,CS0002,2006,3242,3239.48,144927.07,NA,1682.413,1.8654,184044.845,0.103,537.224,0.5456,1793788.254,Coal,NA,Arch-fired boiler,NA,NA,Electrostatic Precipitator,NA,"ARP, NBP"
NY,Huntley Power,2549,65,CS0002,2007,2409,2396.57,113840.91,NA,1393.992,2.2865,124441.552,0.103,396.722,0.5764,1212883.958,Coal,NA,Arch-fired boiler,NA,NA,Electrostatic Precipitator,NA,"ARP, NBP"
NY,Huntley Power,2549,66,CS0002,1995,8265,8264.75,NA,NA,6866.1,NA,601204.1,NA,982,NA,2972181,Coal,NA,Arch-fired boiler,NA,NA,Electrostatic Precipitator,NA,ARP
NY,Huntley Power,2549,66,CS0002,1996,NA,NA,NA,NA,6692.7,NA,532733,NA,1914,NA,5192017,Coal,NA,Arch-fired boiler,NA,NA,Electrostatic Precipitator,NA,ARP
NY,Huntley Power,2549,66,CS0002,1997,8260,8258.25,480903,NA,7205.166,2.4841,594116.173,0.103,2287.824,0.7456,5790615.495,Coal,NA,Arch-fired boiler,NA,NA,Electrostatic Precipitator,NA,ARP
NY,Huntley Power,2549,66,CS0002,1998,8037,8036.75,578409.5,NA,8593.648,2.4538,718839.803,0.103,2891.635,0.7974,7006238.744,Coal,NA,Arch-fired boiler,NA,NA,Electrostatic Precipitator,NA,ARP
NY,Huntley Power,2549,66,CS0002,1999,6271,6259.55,414408,NA,6129.253,2.5615,486935.309,0.1035,1867.56,0.7505,4727204.59,Coal,NA,Arch-fired boiler,NA,NA,Electrostatic Precipitator,NA,"ARP, OTC"
NY,Huntley Power,2549,66,CS0002,2000,7605,7604.42,454540.52,NA,6213.285,2.5147,505723.97,0.103,1878.348,0.7429,4929655.846,Coal,NA,Arch-fired boiler,NA,NA,Electrostatic Precipitator,NA,"ARP, OTC"
NY,Huntley Power,2549,66,CS0002,2001,6758,6750.14,416124.51,NA,5420.806,2.4426,455758.382,0.103,1658.849,0.7112,4442092.944,Coal,NA,Arch-fired boiler,NA,NA,Electrostatic Precipitator,NA,"ARP, OTC"
NY,Huntley Power,2549,66,CS0002,2002,7111,7099.43,408792.44,NA,6032.514,2.4339,504923.722,0.103,1696.525,0.6429,4921300.849,Coal,NA,Arch-fired boiler,NA,NA,Electrostatic Precipitator,NA,"ARP, OTC"
NY,Huntley Power,2549,66,CS0002,2003,6279,6277.08,408022.13,NA,6438.993,2.7496,479670.653,0.103,1425.257,0.5959,4675175.505,Coal,NA,Arch-fired boiler,NA,NA,Electrostatic Precipitator,NA,"ARP, NBP"
NY,Huntley Power,2549,66,CS0002,2004,6638,6636.03,406894.82,NA,6052.351,2.5716,480520,0.103,1440.94,0.572,4683422.768,Coal,NA,Arch-fired boiler,NA,NA,Electrostatic Precipitator,NA,"ARP, NBP"
NY,Huntley Power,2549,66,CS0002,2005,4789,4785.9,275913.59,NA,3889.861,2.1765,363739.17,0.103,1069.392,0.5737,3545216.011,Coal,NA,Arch-fired boiler,NA,NA,Electrostatic Precipitator,NA,"ARP, NBP"
NY,Huntley Power,2549,66,CS0002,2006,3105,3099.17,168756.83,NA,2014.731,1.8739,219630.957,0.103,632.484,0.5625,2140629.957,Coal,NA,Arch-fired boiler,NA,NA,Electrostatic Precipitator,NA,"ARP, NBP"
NY,Huntley Power,2549,66,CS0002,2007,2475,2464.11,140348.37,NA,1787.954,2.2788,160228.106,0.103,463.619,0.5646,1561692.539,Coal,NA,Arch-fired boiler,NA,NA,Electrostatic Precipitator,NA,"ARP, NBP"
NY,Huntley Power,2549,67,CS0001,1995,NA,NA,NA,NA,16306.8,NA,1430304.2,NA,2445,NA,13948546,Coal,NA,Tangentially-fired,NA,Low NOx Burner Technology w/ Separated OFA,Electrostatic Precipitator,NA,ARP
NY,Huntley Power,2549,67,CS0001,1996,NA,NA,NA,NA,17285.9,NA,1404908.6,NA,2182,NA,13693344,Coal,NA,Tangentially-fired,NA,Low NOx Burner Technology w/ Separated OFA,Electrostatic Precipitator,NA,ARP
NY,Huntley Power,2549,67,CS0001,1997,8303,8303,1361675,NA,18850.706,2.4593,1573150.731,0.103,2358.345,0.3065,15332865.64,Coal,NA,Tangentially-fired,NA,Low NOx Burner Technology w/ Separated OFA,Electrostatic Precipitator,NA,ARP
NY,Huntley Power,2549,67,CS0001,1998,6326,6323.25,1051125,NA,14475.299,2.4818,1188780.54,0.103,1771.45,0.3052,11586564.109,Coal,NA,Tangentially-fired,NA,Low NOx Burner Technology w/ Separated OFA,Electrostatic Precipitator,NA,ARP
NY,Huntley Power,2549,67,CS0001,1999,7175,7167,1202159.75,NA,16505.411,2.554,1317921.828,0.103,2142.786,0.3369,12845230.739,Coal,NA,Tangentially-fired,NA,Low NOx Burner Technology w/ Separated OFA,Electrostatic Precipitator,NA,"ARP, OTC"
NY,Huntley Power,2549,67,CS0001,2000,7739,7736.24,1304900.97,NA,16406.167,2.5546,1316980.47,0.103,2380.338,0.374,12837788.607,Coal,NA,Tangentially-fired,NA,Low NOx Burner Technology w/ Separated OFA,Electrostatic Precipitator,NA,"ARP, OTC"
NY,Huntley Power,2549,67,CS0001,2001,6502,6489.81,1089900.02,NA,12816.089,2.3645,1109200.459,0.1033,1740.871,0.3249,10779645.211,Coal,NA,Tangentially-fired,NA,Low NOx Burner Technology w/ Separated OFA,Electrostatic Precipitator,NA,"ARP, OTC"
NY,Huntley Power,2549,67,CS0001,2002,6858,6854.69,1120292.91,NA,12567.443,2.2064,1160290.264,0.103,1823.176,0.3133,11310716.934,Coal,NA,Tangentially-fired,NA,Low NOx Burner Technology w/ Separated OFA,Electrostatic Precipitator,NA,"ARP, OTC"
NY,Huntley Power,2549,67,CS0001,2003,7339,7337.17,1214286.74,NA,10997.03,1.6589,1351557.987,0.103,1584.334,0.2411,13173073.029,Coal,NA,Tangentially-fired,NA,Low NOx Burner Technology w/ Separated OFA,Electrostatic Precipitator,NA,"ARP, NBP"
NY,Huntley Power,2549,67,CS0001,2004,7074,7070.39,1197446.19,NA,9403.605,1.4271,1351339.821,0.103,1388.397,0.2161,13170956.452,Coal,NA,Tangentially-fired,NA,Low NOx Burner Technology w/ Separated OFA,Electrostatic Precipitator,NA,"ARP, NBP"
NY,Huntley Power,2549,67,CS0001,2005,7114,7110.58,1206991.64,NA,5307.482,0.78,1402339.91,0.103,1057.438,0.1603,13668011.568,Coal,NA,Tangentially-fired,NA,Low NOx Burner Technology w/ Separated OFA,Electrostatic Precipitator,NA,"ARP, NBP"
NY,Huntley Power,2549,67,CS0001,2006,6676,6675.83,1215166.93,NA,4154.857,0.5945,1437784.353,0.103,1031.22,0.1525,14013511.907,Coal,NA,Tangentially-fired,NA,Low NOx Burner Technology w/ Separated OFA,Electrostatic Precipitator,NA,"ARP, NBP"
NY,Huntley Power,2549,67,CS0001,2007,7709,7694.82,1282217.56,NA,3847.112,0.5886,1335275.308,0.103,951.297,0.1453,13014386.432,Coal,NA,Tangentially-fired,NA,Low NOx Burner Technology w/ Separated OFA,Electrostatic Precipitator,NA,"ARP, NBP"
NY,Huntley Power,2549,67,CS0001,2008,7832,7830.57,1323206.42,NA,3515.462,0.5607,1306415.557,0.1044,927.24,0.1467,12533499.291,Coal,NA,Tangentially-fired,NA,Low NOx Burner Technology w/ Separated OFA,Electrostatic Precipitator,NA,"ARP, CAIRNOX, CAIROS, NBP"
NY,Huntley Power,2549,67,CS0001,2009,7440,7429.47,1066431.08,NA,2963.788,0.6039,1027457.493,0.105,756.642,0.1547,9796553.489,Coal,NA,Tangentially-fired,NA,"Low NOx Burner Technology w/ Separated OFA|Selective Non-catalytic Reduction (Began Jan 15, 2009)","Electrostatic Precipitator (Retired Jan 16, 2009)|Baghouse (Began Jan 17, 2009)",NA,"ARP, CAIRNOX, CAIROS, CAIRSO2, RGGI"
NY,Huntley Power,2549,67,CS0001,2010,6668,6660.48,1032061.2,NA,2895.217,0.5581,1083838.261,0.105,802.474,0.1549,10334101.481,Coal,NA,Tangentially-fired,NA,Low NOx Burner Technology w/ Separated OFA|Selective Non-catalytic Reduction,Baghouse,NA,"ARP, CAIRNOX, CAIROS, CAIRSO2, RGGI"
NY,Huntley Power,2549,67,CS0001,2011,5761,5742.88,801107.83,NA,2343.256,0.5465,892427.602,0.105,664.39,0.1542,8509086.117,Coal,NA,Tangentially-fired,NA,Low NOx Burner Technology w/ Separated OFA|Selective Non-catalytic Reduction,Baghouse,NA,"ARP, CAIRNOX, CAIROS, CAIRSO2, RGGI"
NY,Huntley Power,2549,67,CS0001,2012,3109,3094.09,334019.46,NA,1192.086,0.6842,362021.123,0.105,252.416,0.143,3451832.471,Coal,NA,Tangentially-fired,NA,Low NOx Burner Technology w/ Separated OFA|Selective Non-catalytic Reduction,Baghouse,NA,"ARP, CAIRNOX, CAIROS, CAIRSO2, RGGI"
NY,Huntley Power,2549,67,CS0001,2013,5129,5117.78,620772.12,NA,1805.985,0.5587,671516.826,0.105,496.488,0.1519,6402796.107,Coal,NA,Tangentially-fired,NA,Low NOx Burner Technology w/ Separated OFA|Selective Non-catalytic Reduction,Baghouse,NA,"ARP, CAIRNOX, CAIROS, CAIRSO2, RGGI"
NY,Huntley Power,2549,67,CS0001,2014,4058,4043.23,522102.62,NA,1321.676,0.4909,557544.607,0.105,342.834,0.1248,5316044.071,Coal,NA,Tangentially-fired,NA,Low NOx Burner Technology w/ Separated OFA|Selective Non-catalytic Reduction,Baghouse,NA,"ARP, CAIRNOX, CAIROS, CAIRSO2, RGGI"
NY,Huntley Power,2549,67,CS0001,2015,2357,2332.15,264852.27,NA,707.152,0.482,289543.236,0.1049,152.226,0.111,2760715.676,Coal,NA,Tangentially-fired,NA,Low NOx Burner Technology w/ Separated OFA|Selective Non-catalytic Reduction,Baghouse,NA,"ARP, CSNOX, CSNOXOS, CSSO2G1, MATS, RGGI"
NY,Huntley Power,2549,67,CS0001,2016,897,894.58,99862.68,NA,284.433,0.5606,105833.004,0.105,52.005,0.1024,1009093.234,Coal,NA,Tangentially-fired,NA,Low NOx Burner Technology w/ Separated OFA|Selective Non-catalytic Reduction,Baghouse,NA,"ARP, CSNOX, CSNOXOS, CSSO2G1, MATS, RGGI"
NY,Huntley Power,2549,67,CS0001,2017,0,0,NA,NA,NA,NA,NA,NA,NA,NA,NA,Coal,NA,Tangentially-fired,NA,Low NOx Burner Technology w/ Separated OFA|Selective Non-catalytic Reduction,Baghouse,NA,"ARP, CSNOX, CSOSG2, CSSO2G1, MATS, RGGI"
NY,Huntley Power,2549,67,CS0001,2018,0,0,NA,NA,NA,NA,NA,NA,NA,NA,NA,Coal,NA,Tangentially-fired,NA,Low NOx Burner Technology w/ Separated OFA|Selective Non-catalytic Reduction,Baghouse,NA,"ARP, CSNOX, CSSO2G1, MATS, RGGI"
NY,Huntley Power,2549,68,CS0001,1995,NA,NA,NA,NA,12121.2,NA,1063171.8,NA,1869,NA,10358399,Coal,NA,Tangentially-fired,NA,"Low NOx Burner Technology w/ Separated OFA (Began Apr 15, 1995)",Electrostatic Precipitator,NA,ARP
NY,Huntley Power,2549,68,CS0001,1996,NA,NA,NA,NA,16106.2,NA,1309034.4,NA,2039,NA,12752187,Coal,NA,Tangentially-fired,NA,Low NOx Burner Technology w/ Separated OFA,Electrostatic Precipitator,NA,ARP
NY,Huntley Power,2549,68,CS0001,1997,7759,7759,1284494,NA,17602.987,2.449,1476564.169,0.103,2193.336,0.3044,14391466.56,Coal,NA,Tangentially-fired,NA,Low NOx Burner Technology w/ Separated OFA,Electrostatic Precipitator,NA,ARP
NY,Huntley Power,2549,68,CS0001,1998,8256,8252.5,1458297.75,NA,19763.445,2.4666,1634465.71,0.103,2461.535,0.3081,15931540.54,Coal,NA,Tangentially-fired,NA,Low NOx Burner Technology w/ Separated OFA,Electrostatic Precipitator,NA,ARP
NY,Huntley Power,2549,68,CS0001,1999,6387,6381.25,1038556,NA,14251.293,2.5337,1143890.097,0.103,1903.332,0.3432,11149938.861,Coal,NA,Tangentially-fired,NA,Low NOx Burner Technology w/ Separated OFA,Electrostatic Precipitator,NA,"ARP, OTC"
NY,Huntley Power,2549,68,CS0001,2000,6934,6930.1,1165454.44,NA,14460.19,2.5359,1172152.569,0.103,2142.722,0.3774,11426085.421,Coal,NA,Tangentially-fired,NA,Low NOx Burner Technology w/ Separated OFA,Electrostatic Precipitator,NA,"ARP, OTC"
NY,Huntley Power,2549,68,CS0001,2001,6426,6414.04,1062424.02,NA,12333.661,2.352,1080506.468,0.1033,1713.104,0.3289,10497654.443,Coal,NA,Tangentially-fired,NA,Low NOx Burner Technology w/ Separated OFA,Electrostatic Precipitator,NA,"ARP, OTC"
NY,Huntley Power,2549,68,CS0001,2002,7292,7290.6,1271012.97,NA,14121.652,2.1886,1315389.362,0.103,2071.678,0.3148,12820545.312,Coal,NA,Tangentially-fired,NA,Low NOx Burner Technology w/ Separated OFA,Electrostatic Precipitator,NA,"ARP, OTC"
NY,Huntley Power,2549,68,CS0001,2003,7464,7463.35,1254289.4,NA,11517.822,1.6717,1395807.877,0.103,1628.257,0.2386,13604355.373,Coal,NA,Tangentially-fired,NA,Low NOx Burner Technology w/ Separated OFA,Electrostatic Precipitator,NA,"ARP, NBP"
NY,Huntley Power,2549,68,CS0001,2004,7875,7872.93,1298499.39,NA,10237.426,1.4428,1458040.967,0.103,1499.716,0.21560000000000001,14211306.947,Coal,NA,Tangentially-fired,NA,Low NOx Burner Technology w/ Separated OFA,Electrostatic Precipitator,NA,"ARP, NBP"
NY,Huntley Power,2549,68,CS0001,2005,6621,6618.69,1110000.38,NA,5776.62,0.9228,1285540.952,0.103,1003.015,0.1661,12529641.356,Coal,NA,Tangentially-fired,NA,Low NOx Burner Technology w/ Separated OFA,Electrostatic Precipitator,NA,"ARP, NBP"
NY,Huntley Power,2549,68,CS0001,2006,7410,7408.23,1286655.37,NA,4447.218,0.627,1459796.281,0.103,1063.588,0.1551,14228051.025,Coal,NA,Tangentially-fired,NA,Low NOx Burner Technology w/ Separated OFA,Electrostatic Precipitator,NA,"ARP, NBP"
NY,Huntley Power,2549,68,CS0001,2007,6942,6930.8,1219907.49,NA,3583.342,0.5734,1277789.049,0.103,900.283,0.1443,12454093.574,Coal,NA,Tangentially-fired,NA,Low NOx Burner Technology w/ Separated OFA,Electrostatic Precipitator,NA,"ARP, NBP"
NY,Huntley Power,2549,68,CS0001,2008,7346,7344.38,1258620.89,NA,3336.982,0.5633,1241588.943,0.1045,884.586,0.1482,11910891.83,Coal,NA,Tangentially-fired,NA,Low NOx Burner Technology w/ Separated OFA,"Electrostatic Precipitator (Retired Dec 21, 2008)|Baghouse (Began Dec 22, 2008)",NA,"ARP, CAIRNOX, CAIROS, NBP"
NY,Huntley Power,2549,68,CS0001,2009,7368,7353.91,1078203.01,NA,3054.18,0.6128,1046235.128,0.105,784.452,0.1584,9975567.008,Coal,NA,Tangentially-fired,NA,"Low NOx Burner Technology w/ Separated OFA|Selective Non-catalytic Reduction (Began Jan 15, 2009)",Baghouse,NA,"ARP, CAIRNOX, CAIROS, CAIRSO2, RGGI"
NY,Huntley Power,2549,68,CS0001,2010,7272,7263.04,1123438.65,NA,3146.168,0.5539,1185860.763,0.105,890.377,0.1567,11306859.872,Coal,NA,Tangentially-fired,NA,Low NOx Burner Technology w/ Separated OFA|Selective Non-catalytic Reduction,Baghouse,NA,"ARP, CAIRNOX, CAIROS, CAIRSO2, RGGI"
NY,Huntley Power,2549,68,CS0001,2011,4713,4698.05,667684.39,NA,1972.318,0.5561,742832.104,0.1051,565.155,0.158,7082753.622,Coal,NA,Tangentially-fired,NA,Low NOx Burner Technology w/ Separated OFA|Selective Non-catalytic Reduction,Baghouse,NA,"ARP, CAIRNOX, CAIROS, CAIRSO2, RGGI"
NY,Huntley Power,2549,68,CS0001,2012,3841,3819.33,405736.53,NA,1523.458,0.7002,447775.265,0.1052,277.811,0.1253,4269457.688,Coal,NA,Tangentially-fired,NA,Low NOx Burner Technology w/ Separated OFA|Selective Non-catalytic Reduction,Baghouse,NA,"ARP, CAIRNOX, CAIROS, CAIRSO2, RGGI"
NY,Huntley Power,2549,68,CS0001,2013,4157,4133.49,496024.36,NA,1412.011,0.5548,530102.756,0.1049,356.569,0.1386,5054385.32,Coal,NA,Tangentially-fired,NA,Low NOx Burner Technology w/ Separated OFA|Selective Non-catalytic Reduction,Baghouse,NA,"ARP, CAIRNOX, CAIROS, CAIRSO2, RGGI"
NY,Huntley Power,2549,68,CS0001,2014,5693,5680,730150.57,NA,1870.697,0.4938,786236.741,0.105,476.915,0.1234,7496630.626,Coal,NA,Tangentially-fired,NA,Low NOx Burner Technology w/ Separated OFA|Selective Non-catalytic Reduction,Baghouse,NA,"ARP, CAIRNOX, CAIROS, CAIRSO2, RGGI"
NY,Huntley Power,2549,68,CS0001,2015,1693,1671.91,169197.46,NA,451.18,0.431,193694.162,0.1049,99.201,0.1092,1846818.46,Coal,NA,Tangentially-fired,NA,Low NOx Burner Technology w/ Separated OFA|Selective Non-catalytic Reduction,Baghouse,NA,"ARP, CSNOX, CSNOXOS, CSSO2G1, MATS, RGGI"
NY,Huntley Power,2549,68,CS0001,2016,1436,1435.23,169756.32,NA,468.128,0.5415,180915.512,0.105,90.789,0.1043,1724978.927,Coal,NA,Tangentially-fired,NA,Low NOx Burner Technology w/ Separated OFA|Selective Non-catalytic Reduction,Baghouse,NA,"ARP, CSNOX, CSNOXOS, CSSO2G1, MATS, RGGI"
NY,Huntley Power,2549,68,CS0001,2017,0,0,NA,NA,NA,NA,NA,NA,NA,NA,NA,Coal,NA,Tangentially-fired,NA,Low NOx Burner Technology w/ Separated OFA|Selective Non-catalytic Reduction,Baghouse,NA,"ARP, CSNOX, CSOSG2, CSSO2G1, MATS, RGGI"
NY,Huntley Power,2549,68,CS0001,2018,0,0,NA,NA,NA,NA,NA,NA,NA,NA,NA,Coal,NA,Tangentially-fired,NA,Low NOx Burner Technology w/ Separated OFA|Selective Non-catalytic Reduction,Baghouse,NA,"ARP, CSNOX, CSSO2G1, MATS, RGGI"
NY,NRG Dunkirk Power,2554,1,NA,1995,NA,NA,NA,NA,10594,NA,699295,NA,1106,NA,6817408,Coal,NA,Tangentially-fired,NA,Low NOx Burner Technology w/ Closed-coupled OFA,Electrostatic Precipitator,NA,ARP
NY,NRG Dunkirk Power,2554,1,NA,1996,NA,NA,NA,NA,11090.4,NA,721973,NA,1255,NA,7036790,Coal,NA,Tangentially-fired,NA,Low NOx Burner Technology w/ Closed-coupled OFA,Electrostatic Precipitator,NA,ARP
NY,NRG Dunkirk Power,2554,1,NA,1997,8517,8511.25,697475,NA,12845.36,3.1862,822096.575,0.103,1376.166,0.3443,8012624.4,Coal,NA,Tangentially-fired,NA,Low NOx Burner Technology w/ Closed-coupled OFA,Electrostatic Precipitator,NA,ARP
NY,NRG Dunkirk Power,2554,1,NA,1998,6222,6202,505535,NA,9476.25,3.0834,618773.75,0.103,1000.763,0.3359,6030933.55,Coal,NA,Tangentially-fired,NA,Low NOx Burner Technology w/ Closed-coupled OFA,Electrostatic Precipitator,NA,ARP
NY,NRG Dunkirk Power,2554,1,NA,1999,7525,7494.5,593195.75,NA,10341.495,2.9816,696854.4,0.103,1227.695,0.3621,6791957.35,Coal,NA,Tangentially-fired,NA,Low NOx Burner Technology w/ Closed-coupled OFA,Electrostatic Precipitator,NA,"ARP, OTC"
NY,NRG Dunkirk Power,2554,1,NA,2000,8123,8100.69,687511.75,NA,11000.768,3.23,693824.105,0.103,1221.296,0.3618,6762448.16,Coal,NA,Tangentially-fired,NA,Low NOx Burner Technology w/ Closed-coupled OFA,Electrostatic Precipitator,NA,"ARP, OTC"
NY,NRG Dunkirk Power,2554,1,NA,2001,7800,7778.11,635057.57,NA,10767.167,3.156,692221.384,0.103,1173.935,0.3473,6746769.36,Coal,NA,Tangentially-fired,NA,Low NOx Burner Technology w/ Closed-coupled OFA,Electrostatic Precipitator,NA,"ARP, OTC"
NY,NRG Dunkirk Power,2554,1,NA,2002,7716,7695.75,603550.25,NA,10520.721,2.8336,742486.079,0.103,1206.095,0.338,7236727.208,Coal,NA,Tangentially-fired,NA,Low NOx Burner Technology w/ Closed-coupled OFA,Electrostatic Precipitator,NA,"ARP, OTC"
NY,NRG Dunkirk Power,2554,1,NA,2003,7791,7773.23,609500.72,NA,9354.597,2.5858,731918.478,0.103,1080.849,0.3075,7133720.62,Coal,NA,Tangentially-fired,NA,Low NOx Burner Technology w/ Closed-coupled OFA,Electrostatic Precipitator,NA,"ARP, NBP"
NY,NRG Dunkirk Power,2554,1,NA,2004,8180,8162.61,579589.93,NA,5732.308,1.609,721975.747,0.103,739.226,0.2153,7036824.921,Coal,NA,Tangentially-fired,NA,Low NOx Burner Technology w/ Closed-coupled OFA,Electrostatic Precipitator,NA,"ARP, NBP"
NY,NRG Dunkirk Power,2554,1,NA,2005,7908,7896.63,585113.41,NA,4553.719,1.3247,697524.092,0.103,631.288,0.186,6798489.597,Coal,NA,Tangentially-fired,NA,Low NOx Burner Technology w/ Closed-coupled OFA,Electrostatic Precipitator,NA,"ARP, NBP"
NY,NRG Dunkirk Power,2554,1,NA,2006,6865,6838.95,503011.57,NA,2118.902,0.6922,620921.652,0.103,493.036,0.1628,6051805.524,Coal,NA,Tangentially-fired,NA,Low NOx Burner Technology w/ Closed-coupled OFA,Electrostatic Precipitator,NA,"ARP, NBP"
NY,NRG Dunkirk Power,2554,1,NA,2007,7768,7744.46,583206.56,NA,1819.275,0.54990000000000006,672651.161,0.103,496.6,0.1507,6556042.527,Coal,NA,Tangentially-fired,NA,Low NOx Burner Technology w/ Closed-coupled OFA,Electrostatic Precipitator,NA,"ARP, NBP"
NY,NRG Dunkirk Power,2554,1,NA,2008,7952,7944.38,599466.61,NA,2017.202,0.5602,751589.923,0.1045,559.651,0.1553,7206245.598,Coal,NA,Tangentially-fired,NA,Low NOx Burner Technology w/ Closed-coupled OFA,Electrostatic Precipitator,NA,"ARP, CAIRNOX, CAIROS, NBP"
NY,NRG Dunkirk Power,2554,1,NA,2009,6196,6183.87,400368.53,NA,1436.521,0.5819,512722.217,0.105,401.494,0.1637,4888642.036,Coal,NA,Tangentially-fired,NA,Low NOx Burner Technology w/ Closed-coupled OFA,"Electrostatic Precipitator (Retired Nov 30, 2009)|Baghouse (Began Dec 01, 2009)",NA,"ARP, CAIRNOX, CAIROS, CAIRSO2, RGGI"
NY,NRG Dunkirk Power,2554,1,NA,2010,5958,5943.96,386239.28,NA,1147.346,0.51,467071.641,0.105,331.193,0.15,4453416.023,Coal,NA,Tangentially-fired,NA,Low NOx Burner Technology w/ Closed-coupled OFA,Baghouse,NA,"ARP, CAIRNOX, CAIROS, CAIRSO2, RGGI"
NY,NRG Dunkirk Power,2554,1,NA,2011,3772,3761.63,225937.14,NA,697.921,0.5262,276846.549,0.105,205.332,0.1557,2639624.71,Coal,NA,Tangentially-fired,NA,Low NOx Burner Technology w/ Closed-coupled OFA,Baghouse,NA,"ARP, CAIRNOX, CAIROS, CAIRSO2, RGGI"
NY,NRG Dunkirk Power,2554,1,NA,2012,2493,2475.46,111962.17,NA,398.264,0.6143,137558.986,0.105,111.405,0.1719,1311588.689,Coal,NA,Tangentially-fired,NA,Low NOx Burner Technology w/ Closed-coupled OFA,Baghouse,NA,"ARP, CAIRNOX, CAIROS, CAIRSO2, RGGI"
NY,NRG Dunkirk Power,2554,1,NA,2013,2585,2574.66,130537.14,NA,377.868,0.5045,155070.647,0.105,130.871,0.191,1478555.969,Coal,NA,Tangentially-fired,NA,Low NOx Burner Technology w/ Closed-coupled OFA,Baghouse,NA,"ARP, CAIRNOX, CAIROS, CAIRSO2, RGGI"
NY,NRG Dunkirk Power,2554,1,NA,2014,0,0,NA,NA,NA,NA,NA,NA,NA,NA,NA,Coal,NA,Tangentially-fired,NA,Low NOx Burner Technology w/ Closed-coupled OFA,Baghouse,NA,"ARP, CAIRNOX, CAIROS, CAIRSO2, RGGI"
NY,NRG Dunkirk Power,2554,1,NA,2015,0,0,NA,NA,NA,NA,NA,NA,NA,NA,NA,Coal,NA,Tangentially-fired,NA,Low NOx Burner Technology w/ Closed-coupled OFA,Baghouse,NA,"ARP, CSNOX, CSNOXOS, CSSO2G1, MATS, RGGI"
NY,NRG Dunkirk Power,2554,1,NA,2016,0,0,NA,NA,NA,NA,NA,NA,NA,NA,NA,Coal,NA,Tangentially-fired,NA,Low NOx Burner Technology w/ Closed-coupled OFA,Baghouse,NA,"ARP, CSNOX, CSNOXOS, CSSO2G1, MATS, RGGI"
NY,NRG Dunkirk Power,2554,1,NA,2017,0,0,NA,NA,NA,NA,NA,NA,NA,NA,NA,Coal,NA,Tangentially-fired,NA,Low NOx Burner Technology w/ Closed-coupled OFA,Baghouse,NA,"ARP, CSNOX, CSOSG2, CSSO2G1, MATS, RGGI"
NY,NRG Dunkirk Power,2554,1,NA,2018,0,0,NA,NA,NA,NA,NA,NA,NA,NA,NA,Coal,NA,Tangentially-fired,NA,Low NOx Burner Technology w/ Closed-coupled OFA,Baghouse,NA,"ARP, CSNOX, CSOSG2, CSSO2G1, MATS, RGGI"
NY,NRG Dunkirk Power,2554,1,NA,2019,0,0,NA,NA,NA,NA,NA,NA,NA,NA,NA,Coal,NA,Tangentially-fired,NA,Low NOx Burner Technology w/ Closed-coupled OFA,Baghouse,NA,"ARP, CSNOX, CSOSG2, CSSO2G1, MATS, RGGI"
NY,NRG Dunkirk Power,2554,1,NA,2020,0,0,NA,NA,NA,NA,NA,NA,NA,NA,NA,Coal,NA,Tangentially-fired,NA,Low NOx Burner Technology w/ Closed-coupled OFA,Baghouse,NA,"ARP, CSNOX, CSOSG2, CSSO2G1, MATS, RGGI"
NY,NRG Dunkirk Power,2554,2,NA,1995,NA,NA,NA,NA,10701,NA,716880,NA,1113,NA,6986156,Coal,NA,Tangentially-fired,NA,Low NOx Burner Technology w/ Closed-coupled OFA,Electrostatic Precipitator,NA,ARP
NY,NRG Dunkirk Power,2554,2,NA,1996,NA,NA,NA,NA,10710.6,NA,707755,NA,1190,NA,7118127,Coal,NA,Tangentially-fired,NA,Low NOx Burner Technology w/ Closed-coupled OFA,Electrostatic Precipitator,NA,ARP
NY,NRG Dunkirk Power,2554,2,NA,1997,6356,6334.5,484079.75,NA,8265.01,3.0533,540397.425,0.103,898.18,0.336,5267035.7,Coal,NA,Tangentially-fired,NA,Low NOx Burner Technology w/ Closed-coupled OFA,Electrostatic Precipitator,NA,ARP
NY,NRG Dunkirk Power,2554,2,NA,1998,7958,7941.75,708946,NA,11923.259,2.9384,824876.375,0.103,1393.434,0.3463,8039681.8,Coal,NA,Tangentially-fired,NA,Low NOx Burner Technology w/ Closed-coupled OFA,Electrostatic Precipitator,NA,ARP
NY,NRG Dunkirk Power,2554,2,NA,1999,8124,8110.5,642853.75,NA,11152.913,2.9496000000000002,768831.475,0.103,1342.091,0.3592,7493413.85,Coal,NA,Tangentially-fired,NA,Low NOx Burner Technology w/ Closed-coupled OFA,Electrostatic Precipitator,NA,"ARP, OTC"
NY,NRG Dunkirk Power,2554,2,NA,2000,8354,8339.86,702500.05,NA,12008.5,2.9273,837866.041,0.103,1441.861,0.3511,8166317.699,Coal,NA,Tangentially-fired,NA,Low NOx Burner Technology w/ Closed-coupled OFA,Electrostatic Precipitator,NA,"ARP, OTC"
NY,NRG Dunkirk Power,2554,2,NA,2001,7505,7481.76,610202.09,NA,10494.233,2.9825,714464.422,0.1029,1159.861,0.3277,6963633.322,Coal,NA,Tangentially-fired,NA,Low NOx Burner Technology w/ Closed-coupled OFA,Electrostatic Precipitator,NA,"ARP, OTC"
NY,NRG Dunkirk Power,2554,2,NA,2002,7608,7593.2,587392.93,NA,9245.968,2.8881,642384.411,0.103,1090.776,0.3407,6261088.018,Coal,NA,Tangentially-fired,NA,Low NOx Burner Technology w/ Closed-coupled OFA,Electrostatic Precipitator,NA,"ARP, OTC"
NY,NRG Dunkirk Power,2554,2,NA,2003,7786,7768.53,596207.55,NA,8976.434,2.7181,662338.783,0.103,1009.341,0.3009,6455572.929,Coal,NA,Tangentially-fired,NA,Low NOx Burner Technology w/ Closed-coupled OFA,Electrostatic Precipitator,NA,"ARP, NBP"
NY,NRG Dunkirk Power,2554,2,NA,2004,8202,8170.86,581835.68,NA,5880.797,1.6653,719160.791,0.103,714.024,0.203,7009341.524,Coal,NA,Tangentially-fired,NA,Low NOx Burner Technology w/ Closed-coupled OFA,Electrostatic Precipitator,NA,"ARP, NBP"
NY,NRG Dunkirk Power,2554,2,NA,2005,7690,7683.36,570722.64,NA,4847.387,1.3859,716516.393,0.103,675.388,0.1931,6983570.261,Coal,NA,Tangentially-fired,NA,Low NOx Burner Technology w/ Closed-coupled OFA,Electrostatic Precipitator,NA,"ARP, NBP"
NY,NRG Dunkirk Power,2554,2,NA,2006,7404,7398.96,588780.63,NA,1916.416,0.5377,727004.782,0.103,589.253,0.1653,7085864.671,Coal,NA,Tangentially-fired,NA,Low NOx Burner Technology w/ Closed-coupled OFA,Electrostatic Precipitator,NA,"ARP, NBP"
NY,NRG Dunkirk Power,2554,2,NA,2007,7695,7690.22,594002.14,NA,1868.614,0.5553,689630.182,0.103,533.867,0.1593,6721534.44,Coal,NA,Tangentially-fired,NA,Low NOx Burner Technology w/ Closed-coupled OFA,Electrostatic Precipitator,NA,"ARP, NBP"
NY,NRG Dunkirk Power,2554,2,NA,2008,8501,8498.55,650455.35,NA,2006.099,0.5583,748652.736,0.1045,570.905,0.1587,7175478.917,Coal,NA,Tangentially-fired,NA,Low NOx Burner Technology w/ Closed-coupled OFA,Electrostatic Precipitator,NA,"ARP, CAIRNOX, CAIROS, NBP"
NY,NRG Dunkirk Power,2554,2,NA,2009,6306,6286.59,404843.17,NA,1392.236,0.5935,489574.91,0.105,379.696,0.1617,4667953.102,Coal,NA,Tangentially-fired,NA,Low NOx Burner Technology w/ Closed-coupled OFA,"Electrostatic Precipitator (Retired Oct 31, 2009)|Baghouse (Began Nov 01, 2009)","Halogenated PAC Sorbent Injection (Began Nov 01, 2009)","ARP, CAIRNOX, CAIROS, CAIRSO2, RGGI"
NY,NRG Dunkirk Power,2554,2,NA,2010,5861,5853.9,404724.21,NA,1195.102,0.5157,482199.674,0.105,359.071,0.156,4597643.049,Coal,NA,Tangentially-fired,NA,Low NOx Burner Technology w/ Closed-coupled OFA,Baghouse,Halogenated PAC Sorbent Injection,"ARP, CAIRNOX, CAIROS, CAIRSO2, RGGI"
NY,NRG Dunkirk Power,2554,2,NA,2011,4630,4619.35,293427.71,NA,863.24,0.5313,339555.683,0.105,253.23,0.1585,3237567.375,Coal,NA,Tangentially-fired,NA,Low NOx Burner Technology w/ Closed-coupled OFA,Baghouse,Halogenated PAC Sorbent Injection,"ARP, CAIRNOX, CAIROS, CAIRSO2, RGGI"
NY,NRG Dunkirk Power,2554,2,NA,2012,4088,4081.14,193913.39,NA,700.146,0.6391,229974.11,0.105,179.473,0.1636,2192709.471,Coal,NA,Tangentially-fired,NA,Low NOx Burner Technology w/ Closed-coupled OFA,Baghouse,Halogenated PAC Sorbent Injection,"ARP, CAIRNOX, CAIROS, CAIRSO2, RGGI"
NY,NRG Dunkirk Power,2554,2,NA,2013,6712,6705.63,349940.48,NA,951.86,0.5177,385196.18,0.105,313.633,0.1725,3672774.769,Coal,NA,Tangentially-fired,NA,Low NOx Burner Technology w/ Closed-coupled OFA,Baghouse,Halogenated PAC Sorbent Injection,"ARP, CAIRNOX, CAIROS, CAIRSO2, RGGI"
NY,NRG Dunkirk Power,2554,2,NA,2014,7298,7286.07,404820.55,NA,951.297,0.4596,436704.413,0.105,291.615,0.1376,4163857.751,Coal,NA,Tangentially-fired,NA,"Low NOx Burner Technology w/ Closed-coupled OFA|Selective Non-catalytic Reduction (Began Jul 01, 2014)",Baghouse,Halogenated PAC Sorbent Injection,"ARP, CAIRNOX, CAIROS, CAIRSO2, RGGI"
NY,NRG Dunkirk Power,2554,2,NA,2015,8424,8422.09,485417.7,NA,1228.107,0.5008,515509.656,0.105,248.478,0.1019,4915267.196,Coal,NA,Tangentially-fired,NA,Low NOx Burner Technology w/ Closed-coupled OFA|Selective Non-catalytic Reduction,Baghouse,Halogenated PAC Sorbent Injection,"ARP, CSNOX, CSNOXOS, CSSO2G1, MATS, RGGI"
NY,NRG Dunkirk Power,2554,2,NA,2016,0,0,NA,NA,NA,NA,NA,NA,NA,NA,NA,Coal,NA,Tangentially-fired,NA,Low NOx Burner Technology w/ Closed-coupled OFA|Selective Non-catalytic Reduction,Baghouse,Halogenated PAC Sorbent Injection,"ARP, CSNOX, CSNOXOS, CSSO2G1, MATS, RGGI"
NY,NRG Dunkirk Power,2554,2,NA,2017,0,0,NA,NA,NA,NA,NA,NA,NA,NA,NA,Coal,NA,Tangentially-fired,NA,Low NOx Burner Technology w/ Closed-coupled OFA|Selective Non-catalytic Reduction,Baghouse,Halogenated PAC Sorbent Injection,"ARP, CSNOX, CSOSG2, CSSO2G1, MATS, RGGI"
NY,NRG Dunkirk Power,2554,2,NA,2018,0,0,NA,NA,NA,NA,NA,NA,NA,NA,NA,Coal,NA,Tangentially-fired,NA,Low NOx Burner Technology w/ Closed-coupled OFA|Selective Non-catalytic Reduction,Baghouse,Halogenated PAC Sorbent Injection,"ARP, CSNOX, CSOSG2, CSSO2G1, MATS, RGGI"
NY,NRG Dunkirk Power,2554,2,NA,2019,0,0,NA,NA,NA,NA,NA,NA,NA,NA,NA,Coal,NA,Tangentially-fired,NA,Low NOx Burner Technology w/ Closed-coupled OFA|Selective Non-catalytic Reduction,Baghouse,Halogenated PAC Sorbent Injection,"ARP, CSNOX, CSOSG2, CSSO2G1, MATS, RGGI"
NY,NRG Dunkirk Power,2554,2,NA,2020,0,0,NA,NA,NA,NA,NA,NA,NA,NA,NA,Coal,NA,Tangentially-fired,NA,Low NOx Burner Technology w/ Closed-coupled OFA|Selective Non-catalytic Reduction,Baghouse,Halogenated PAC Sorbent Injection,"ARP, CSNOX, CSOSG2, CSSO2G1, MATS, RGGI"
NY,NRG Dunkirk Power,2554,3,CS0003,1995,6757,6723.5,NA,NA,15560.4,NA,1040735.5,NA,1698,NA,10123620,Coal,NA,Tangentially-fired,NA,Low NOx Burner Technology w/ Separated OFA,Electrostatic Precipitator,NA,ARP
NY,NRG Dunkirk Power,2554,3,CS0003,1996,7365,7348.5,NA,NA,16448.7,NA,1107355.3,NA,1773,NA,10800344,Coal,NA,Tangentially-fired,NA,Low NOx Burner Technology w/ Separated OFA,Electrostatic Precipitator,NA,ARP
NY,NRG Dunkirk Power,2554,3,CS0003,1997,7196,7170.25,1159687.25,NA,16469.708,3.0844,1084616.647,0.103,1690.961,0.3225,10571312.274,Coal,NA,Tangentially-fired,NA,Low NOx Burner Technology w/ Separated OFA,Electrostatic Precipitator,NA,ARP
NY,NRG Dunkirk Power,2554,3,CS0003,1998,6977,6968.25,1189349.75,NA,16882.87,2.8045,1230780.705,0.103,1941.087,0.3264,11995884.19,Coal,NA,Tangentially-fired,NA,Low NOx Burner Technology w/ Separated OFA,Electrostatic Precipitator,NA,ARP
NY,NRG Dunkirk Power,2554,3,CS0003,1999,7417,7398.75,1234360.25,NA,17983.25,3.075,1197481.022,0.103,2021.7,0.3516,11671347.513,Coal,NA,Tangentially-fired,NA,Low NOx Burner Technology w/ Separated OFA,Electrostatic Precipitator,NA,"ARP, OTC"
NY,NRG Dunkirk Power,2554,3,CS0003,2000,7372,7343.7,1270718.3,NA,15629.459,2.9427,1079087.074,0.103,1827.802,0.3487,10517415.275,Coal,NA,Tangentially-fired,NA,Low NOx Burner Technology w/ Separated OFA,Electrostatic Precipitator,NA,"ARP, OTC"
NY,NRG Dunkirk Power,2554,3,CS0003,2001,7701,7675.02,1321492.76,NA,16951.859,3.5929,1179669.145,0.1031,1924.762,0.3216,11497758.95,Coal,NA,Tangentially-fired,NA,Low NOx Burner Technology w/ Separated OFA,Electrostatic Precipitator,NA,"ARP, OTC"
NY,NRG Dunkirk Power,2554,3,CS0003,2002,6814,6791.87,1175599.06,NA,14986.441,2.9119,1042636.381,0.103,1735.942,0.344,10162145.742,Coal,NA,Tangentially-fired,NA,Low NOx Burner Technology w/ Separated OFA,Electrostatic Precipitator,NA,"ARP, OTC"
NY,NRG Dunkirk Power,2554,3,CS0003,2003,7449,7430.92,1314021.82,NA,15591.233,2.6575,1191160.857,0.103,1823.496,0.3169,11609755.227,Coal,NA,Tangentially-fired,NA,Low NOx Burner Technology w/ Separated OFA,Electrostatic Precipitator,NA,"ARP, NBP"
NY,NRG Dunkirk Power,2554,3,CS0003,2004,8076,8063.96,1364139.52,NA,10265.743,1.6027,1303761.434,0.103,1426.691,0.2316,12707202.064,Coal,NA,Tangentially-fired,NA,Low NOx Burner Technology w/ Separated OFA,Electrostatic Precipitator,NA,"ARP, NBP"
NY,NRG Dunkirk Power,2554,3,CS0003,2005,6816,6799.9,1187079.13,NA,5626.531,1.0334,1102154.333,0.1033,1035.787,0.2004,10696438.945,Coal,NA,Tangentially-fired,NA,Low NOx Burner Technology w/ Separated OFA,Electrostatic Precipitator,NA,"ARP, NBP"
NY,NRG Dunkirk Power,2554,3,CS0003,2006,6899,6881.81,1180608.03,NA,3049.9,0.5611,1107696.491,0.103,886.313,0.163,10796224.248,Coal,NA,Tangentially-fired,NA,Low NOx Burner Technology w/ Separated OFA,Electrostatic Precipitator,NA,"ARP, NBP"
NY,NRG Dunkirk Power,2554,3,CS0003,2007,7841,7818.98,1334844.16,NA,3417.925,0.561,1252563.387,0.103,1018.307,0.1644,12208224.833,Coal,NA,Tangentially-fired,NA,Low NOx Burner Technology w/ Separated OFA,Electrostatic Precipitator,NA,"ARP, NBP"
NY,NRG Dunkirk Power,2554,3,CS0003,2008,7328,7321.51,1326373.32,NA,3316.175,0.5609,1236583.444,0.1044,1005.711,0.1694,11863016.449,Coal,NA,Tangentially-fired,NA,Low NOx Burner Technology w/ Separated OFA,Electrostatic Precipitator,NA,"ARP, CAIRNOX, CAIROS, NBP"
NY,NRG Dunkirk Power,2554,3,CS0003,2009,6921,6904.59,1040273.95,NA,2855.444,0.5958,996395.877,0.105,788.617,0.1676,9500364.523,Coal,NA,Tangentially-fired,NA,Low NOx Burner Technology w/ Separated OFA,"Electrostatic Precipitator (Retired Apr 30, 2009)|Baghouse (Began May 01, 2009)",NA,"ARP, CAIRNOX, CAIROS, CAIRSO2, RGGI"
NY,NRG Dunkirk Power,2554,3,CS0003,2010,6935,6930.02,1102123,NA,2749.657,0.5022,1139579.83,0.105,884.864,0.1626,10865601.839,Coal,NA,Tangentially-fired,NA,Low NOx Burner Technology w/ Separated OFA,Baghouse,NA,"ARP, CAIRNOX, CAIROS, CAIRSO2, RGGI"
NY,NRG Dunkirk Power,2554,3,CS0003,2011,5676,5661.99,811471.71,NA,2103.558,0.5325,827199.337,0.105,650.868,0.1668,7887150.752,Coal,NA,Tangentially-fired,NA,Low NOx Burner Technology w/ Separated OFA,Baghouse,NA,"ARP, CAIRNOX, CAIROS, CAIRSO2, RGGI"
NY,NRG Dunkirk Power,2554,3,CS0003,2012,1999,1987.54,228008.42,NA,690.685,0.6322,228592.29,0.105,182.662,0.1682,2179580.276,Coal,NA,Tangentially-fired,NA,Low NOx Burner Technology w/ Separated OFA,Baghouse,NA,"ARP, CAIRNOX, CAIROS, CAIRSO2, RGGI"
NY,NRG Dunkirk Power,2554,3,CS0003,2013,0,0,NA,NA,NA,NA,NA,NA,NA,NA,NA,Coal,NA,Tangentially-fired,NA,Low NOx Burner Technology w/ Separated OFA,Baghouse,NA,"ARP, CAIRNOX, CAIROS, CAIRSO2, RGGI"
NY,NRG Dunkirk Power,2554,3,CS0003,2014,0,0,NA,NA,NA,NA,NA,NA,NA,NA,NA,Coal,NA,Tangentially-fired,NA,Low NOx Burner Technology w/ Separated OFA,Baghouse,NA,"ARP, CAIRNOX, CAIROS, CAIRSO2, RGGI"
NY,NRG Dunkirk Power,2554,3,CS0003,2015,0,0,NA,NA,NA,NA,NA,NA,NA,NA,NA,Coal,NA,Tangentially-fired,NA,Low NOx Burner Technology w/ Separated OFA,Baghouse,NA,"ARP, CSNOX, CSNOXOS, CSSO2G1, MATS, RGGI"
NY,NRG Dunkirk Power,2554,3,CS0003,2016,0,0,NA,NA,NA,NA,NA,NA,NA,NA,NA,Coal,NA,Tangentially-fired,NA,Low NOx Burner Technology w/ Separated OFA,Baghouse,NA,"ARP, CSNOX, CSNOXOS, CSSO2G1, MATS, RGGI"
NY,NRG Dunkirk Power,2554,3,CS0003,2017,0,0,NA,NA,NA,NA,NA,NA,NA,NA,NA,Coal,NA,Tangentially-fired,NA,Low NOx Burner Technology w/ Separated OFA,Baghouse,NA,"ARP, CSNOX, CSOSG2, CSSO2G1, MATS, RGGI"
NY,NRG Dunkirk Power,2554,3,CS0003,2018,0,0,NA,NA,NA,NA,NA,NA,NA,NA,NA,Coal,NA,Tangentially-fired,NA,Low NOx Burner Technology w/ Separated OFA,Baghouse,NA,"ARP, CSNOX, CSOSG2, CSSO2G1, MATS, RGGI"
NY,NRG Dunkirk Power,2554,3,CS0003,2019,0,0,NA,NA,NA,NA,NA,NA,NA,NA,NA,Coal,NA,Tangentially-fired,NA,Low NOx Burner Technology w/ Separated OFA,Baghouse,NA,"ARP, CSNOX, CSOSG2, CSSO2G1, MATS, RGGI"
NY,NRG Dunkirk Power,2554,3,CS0003,2020,0,0,NA,NA,NA,NA,NA,NA,NA,NA,NA,Coal,NA,Tangentially-fired,NA,Low NOx Burner Technology w/ Separated OFA,Baghouse,NA,"ARP, CSNOX, CSOSG2, CSSO2G1, MATS, RGGI"
NY,NRG Dunkirk Power,2554,4,CS0003,1995,8287,8277,NA,NA,19060.6,NA,1274848.5,NA,2137,NA,12422151,Coal,NA,Tangentially-fired,NA,Low NOx Burner Technology w/ Separated OFA,Electrostatic Precipitator,NA,ARP
NY,NRG Dunkirk Power,2554,4,CS0003,1996,7027,7014.5,NA,NA,15417.8,NA,1037951.7,NA,1673,NA,10104486,Coal,NA,Tangentially-fired,NA,Low NOx Burner Technology w/ Separated OFA,Electrostatic Precipitator,NA,ARP
NY,NRG Dunkirk Power,2554,4,CS0003,1997,7670,7656.5,1271715.25,NA,17602.057,3.0339,1182131.399,0.103,1883.071,0.3279,11521741.199,Coal,NA,Tangentially-fired,NA,Low NOx Burner Technology w/ Separated OFA,Electrostatic Precipitator,NA,ARP
NY,NRG Dunkirk Power,2554,4,CS0003,1998,8233,8222.75,1419702.25,NA,20644.441,2.9845,1486260.971,0.103,2379.002,0.332,14485944.56,Coal,NA,Tangentially-fired,NA,Low NOx Burner Technology w/ Separated OFA,Electrostatic Precipitator,NA,ARP
NY,NRG Dunkirk Power,2554,4,CS0003,1999,8017,8002.25,1295703,NA,18430.557,3.0295,1244062.278,0.103,2134.172,0.3581,12125368.462,Coal,NA,Tangentially-fired,NA,Low NOx Burner Technology w/ Separated OFA,Electrostatic Precipitator,NA,"ARP, OTC"
NY,NRG Dunkirk Power,2554,4,CS0003,2000,7598,7573.77,1301569.49,NA,16068.285,2.9635,1103343.704,0.103,1867.776,0.3494,10753834.1,Coal,NA,Tangentially-fired,NA,Low NOx Burner Technology w/ Separated OFA,Electrostatic Precipitator,NA,"ARP, OTC"
NY,NRG Dunkirk Power,2554,4,CS0003,2001,6236,6197.64,1038094.18,NA,13094.995,3.7608,902611.677,0.1031,1497.253,0.3233,8797389.024,Coal,NA,Tangentially-fired,NA,Low NOx Burner Technology w/ Separated OFA,Electrostatic Precipitator,NA,"ARP, OTC"
NY,NRG Dunkirk Power,2554,4,CS0003,2002,7742,7727.54,1395118.71,NA,17154.215,2.8029,1247864.731,0.103,2078.212,0.3448,12162429.869,Coal,NA,Tangentially-fired,NA,Low NOx Burner Technology w/ Separated OFA,Electrostatic Precipitator,NA,"ARP, OTC"
NY,NRG Dunkirk Power,2554,4,CS0003,2003,7306,7284.21,1259782.54,NA,14346.016,2.5874,1132453.28,0.103,1694.702,0.3113,11037574.352,Coal,NA,Tangentially-fired,NA,Low NOx Burner Technology w/ Separated OFA,Electrostatic Precipitator,NA,"ARP, NBP"
NY,NRG Dunkirk Power,2554,4,CS0003,2004,7311,7297.34,1201640.12,NA,8744.635,1.5764,1134221.581,0.103,1213.698,0.2269,11054783.109,Coal,NA,Tangentially-fired,NA,Low NOx Burner Technology w/ Separated OFA,Electrostatic Precipitator,NA,"ARP, NBP"
NY,NRG Dunkirk Power,2554,4,CS0003,2005,6994,6969.94,1160244.37,NA,4769.345,0.9044,1099596.557,0.1032,976.104,0.1916,10681282.212,Coal,NA,Tangentially-fired,NA,Low NOx Burner Technology w/ Separated OFA,Electrostatic Precipitator,NA,"ARP, NBP"
NY,NRG Dunkirk Power,2554,4,CS0003,2006,6938,6914.15,1177157.74,NA,2986.382,0.5506,1109606.249,0.103,864.187,0.1595,10814865.095,Coal,NA,Tangentially-fired,NA,Low NOx Burner Technology w/ Separated OFA,Electrostatic Precipitator,NA,"ARP, NBP"
NY,NRG Dunkirk Power,2554,4,CS0003,2007,6803,6787.03,1133880.78,NA,2823.683,0.5538,1049234.663,0.103,831.329,0.1601,10226470.677,Coal,NA,Tangentially-fired,NA,Low NOx Burner Technology w/ Separated OFA,Electrostatic Precipitator,NA,"ARP, NBP"
NY,NRG Dunkirk Power,2554,4,CS0003,2008,7494,7482.16,1338030.46,NA,3300.916,0.5571,1238989.265,0.1045,999.015,0.1681,11882420.3,Coal,NA,Tangentially-fired,NA,Low NOx Burner Technology w/ Separated OFA,Electrostatic Precipitator,NA,"ARP, CAIRNOX, CAIROS, NBP"
NY,NRG Dunkirk Power,2554,4,CS0003,2009,6157,6140.13,928669.68,NA,2594.97,0.6054,894009.627,0.105,700.567,0.1653,8524150.349,Coal,NA,Tangentially-fired,NA,Low NOx Burner Technology w/ Separated OFA,"Electrostatic Precipitator (Retired Apr 30, 2009)|Baghouse (Began May 01, 2009)",NA,"ARP, CAIRNOX, CAIROS, CAIRSO2, RGGI"
NY,NRG Dunkirk Power,2554,4,CS0003,2010,6193,6181.71,936354.7,NA,2288.232,0.4871,978576.602,0.105,766.849,0.1672,9330465.596,Coal,NA,Tangentially-fired,NA,Low NOx Burner Technology w/ Separated OFA,Baghouse,NA,"ARP, CAIRNOX, CAIROS, CAIRSO2, RGGI"
NY,NRG Dunkirk Power,2554,4,CS0003,2011,5237,5223.67,765785.16,NA,1988.127,0.5322,784515.352,0.105,594.028,0.1588,7480170.138,Coal,NA,Tangentially-fired,NA,Low NOx Burner Technology w/ Separated OFA,Baghouse,NA,"ARP, CAIRNOX, CAIROS, CAIRSO2, RGGI"
NY,NRG Dunkirk Power,2554,4,CS0003,2012,1181,1170.55,131881.14,NA,376.347,0.5858,134653.954,0.105,102.874,0.1647,1283888.636,Coal,NA,Tangentially-fired,NA,Low NOx Burner Technology w/ Separated OFA,Baghouse,NA,"ARP, CAIRNOX, CAIROS, CAIRSO2, RGGI"
NY,NRG Dunkirk Power,2554,4,CS0003,2013,0,0,NA,NA,NA,NA,NA,NA,NA,NA,NA,Coal,NA,Tangentially-fired,NA,Low NOx Burner Technology w/ Separated OFA,Baghouse,NA,"ARP, CAIRNOX, CAIROS, CAIRSO2, RGGI"
NY,NRG Dunkirk Power,2554,4,CS0003,2014,0,0,NA,NA,NA,NA,NA,NA,NA,NA,NA,Coal,NA,Tangentially-fired,NA,Low NOx Burner Technology w/ Separated OFA,Baghouse,NA,"ARP, CAIRNOX, CAIROS, CAIRSO2, RGGI"
NY,NRG Dunkirk Power,2554,4,CS0003,2015,0,0,NA,NA,NA,NA,NA,NA,NA,NA,NA,Coal,NA,Tangentially-fired,NA,Low NOx Burner Technology w/ Separated OFA,Baghouse,NA,"ARP, CSNOX, CSNOXOS, CSSO2G1, MATS, RGGI"
NY,NRG Dunkirk Power,2554,4,CS0003,2016,0,0,NA,NA,NA,NA,NA,NA,NA,NA,NA,Coal,NA,Tangentially-fired,NA,Low NOx Burner Technology w/ Separated OFA,Baghouse,NA,"ARP, CSNOX, CSNOXOS, CSSO2G1, MATS, RGGI"
NY,NRG Dunkirk Power,2554,4,CS0003,2017,0,0,NA,NA,NA,NA,NA,NA,NA,NA,NA,Coal,NA,Tangentially-fired,NA,Low NOx Burner Technology w/ Separated OFA,Baghouse,NA,"ARP, CSNOX, CSOSG2, CSSO2G1, MATS, RGGI"
NY,NRG Dunkirk Power,2554,4,CS0003,2018,0,0,NA,NA,NA,NA,NA,NA,NA,NA,NA,Coal,NA,Tangentially-fired,NA,Low NOx Burner Technology w/ Separated OFA,Baghouse,NA,"ARP, CSNOX, CSOSG2, CSSO2G1, MATS, RGGI"
NY,NRG Dunkirk Power,2554,4,CS0003,2019,0,0,NA,NA,NA,NA,NA,NA,NA,NA,NA,Coal,NA,Tangentially-fired,NA,Low NOx Burner Technology w/ Separated OFA,Baghouse,NA,"ARP, CSNOX, CSOSG2, CSSO2G1, MATS, RGGI"
NY,NRG Dunkirk Power,2554,4,CS0003,2020,0,0,NA,NA,NA,NA,NA,NA,NA,NA,NA,Coal,NA,Tangentially-fired,NA,Low NOx Burner Technology w/ Separated OFA,Baghouse,NA,"ARP, CSNOX, CSOSG2, CSSO2G1, MATS, RGGI"
NY,Oswego Harbor Power,2594,3,NA,1995,739,728.5,NA,NA,0,NA,1247,NA,0,NA,36931,Pipeline Natural Gas,NA,Arch-fired boiler,NA,NA,NA,NA,ARP
NY,Oswego Harbor Power,2594,3,NA,1996,NA,NA,NA,NA,0,NA,2948,NA,4,NA,49597,Pipeline Natural Gas,NA,Arch-fired boiler,NA,NA,NA,NA,ARP
NY,Oswego Harbor Power,2594,3,NA,1997,713,712.25,33168.75,NA,NA,NA,3222.05,0.0595,NA,NA,54213.425,Pipeline Natural Gas,NA,Arch-fired boiler,NA,NA,NA,NA,ARP
NY,Oswego Harbor Power,2594,3,NA,1998,NA,NA,NA,NA,NA,NA,NA,NA,NA,NA,NA,Pipeline Natural Gas,NA,Arch-fired boiler,NA,NA,NA,NA,ARP
NY,Oswego Harbor Power,2594,3,NA,1999,NA,NA,NA,NA,NA,NA,NA,NA,NA,NA,NA,Pipeline Natural Gas,NA,Arch-fired boiler,NA,NA,NA,NA,"ARP, OTC"
NY,Oswego Harbor Power,2594,3,NA,2000,NA,NA,NA,NA,NA,NA,NA,NA,NA,NA,NA,Pipeline Natural Gas,NA,Arch-fired boiler,NA,NA,NA,NA,"ARP, OTC"
NY,Oswego Harbor Power,2594,3,NA,2001,NA,NA,NA,NA,NA,NA,NA,NA,NA,NA,NA,Pipeline Natural Gas,NA,Arch-fired boiler,NA,NA,NA,NA,"ARP, OTC"
NY,Oswego Harbor Power,2594,3,NA,2002,NA,NA,NA,NA,NA,NA,NA,NA,NA,NA,NA,Pipeline Natural Gas,NA,Arch-fired boiler,NA,NA,NA,NA,"ARP, OTC"
NY,Oswego Harbor Power,2594,3,NA,2003,NA,NA,NA,NA,NA,NA,NA,NA,NA,NA,NA,Pipeline Natural Gas,NA,Arch-fired boiler,NA,NA,NA,NA,"ARP, NBP"
NY,Oswego Harbor Power,2594,3,NA,2004,NA,NA,NA,NA,NA,NA,NA,NA,NA,NA,NA,Pipeline Natural Gas,NA,Arch-fired boiler,NA,NA,NA,NA,"ARP, NBP"
NY,Oswego Harbor Power,2594,3,NA,2005,0,0,NA,NA,NA,NA,NA,NA,NA,NA,NA,Pipeline Natural Gas,NA,Arch-fired boiler,NA,NA,NA,NA,"ARP, NBP"
NY,Oswego Harbor Power,2594,3,NA,2006,0,0,NA,NA,NA,NA,NA,NA,NA,NA,NA,Pipeline Natural Gas,NA,Arch-fired boiler,NA,NA,NA,NA,"ARP, NBP"
NY,Oswego Harbor Power,2594,3,NA,2007,0,0,NA,NA,NA,NA,NA,NA,NA,NA,NA,Pipeline Natural Gas,NA,Arch-fired boiler,NA,NA,NA,NA,"ARP, NBP"
NY,Oswego Harbor Power,2594,3,NA,2008,0,0,NA,NA,NA,NA,NA,NA,NA,NA,NA,Pipeline Natural Gas,NA,Arch-fired boiler,NA,NA,NA,NA,"ARP, CAIRNOX, CAIROS"
NY,Oswego Harbor Power,2594,4,NA,1995,0,0,NA,NA,NA,NA,NA,NA,NA,NA,NA,NA,NA,Arch-fired boiler,NA,NA,NA,NA,ARP
NY,Oswego Harbor Power,2594,4,NA,1996,0,0,NA,NA,NA,NA,NA,NA,NA,NA,NA,NA,NA,Arch-fired boiler,NA,NA,NA,NA,ARP
NY,Oswego Harbor Power,2594,4,NA,1997,NA,NA,NA,NA,NA,NA,NA,NA,NA,NA,NA,NA,NA,Arch-fired boiler,NA,NA,NA,NA,ARP
NY,Oswego Harbor Power,2594,4,NA,1998,NA,NA,NA,NA,NA,NA,NA,NA,NA,NA,NA,NA,NA,Arch-fired boiler,NA,NA,NA,NA,ARP
NY,Oswego Harbor Power,2594,4,NA,1999,NA,NA,NA,NA,NA,NA,NA,NA,NA,NA,NA,NA,NA,Arch-fired boiler,NA,NA,NA,NA,NA
NY,Oswego Harbor Power,2594,5,NA,1995,0,0,NA,NA,NA,NA,NA,NA,NA,NA,NA,Residual Oil,Pipeline Natural Gas,Dry bottom wall-fired boiler,NA,Overfire Air,NA,NA,ARP
NY,Oswego Harbor Power,2594,5,NA,1996,0,0,NA,NA,NA,NA,NA,NA,NA,NA,NA,Residual Oil,Pipeline Natural Gas,Dry bottom wall-fired boiler,NA,Overfire Air,NA,NA,ARP
NY,Oswego Harbor Power,2594,5,NA,1997,NA,NA,NA,NA,NA,NA,NA,NA,NA,NA,NA,Residual Oil,Pipeline Natural Gas,Dry bottom wall-fired boiler,NA,Overfire Air,NA,NA,ARP
NY,Oswego Harbor Power,2594,5,NA,1998,1863,1852.25,446719,NA,3527.431,1.006,544491.025,0.081,1437.851,0.2879,6726731.8,Residual Oil,Pipeline Natural Gas,Dry bottom wall-fired boiler,NA,Overfire Air,NA,NA,ARP
NY,Oswego Harbor Power,2594,5,NA,1999,2145,2130.5,653628.25,NA,5037.981,1.1095,632417.175,0.081,803.302,0.1937,7813417.325,Residual Oil,Pipeline Natural Gas,Dry bottom wall-fired boiler,NA,Overfire Air,NA,NA,"ARP, OTC"
NY,Oswego Harbor Power,2594,5,NA,2000,1199,1176.21,252488.06,NA,1528.362,0.7888,257789.41,0.081,325.916,0.19,3184937.821,Residual Oil,Pipeline Natural Gas,Dry bottom wall-fired boiler,NA,Overfire Air,NA,NA,"ARP, OTC"
NY,Oswego Harbor Power,2594,5,NA,2001,1175,1158.84,338433.19,NA,2103.949,0.8956,312674.292,0.081,400.293,0.1862,3863026.831,Residual Oil,Pipeline Natural Gas,Dry bottom wall-fired boiler,NA,Overfire Air,NA,NA,"ARP, OTC"
NY,Oswego Harbor Power,2594,5,NA,2002,962,949.66,304488.36,NA,1746.058,0.9162,265032.223,0.081,339.961,0.1605,3274416.8,Residual Oil,Pipeline Natural Gas,Dry bottom wall-fired boiler,NA,Overfire Air,NA,NA,"ARP, OTC"
NY,Oswego Harbor Power,2594,5,NA,2003,587,577.17,197419.1,NA,1087.526,0.805,171726.42,0.081,224.129,0.1591,2121648.479,Residual Oil,Pipeline Natural Gas,Dry bottom wall-fired boiler,NA,Overfire Air,NA,NA,"ARP, NBP"
NY,Oswego Harbor Power,2594,5,NA,2004,693,687.53,312085.93,NA,1834.208,0.8958,281080.316,0.081,359.539,0.1729,3472696.576,Residual Oil,Pipeline Natural Gas,Dry bottom wall-fired boiler,NA,Overfire Air,NA,NA,"ARP, NBP"
NY,Oswego Harbor Power,2594,5,NA,2005,1482,1462.55,621802.37,NA,3822.437,0.9757,544776.492,0.081,732.227,0.1738,6730638.553,Residual Oil,Pipeline Natural Gas,Dry bottom wall-fired boiler,NA,Overfire Air,NA,NA,"ARP, NBP"
NY,Oswego Harbor Power,2594,5,NA,2006,346,339,65823.91,NA,402.481,0.6781,64180.599,0.081,80.403,0.1252,792932.817,Residual Oil,Pipeline Natural Gas,Dry bottom wall-fired boiler,NA,Overfire Air,NA,NA,"ARP, NBP"
NY,Oswego Harbor Power,2594,5,NA,2007,504,492.63,167334.01,NA,1125.451,0.8583,152888.377,0.081,213.061,0.154,1888901.662,Residual Oil,Pipeline Natural Gas,Dry bottom wall-fired boiler,NA,Overfire Air,NA,NA,"ARP, NBP"
NY,Oswego Harbor Power,2594,5,NA,2008,281,274.92,46352.69,NA,341.764,0.7955,48870.202,0.081,56.362,0.1288,603776.551,Residual Oil,Pipeline Natural Gas,Dry bottom wall-fired boiler,NA,Overfire Air,NA,NA,"ARP, CAIRNOX, CAIROS, NBP"
NY,Oswego Harbor Power,2594,5,NA,2009,225,217.61,28505.11,NA,192.618,0.5396,29577.69,0.0803,34.954,0.1,365434.33,Residual Oil,Pipeline Natural Gas,Dry bottom wall-fired boiler,NA,Overfire Air,NA,NA,"ARP, CAIRNOX, CAIROS, CAIRSO2, RGGI"
NY,Oswego Harbor Power,2594,5,NA,2010,255,248.16,34374.26,NA,226.118,0.5184,35619.544,0.081,48.666,0.1136,440072.042,Residual Oil,Pipeline Natural Gas,Dry bottom wall-fired boiler,NA,Overfire Air,NA,NA,"ARP, CAIRNOX, CAIROS, CAIRSO2, RGGI"
NY,Oswego Harbor Power,2594,5,NA,2011,274,265.12,43185.63,NA,257.914,0.5575,41615.05,0.0792,54.821,0.118,514146.944,Residual Oil,Pipeline Natural Gas,Dry bottom wall-fired boiler,NA,Overfire Air,NA,NA,"ARP, CAIRNOX, CAIROS, CAIRSO2, RGGI"
NY,Oswego Harbor Power,2594,5,NA,2012,216,207.96,27890.05,NA,108.419,0.3626,26696.981,0.0764,35.964,0.0959,329846.788,Residual Oil,Pipeline Natural Gas,Dry bottom wall-fired boiler,NA,Overfire Air,NA,NA,"ARP, CAIRNOX, CAIROS, CAIRSO2, RGGI"
NY,Oswego Harbor Power,2594,5,NA,2013,247,241.89,48683.26,NA,176.753,0.4605,46964.917,0.081,56.096,0.1388,580235.509,Residual Oil,Pipeline Natural Gas,Dry bottom wall-fired boiler,NA,Overfire Air,NA,NA,"ARP, CAIRNOX, CAIROS, CAIRSO2, RGGI"
NY,Oswego Harbor Power,2594,5,NA,2014,237,231.6,46478.5,NA,136.123,0.2948,46463.613,0.081,68.376,0.1374,574048.895,Residual Oil,Pipeline Natural Gas,Dry bottom wall-fired boiler,NA,Overfire Air,NA,NA,"ARP, CAIRNOX, CAIROS, CAIRSO2, RGGI"
NY,Oswego Harbor Power,2594,5,NA,2015,172,167.72,36962.76,NA,91.538,0.2507,36402.415,0.081,46.957,0.1328,449742.889,Residual Oil,Pipeline Natural Gas,Dry bottom wall-fired boiler,NA,Overfire Air,NA,NA,"ARP, CSNOX, CSNOXOS, CSSO2G1, MATS, RGGI"
NY,Oswego Harbor Power,2594,5,NA,2016,98,92.06,18071.13,NA,44.402,0.2115,17308.709,0.081,24.35,0.1119,213845.355,Residual Oil,Pipeline Natural Gas,Dry bottom wall-fired boiler,NA,Overfire Air,NA,NA,"ARP, CSNOX, CSNOXOS, CSSO2G1, MATS, RGGI"
NY,Oswego Harbor Power,2594,5,NA,2017,96,91.82,19131.9,NA,45.174,0.2179,17425.733,0.0787,24.569,0.114,215925.468,Residual Oil,Pipeline Natural Gas,Dry bottom wall-fired boiler,NA,Overfire Air,NA,NA,"ARP, CSNOX, CSOSG2, CSSO2G1, MATS, RGGI"
NY,Oswego Harbor Power,2594,5,NA,2018,192,185.6,26025.23,NA,67.654,0.2015,25074.573,0.081,31.729,0.0961,309804.602,Residual Oil,Pipeline Natural Gas,Dry bottom wall-fired boiler,NA,Overfire Air,NA,NA,"ARP, CSNOX, CSOSG2, CSSO2G1, MATS, RGGI"
NY,Oswego Harbor Power,2594,5,NA,2019,101,95.31,15393.62,NA,37.478,0.2052,14225.475,0.0771,19.209,0.1014,176872.428,Residual Oil,Pipeline Natural Gas,Dry bottom wall-fired boiler,NA,Overfire Air,NA,NA,"ARP, CSNOX, CSOSG2, CSSO2G1, MATS, RGGI"
NY,Oswego Harbor Power,2594,5,NA,2020,259,249.35,26736.02,NA,69.236,0.1704,26759.94,0.0677,33.611,0.0766,342353.565,Residual Oil,Pipeline Natural Gas,Dry bottom wall-fired boiler,NA,Overfire Air,NA,NA,"ARP, CSNOX, CSOSG2, CSSO2G1, MATS, RGGI"
NY,Oswego Harbor Power,2594,5,NA,2021,120,116.12,21198.44,NA,58.097,0.2521,19078.304,0.081,24.428,0.1121,235712.652,Residual Oil,Pipeline Natural Gas,Dry bottom wall-fired boiler,NA,Overfire Air,NA,NA,"ARP, CSNOX, CSOSG3, CSSO2G1, MATS, RGGI"
NY,Oswego Harbor Power,2594,5,NA,2022,154,147.37,27120.18,NA,71.728,0.2697,25199.887,0.081,32.044,0.119,311337.598,Residual Oil,Pipeline Natural Gas,Dry bottom wall-fired boiler,NA,Overfire Air,NA,NA,"ARP, CSNOX, CSOSG3, CSSO2G1, MATS, RGGI"
NY,Oswego Harbor Power,2594,5,NA,2023,137,131.62,23800.41,NA,59.856,0.2447,21260.015,0.081,28.025,0.1154,262664.567,Residual Oil,Pipeline Natural Gas,Dry bottom wall-fired boiler,NA,Overfire Air,NA,NA,"ARP, CSNOX, CSOSG3, CSSO2G1, MATS, RGGI"
NY,Oswego Harbor Power,2594,5,NA,2024,299,272.04,35336.45,NA,94.759,0.198,33113.599,0.0782,44.303,0.0961,411298.928,Residual Oil,Pipeline Natural Gas,Dry bottom wall-fired boiler,NA,Overfire Air,NA,NA,"ARP, CSNOX, CSOSG2E, CSSO2G1, MATS, RGGI"
NY,Oswego Harbor Power,2594,6,NA,1995,2310,2282.5,NA,NA,837,NA,308327,NA,365,NA,4261424,Residual Oil,Pipeline Natural Gas,Dry bottom wall-fired boiler,NA,NA,NA,NA,ARP
NY,Oswego Harbor Power,2594,6,NA,1996,1683,1676.25,NA,NA,771.6,NA,242249,NA,301,NA,3242998,Residual Oil,Pipeline Natural Gas,Dry bottom wall-fired boiler,NA,NA,NA,NA,ARP
NY,Oswego Harbor Power,2594,6,NA,1997,2669,2659.5,436608.5,NA,1080.548,0.2499,428804.275,0.0681,599.203,0.1901,5955023.75,Residual Oil,Pipeline Natural Gas,Dry bottom wall-fired boiler,NA,NA,NA,NA,ARP
NY,Oswego Harbor Power,2594,6,NA,1998,1970,1961.25,404958.75,NA,1121.303,0.2636,392487.075,0.0685,537.229,0.1832,5315850.15,Residual Oil,Pipeline Natural Gas,Dry bottom wall-fired boiler,NA,NA,NA,NA,ARP
NY,Oswego Harbor Power,2594,6,NA,1999,3481,3465.5,716213.5,NA,1864.091,0.3024,630420.775,0.07,825.285,0.1831,8416660.05,Residual Oil,Pipeline Natural Gas,Dry bottom wall-fired boiler,NA,NA,NA,NA,"ARP, OTC"
NY,Oswego Harbor Power,2594,6,NA,2000,586,571.31,76792.72,NA,189.82,0.2646,70355.047,0.0688,81.006,0.1685,962645.041,Residual Oil,Pipeline Natural Gas,Dry bottom wall-fired boiler,NA,NA,NA,NA,"ARP, OTC"
NY,Oswego Harbor Power,2594,6,NA,2001,952,928.48,234932.73,NA,893.357,0.5196,209358.098,0.0754,253.016,0.1575,2601898.089,Residual Oil,Pipeline Natural Gas,Dry bottom wall-fired boiler,NA,NA,NA,NA,"ARP, OTC"
NY,Oswego Harbor Power,2594,6,NA,2002,605,591.83,183254.79,NA,723.6,0.5384,174569.254,0.0763,195.903,0.1509,2188678.25,Residual Oil,Pipeline Natural Gas,Dry bottom wall-fired boiler,NA,NA,NA,NA,"ARP, OTC"
NY,Oswego Harbor Power,2594,6,NA,2003,587,576.14,219584.76,NA,812.35,0.6013,191045.294,0.0777,259.463,0.168,2367433.541,Residual Oil,Pipeline Natural Gas,Dry bottom wall-fired boiler,NA,NA,NA,NA,"ARP, NBP"
NY,Oswego Harbor Power,2594,6,NA,2004,369,360.31,115281.1,NA,444.496,0.5031,101577.76,0.0744,124.155,0.1335,1264200.384,Residual Oil,Pipeline Natural Gas,Dry bottom wall-fired boiler,NA,NA,NA,NA,"ARP, NBP"
NY,Oswego Harbor Power,2594,6,NA,2005,1088,1071.85,451667.58,NA,1703.382,0.6027,381640.892,0.0773,470.607,0.1603,4728518.071,Residual Oil,Pipeline Natural Gas,Dry bottom wall-fired boiler,NA,NA,NA,NA,"ARP, NBP"
NY,Oswego Harbor Power,2594,6,NA,2006,379,366.66,68602.69,NA,271.968,0.4152,68119.685,0.0729,74.366,0.1137,853088.045,Residual Oil,Pipeline Natural Gas,Dry bottom wall-fired boiler,NA,NA,NA,NA,"ARP, NBP"
NY,Oswego Harbor Power,2594,6,NA,2007,349,342.46,91380.94,NA,349.324,0.4504,84123.014,0.0738,102.821,0.1295,1051366.776,Residual Oil,Pipeline Natural Gas,Dry bottom wall-fired boiler,NA,NA,NA,NA,"ARP, NBP"
NY,Oswego Harbor Power,2594,6,NA,2008,249,243.57,33861.85,NA,177.387,0.4141,45472.21,0.073,49.097,0.1109,570231.192,Residual Oil,Pipeline Natural Gas,Dry bottom wall-fired boiler,NA,NA,NA,NA,"ARP, CAIRNOX, CAIROS, NBP"
NY,Oswego Harbor Power,2594,6,NA,2009,238,229.15,50826.53,NA,188.026,0.4203,47276.135,0.0724,53.339,0.1155,589690.898,Residual Oil,Pipeline Natural Gas,Dry bottom wall-fired boiler,NA,NA,NA,NA,"ARP, CAIRNOX, CAIROS, CAIRSO2, RGGI"
NY,Oswego Harbor Power,2594,6,NA,2010,215,209.06,34920.75,NA,135.476,0.344,34042.408,0.0702,39.917,0.102,426288.912,Residual Oil,Pipeline Natural Gas,Dry bottom wall-fired boiler,NA,NA,NA,NA,"ARP, CAIRNOX, CAIROS, CAIRSO2, RGGI"
NY,Oswego Harbor Power,2594,6,NA,2011,173,166.09,29675.3,NA,115.616,0.3238,29045.043,0.0785,34.532,0.1057,359897.486,Residual Oil,Pipeline Natural Gas,Dry bottom wall-fired boiler,NA,NA,NA,NA,"ARP, CAIRNOX, CAIROS, CAIRSO2, RGGI"
NY,Oswego Harbor Power,2594,6,NA,2012,321,313.07,40625.37,NA,115.265,0.2073,39069.988,0.067,48.182,0.1111,529348.331,Residual Oil,Pipeline Natural Gas,Dry bottom wall-fired boiler,NA,NA,NA,NA,"ARP, CAIRNOX, CAIROS, CAIRSO2, RGGI"
NY,Oswego Harbor Power,2594,6,NA,2013,269,263.08,43125.3,NA,156.387,0.3554,45215.787,0.0802,49.774,0.1138,559347.921,Residual Oil,Pipeline Natural Gas,Dry bottom wall-fired boiler,NA,NA,NA,NA,"ARP, CAIRNOX, CAIROS, CAIRSO2, RGGI"
NY,Oswego Harbor Power,2594,6,NA,2014,224,219.32,43422.48,NA,129.221,0.303,43204.318,0.0761,50.907,0.1154,537111.958,Residual Oil,Pipeline Natural Gas,Dry bottom wall-fired boiler,NA,NA,NA,NA,"ARP, CAIRNOX, CAIROS, CAIRSO2, RGGI"
NY,Oswego Harbor Power,2594,6,NA,2015,179,173.64,36574.69,NA,96.242,0.2121,35117.082,0.0694,40.762,0.0975,439988.646,Residual Oil,Pipeline Natural Gas,Dry bottom wall-fired boiler,NA,NA,NA,NA,"ARP, CSNOX, CSNOXOS, CSSO2G1, MATS, RGGI"
NY,Oswego Harbor Power,2594,6,NA,2016,151,145.53,23211.68,NA,62.609,0.2272,23659.031,0.0699,24.433,0.0872,297564,Residual Oil,Pipeline Natural Gas,Dry bottom wall-fired boiler,NA,NA,NA,NA,"ARP, CSNOX, CSNOXOS, CSSO2G1, MATS, RGGI"
NY,Oswego Harbor Power,2594,6,NA,2017,146,140.53,22678.31,NA,55.672,0.181,20810.604,0.0667,22.965,0.0777,263250.937,Residual Oil,Pipeline Natural Gas,Dry bottom wall-fired boiler,NA,NA,NA,NA,"ARP, CSNOX, CSOSG2, CSSO2G1, MATS, RGGI"
NY,Oswego Harbor Power,2594,6,NA,2018,170,164.69,26600.24,NA,65.296,0.2331,23976.133,0.069,24.087,0.0855,304427.037,Residual Oil,Pipeline Natural Gas,Dry bottom wall-fired boiler,NA,NA,NA,NA,"ARP, CSNOX, CSOSG2, CSSO2G1, MATS, RGGI"
NY,Oswego Harbor Power,2594,6,NA,2019,255,240.07,23599.6,NA,57.521,0.189,22406.658,0.0646,24.625,0.0631,288343.476,Residual Oil,Pipeline Natural Gas,Dry bottom wall-fired boiler,NA,NA,NA,NA,"ARP, CSNOX, CSOSG2, CSSO2G1, MATS, RGGI"
NY,Oswego Harbor Power,2594,6,NA,2020,133,125.34,23906.47,NA,62.236,0.227,21024.158,0.0677,24.607,0.0861,264104.89,Residual Oil,Pipeline Natural Gas,Dry bottom wall-fired boiler,NA,NA,NA,NA,"ARP, CSNOX, CSOSG2, CSSO2G1, MATS, RGGI"
NY,Oswego Harbor Power,2594,6,NA,2021,103,99.58,16983.82,NA,46.478,0.2426,16718.098,0.0681,17.284,0.0758,211965.156,Residual Oil,Pipeline Natural Gas,Dry bottom wall-fired boiler,NA,NA,NA,NA,"ARP, CSNOX, CSOSG3, CSSO2G1, MATS, RGGI"
NY,Oswego Harbor Power,2594,6,NA,2022,220,213.16,36725.74,NA,100.011,0.3,34834.712,0.0719,37.007,0.1062,435534.836,Residual Oil,Pipeline Natural Gas,Dry bottom wall-fired boiler,NA,NA,NA,NA,"ARP, CSNOX, CSOSG3, CSSO2G1, MATS, RGGI"
NY,Oswego Harbor Power,2594,6,NA,2023,210,205.76,37470.9,NA,103.376,0.3097,35564.094,0.0723,36.021,0.1002,443492.232,Residual Oil,Pipeline Natural Gas,Dry bottom wall-fired boiler,NA,NA,NA,NA,"ARP, CSNOX, CSOSG3, CSSO2G1, MATS, RGGI"
NY,Oswego Harbor Power,2594,6,NA,2024,116,112.27,21444.08,NA,61.071,0.2356,20001.02,0.0693,23.217,0.098,248935.492,Residual Oil,Pipeline Natural Gas,Dry bottom wall-fired boiler,NA,NA,NA,NA,"ARP, CSNOX, CSOSG2E, CSSO2G1, MATS, RGGI"
NY,Bowline Generating Station,2625,1,NA,1995,NA,NA,NA,NA,1275,NA,1575113,NA,2531,NA,5543525,"Residual Oil, Other Oil",Pipeline Natural Gas,Tangentially-fired,NA,Low NOx Burner Technology w/ Closed-coupled OFA,NA,NA,ARP
NY,Bowline Generating Station,2625,1,NA,1996,NA,NA,NA,NA,406.4,NA,613210,NA,782,NA,8611292,"Residual Oil, Other Oil",Pipeline Natural Gas,Tangentially-fired,NA,Low NOx Burner Technology w/ Closed-coupled OFA,NA,NA,ARP
NY,Bowline Generating Station,2625,1,NA,1997,4235,4220,1333503.25,NA,292.132,0.0324,1015626.8,0.0608,1296.668,0.1407,16645625.425,"Residual Oil, Other Oil",Pipeline Natural Gas,Tangentially-fired,NA,Low NOx Burner Technology w/ Closed-coupled OFA,NA,NA,ARP
NY,Bowline Generating Station,2625,1,NA,1998,7167,7156.5,2333971.5,NA,1135.958,0.0736,1916039.05,0.064,2627.006,0.1551,29829035.925,"Residual Oil, Other Oil",Pipeline Natural Gas,Tangentially-fired,NA,Low NOx Burner Technology w/ Closed-coupled OFA,NA,NA,ARP
NY,Bowline Generating Station,2625,1,NA,1999,5006,4991.25,1721416.5,NA,664.075,0.0588,1251370.325,0.0623,1808.795,0.158,19880041.95,"Residual Oil, Other Oil",Pipeline Natural Gas,Tangentially-fired,NA,Low NOx Burner Technology w/ Closed-coupled OFA,NA,NA,"ARP, OTC"
NY,Bowline Generating Station,2625,1,NA,2000,4239,4204.66,1008297.89,NA,895.372,0.1235,832066.876,0.0663,1082.251,0.1568,12277068.808,"Residual Oil, Other Oil",Pipeline Natural Gas,Tangentially-fired,NA,Low NOx Burner Technology w/ Closed-coupled OFA,NA,NA,"ARP, OTC"
NY,Bowline Generating Station,2625,1,NA,2001,4386,4360.75,1184236.25,NA,1369.629,0.1903,999418.875,0.0717,1397.522,0.1848,13845882.05,Other Oil,Pipeline Natural Gas,Tangentially-fired,NA,Low NOx Burner Technology w/ Closed-coupled OFA,NA,NA,"ARP, OTC"
NY,Bowline Generating Station,2625,1,NA,2002,5022,4998,1378404,NA,1130.195,0.1241,1123766.35,0.0674,1561.162,0.1656,16385596.075,Other Oil,Pipeline Natural Gas,Tangentially-fired,NA,Low NOx Burner Technology w/ Closed-coupled OFA,NA,NA,"ARP, OTC"
NY,Bowline Generating Station,2625,1,NA,2003,3681,3655.75,980105.75,NA,1858.971,0.2952,934612.825,0.0785,1396.426,0.2085,11670725.55,Other Oil,Pipeline Natural Gas,Tangentially-fired,NA,Low NOx Burner Technology w/ Closed-coupled OFA,NA,NA,"ARP, NBP"
NY,Bowline Generating Station,2625,1,NA,2004,3586,3564,961096.5,NA,1904.404,0.3172,902658.825,0.0791,1347.028,0.2072,11200111.775,Other Oil,Pipeline Natural Gas,Tangentially-fired,NA,Low NOx Burner Technology w/ Closed-coupled OFA,NA,NA,"ARP, NBP"
NY,Bowline Generating Station,2625,1,NA,2005,2770,2743,831127.25,NA,1530.896,0.2956,732106.55,0.0772,1119.171,0.2094,9190031.75,Other Oil,Pipeline Natural Gas,Tangentially-fired,NA,Low NOx Burner Technology w/ Closed-coupled OFA,NA,NA,"ARP, NBP"
NY,Bowline Generating Station,2625,1,NA,2006,789,781.75,185972.75,NA,92.407,0.0691,131254.675,0.0625,142.418,0.1285,2043637.775,Other Oil,Pipeline Natural Gas,Tangentially-fired,NA,Low NOx Burner Technology w/ Closed-coupled OFA,NA,NA,"ARP, NBP"
NY,Bowline Generating Station,2625,1,NA,2007,2011,1990.25,541605.25,NA,434.515,0.1319,406716.025,0.0667,508.163,0.1529,5978651.3,Other Oil,Pipeline Natural Gas,Tangentially-fired,NA,Low NOx Burner Technology w/ Closed-coupled OFA,NA,NA,"ARP, NBP"
NY,Bowline Generating Station,2625,1,NA,2008,762,743.48,188171,NA,67.669,0.0512,141076.261,0.0617,160.997,0.12,2248511.397,Other Oil,Pipeline Natural Gas,Tangentially-fired,NA,Low NOx Burner Technology w/ Closed-coupled OFA,NA,NA,"ARP, CAIRNOX, CAIROS, NBP"
NY,Bowline Generating Station,2625,1,NA,2009,582,568.04,134020.18,NA,62.132,0.053900000000000003,105188.099,0.0625,104.305,0.0938,1639877.79,Other Oil,Pipeline Natural Gas,Tangentially-fired,NA,Low NOx Burner Technology w/ Closed-coupled OFA,NA,NA,"ARP, CAIRNOX, CAIROS, CAIRSO2, RGGI"
NY,Bowline Generating Station,2625,1,NA,2010,762,745.93,202653.47,NA,1.758,0.0037,133614.079,0.059,143.785,0.0941,2253926.719,Other Oil,Pipeline Natural Gas,Tangentially-fired,NA,Low NOx Burner Technology w/ Closed-coupled OFA,NA,NA,"ARP, CAIRNOX, CAIROS, CAIRSO2, RGGI"
NY,Bowline Generating Station,2625,1,NA,2011,996,978.37,222621.92,NA,1,0.0011,145208.823,0.059,152.882,0.0929,2449526.9,Other Oil,Pipeline Natural Gas,Tangentially-fired,NA,Low NOx Burner Technology w/ Closed-coupled OFA,NA,NA,"ARP, CAIRNOX, CAIROS, CAIRSO2, RGGI"
NY,Bowline Generating Station,2625,1,NA,2012,1462,1435.92,414255.11,NA,2.848,0.002,255069.66,0.059,285.697,0.1045,4302777.573,Other Oil,Pipeline Natural Gas,Tangentially-fired,NA,Low NOx Burner Technology w/ Closed-coupled OFA,NA,NA,"ARP, CAIRNOX, CAIROS, CAIRSO2, RGGI"
NY,Bowline Generating Station,2625,1,NA,2013,3363,3334.99,1233553.28,NA,16.963,0.0027,718275.027,0.0592,908.013,0.1288,12077527.03,Pipeline Natural Gas,Residual Oil,Tangentially-fired,NA,Low NOx Burner Technology w/ Closed-coupled OFA,NA,NA,"ARP, CAIRNOX, CAIROS, CAIRSO2, RGGI"
NY,Bowline Generating Station,2625,1,NA,2014,4664,4630.82,1473600.67,NA,145.431,0.0177,855240.401,0.0597,965.121,0.1202,14191048.792,Pipeline Natural Gas,Residual Oil,Tangentially-fired,NA,Low NOx Burner Technology w/ Closed-coupled OFA,NA,NA,"ARP, CAIRNOX, CAIROS, CAIRSO2, RGGI"
NY,Bowline Generating Station,2625,1,NA,2015,3432,3413.78,1401220.37,NA,143.659,0.0231,800948.538,0.0599,784.408,0.1102,13296737.387,Pipeline Natural Gas,Residual Oil,Tangentially-fired,NA,Low NOx Burner Technology w/ Closed-coupled OFA,NA,NA,"ARP, CSNOX, CSNOXOS, CSSO2G1, MATS, RGGI"
NY,Bowline Generating Station,2625,1,NA,2016,2581,2559.63,890175.75,NA,28.171,0.011,516654.431,0.0593,487.464,0.1011,8674518.39,Pipeline Natural Gas,Residual Oil,Tangentially-fired,NA,Low NOx Burner Technology w/ Closed-coupled OFA,NA,NA,"ARP, CSNOX, CSNOXOS, CSSO2G1, MATS, RGGI"
NY,Bowline Generating Station,2625,1,NA,2017,2923,2897.06,1017482.81,NA,41.554,0.0141,613512.9,0.0593,582.251,0.1035,10318134.769,Pipeline Natural Gas,Residual Oil,Tangentially-fired,NA,Low NOx Burner Technology w/ Closed-coupled OFA,NA,NA,"ARP, CSNOX, CSOSG2, CSSO2G1, MATS, RGGI"
NY,Bowline Generating Station,2625,1,NA,2018,917,904.04,257322.67,NA,97.649,0.0606,168862.172,0.0618,177.974,0.1053,2669110.677,Pipeline Natural Gas,Residual Oil,Tangentially-fired,NA,Low NOx Burner Technology w/ Closed-coupled OFA,NA,NA,"ARP, CSNOX, CSOSG2, CSSO2G1, MATS, RGGI"
NY,Bowline Generating Station,2625,1,NA,2019,590,574.81,147049.82,NA,4.868,0.055,91813.638,0.0591,85.494,0.0825,1548383.54,Pipeline Natural Gas,Residual Oil,Tangentially-fired,NA,Low NOx Burner Technology w/ Closed-coupled OFA,NA,NA,"ARP, CSNOX, CSOSG2, CSSO2G1, MATS, RGGI"
NY,Bowline Generating Station,2625,1,NA,2020,1372,1352.24,450098.7,NA,19.994,0.0194,261503.253,0.059,251.021,0.0914,4410846.817,Pipeline Natural Gas,Residual Oil,Tangentially-fired,NA,Low NOx Burner Technology w/ Closed-coupled OFA,NA,NA,"ARP, CSNOX, CSOSG2, CSSO2G1, MATS, RGGI"
NY,Bowline Generating Station,2625,1,NA,2021,1959,1939.4,693678.53,NA,9.017,0.0063,393328.993,0.059,374.203,0.0927,6635090.901,Pipeline Natural Gas,Residual Oil,Tangentially-fired,NA,Low NOx Burner Technology w/ Closed-coupled OFA,NA,NA,"ARP, CSNOX, CSOSG3, CSSO2G1, MATS, RGGI"
NY,Bowline Generating Station,2625,1,NA,2022,2679,2652.1,1059862.6,NA,93.741,0.0329,607209.329,0.0599,591.346,0.1032,10081195.927,Pipeline Natural Gas,Residual Oil,Tangentially-fired,NA,Low NOx Burner Technology w/ Closed-coupled OFA,NA,NA,"ARP, CSNOX, CSOSG3, CSSO2G1, MATS, RGGI"
NY,Bowline Generating Station,2625,1,NA,2023,1965,1948.72,731957.71,NA,25.256,0.0148,415637.546,0.0592,413.806,0.1016,6994960.532,Pipeline Natural Gas,Residual Oil,Tangentially-fired,NA,Low NOx Burner Technology w/ Closed-coupled OFA,NA,NA,"ARP, CSNOX, CSOSG3, CSSO2G1, MATS, RGGI"
NY,Bowline Generating Station,2625,1,NA,2024,1926,1900.71,701395.47,NA,18.986,0.015,402871.355,0.059,395.683,0.0969,6796081.015,Pipeline Natural Gas,Residual Oil,Tangentially-fired,NA,Low NOx Burner Technology w/ Closed-coupled OFA,NA,NA,"ARP, CSNOX, CSOSG2E, CSSO2G1, MATS, RGGI"
NY,Bowline Generating Station,2625,2,NA,1995,NA,NA,NA,NA,656,NA,822488,NA,914,NA,1803840,"Residual Oil, Other Oil",Pipeline Natural Gas,Dry bottom wall-fired boiler,NA,Low NOx Burner Technology w/ Overfire Air|Overfire Air,NA,NA,ARP
NY,Bowline Generating Station,2625,2,NA,1996,NA,NA,NA,NA,304.9,NA,147802,NA,415,NA,2059053,"Residual Oil, Other Oil",Pipeline Natural Gas,Dry bottom wall-fired boiler,NA,Low NOx Burner Technology w/ Overfire Air|Overfire Air,NA,NA,ARP
NY,Bowline Generating Station,2625,2,NA,1997,785,781.5,196132.5,NA,288.102,0.2235,165720.575,0.0723,287.554,0.2356,2231366.25,"Residual Oil, Other Oil",Pipeline Natural Gas,Dry bottom wall-fired boiler,NA,Low NOx Burner Technology w/ Overfire Air|Overfire Air,NA,NA,ARP
NY,Bowline Generating Station,2625,2,NA,1998,3671,3651,1170435,NA,1057.006,0.1241,1041321.875,0.0662,1646.02,0.2001,15527359.65,"Residual Oil, Other Oil",Pipeline Natural Gas,Dry bottom wall-fired boiler,NA,Low NOx Burner Technology w/ Overfire Air|Overfire Air,NA,NA,ARP
NY,Bowline Generating Station,2625,2,NA,1999,4659,4640,1382736.75,NA,1124.593,0.111,1139588.55,0.0651,1813.019,0.2003,17249081.775,"Residual Oil, Other Oil",Pipeline Natural Gas,Dry bottom wall-fired boiler,NA,Low NOx Burner Technology w/ Overfire Air|Overfire Air,NA,NA,"ARP, OTC"
NY,Bowline Generating Station,2625,2,NA,2000,2381,2348.23,489387.87,NA,575.01,0.1395,450902.724,0.0675,720.564,0.2051,6443662.582,"Residual Oil, Other Oil",Pipeline Natural Gas,Dry bottom wall-fired boiler,NA,"Low NOx Burner Technology w/ Overfire Air (Retired Jun 30, 2000)|Overfire Air",NA,NA,"ARP, OTC"
NY,Bowline Generating Station,2625,2,NA,2001,2310,2289.5,601219.25,NA,622.232,0.143,521165,0.0683,844.2,0.2096,7451052.175,Other Oil,Pipeline Natural Gas,Dry bottom wall-fired boiler,NA,Overfire Air,NA,NA,"ARP, OTC"
NY,Bowline Generating Station,2625,2,NA,2002,1890,1867.25,390104.75,NA,229.872,0.0775,329786.225,0.0639,467.859,0.1755,5073998.275,Other Oil,Pipeline Natural Gas,Dry bottom wall-fired boiler,NA,Overfire Air,NA,NA,"ARP, OTC"
NY,Bowline Generating Station,2625,2,NA,2003,1077,1054,260272.25,NA,497.223,0.251,251852.525,0.0748,445.279,0.2428,3185078.925,Other Oil,Pipeline Natural Gas,Dry bottom wall-fired boiler,NA,Overfire Air,NA,NA,"ARP, NBP"
NY,Bowline Generating Station,2625,2,NA,2004,688,675.5,141992,NA,305.637,0.2414,148137.775,0.0738,275.012,0.2447,1863574.5,Other Oil,Pipeline Natural Gas,Dry bottom wall-fired boiler,NA,Overfire Air,NA,NA,"ARP, NBP"
NY,Bowline Generating Station,2625,2,NA,2005,1578,1553,425226,NA,819.133,0.2604,402132.1,0.0747,713.337,0.2486,5115527.25,Other Oil,Pipeline Natural Gas,Dry bottom wall-fired boiler,NA,Overfire Air,NA,NA,"ARP, NBP"
NY,Bowline Generating Station,2625,2,NA,2006,642,633.25,77270.5,NA,36.621,0.0461,72127.25,0.0614,73.135,0.1225,1145558.5,Other Oil,Pipeline Natural Gas,Dry bottom wall-fired boiler,NA,Overfire Air,NA,NA,"ARP, NBP"
NY,Bowline Generating Station,2625,2,NA,2007,520,512.75,110222.25,NA,98.796,0.1113,94415.55,0.0657,143.103,0.1828,1384008.9,Other Oil,Pipeline Natural Gas,Dry bottom wall-fired boiler,NA,Overfire Air,NA,NA,"ARP, NBP"
NY,Bowline Generating Station,2625,2,NA,2008,333,319.44,58247.5,NA,32.296,0.0636,53198.395,0.0624,72.812,0.1462,830878.41,Other Oil,Pipeline Natural Gas,Dry bottom wall-fired boiler,NA,Overfire Air,NA,NA,"ARP, CAIRNOX, CAIROS, NBP"
NY,Bowline Generating Station,2625,2,NA,2009,194,186.67,24767.35,NA,16.277,0.071,26792.679,0.0638,29.373,0.1158,413966.547,Other Oil,Pipeline Natural Gas,Dry bottom wall-fired boiler,NA,Overfire Air,NA,NA,"ARP, CAIRNOX, CAIROS, CAIRSO2, RGGI"
NY,Bowline Generating Station,2625,2,NA,2010,578,557.3,128569.05,NA,1.761,0.0133,91273.488,0.0588,121.742,0.1181,1539715.353,Other Oil,Pipeline Natural Gas,Dry bottom wall-fired boiler,NA,Overfire Air,NA,NA,"ARP, CAIRNOX, CAIROS, CAIRSO2, RGGI"
NY,Bowline Generating Station,2625,2,NA,2011,152,144.18,13288.42,NA,0.162,0.0044,10735.648,0.059,7.327,0.0657,181099.908,Other Oil,Pipeline Natural Gas,Dry bottom wall-fired boiler,NA,Overfire Air,NA,NA,"ARP, CAIRNOX, CAIROS, CAIRSO2, RGGI"
NY,Bowline Generating Station,2625,2,NA,2012,130,123.91,11503.99,NA,0.143,0.0042,9154.154,0.059,8.053,0.078,154423.766,Other Oil,Pipeline Natural Gas,Dry bottom wall-fired boiler,NA,Overfire Air,NA,NA,"ARP, CAIRNOX, CAIROS, CAIRSO2, RGGI"
NY,Bowline Generating Station,2625,2,NA,2013,573,562.78,71404.52,NA,0.828,0.0048,56368.946,0.059,49.28,0.0896,950907.607,Pipeline Natural Gas,Residual Oil,Dry bottom wall-fired boiler,NA,Overfire Air,NA,NA,"ARP, CAIRNOX, CAIROS, CAIRSO2, RGGI"
NY,Bowline Generating Station,2625,2,NA,2014,622,617.8,106848.69,NA,0.923,0.0036,69340.31,0.059,74.422,0.1206,1169710.798,Pipeline Natural Gas,Residual Oil,Dry bottom wall-fired boiler,NA,Overfire Air,NA,NA,"ARP, CAIRNOX, CAIROS, CAIRSO2, RGGI"
NY,Bowline Generating Station,2625,2,NA,2015,790,764.77,144391.42,NA,8.213,0.027,103261.282,0.0591,95.46,0.0834,1741361.366,Pipeline Natural Gas,Residual Oil,Dry bottom wall-fired boiler,NA,Overfire Air,NA,NA,"ARP, CSNOX, CSNOXOS, CSSO2G1, MATS, RGGI"
NY,Bowline Generating Station,2625,2,NA,2016,1832,1806.66,582809.84,NA,15.221,0.0088,352326.292,0.059,306.121,0.0928,5943400.81,Pipeline Natural Gas,Residual Oil,Dry bottom wall-fired boiler,NA,Overfire Air,NA,NA,"ARP, CSNOX, CSNOXOS, CSSO2G1, MATS, RGGI"
NY,Bowline Generating Station,2625,2,NA,2017,919,897.45,247559.26,NA,24.119,0.0233,161991.359,0.0595,164.044,0.0933,2698396.652,Pipeline Natural Gas,Residual Oil,Dry bottom wall-fired boiler,NA,Overfire Air,NA,NA,"ARP, CSNOX, CSOSG2, CSSO2G1, MATS, RGGI"
NY,Bowline Generating Station,2625,2,NA,2018,909,885.7,243904.92,NA,7.663,0.0163,161837.026,0.0591,147.295,0.0809,2729605.724,Pipeline Natural Gas,Residual Oil,Dry bottom wall-fired boiler,NA,Overfire Air,NA,NA,"ARP, CSNOX, CSOSG2, CSSO2G1, MATS, RGGI"
NY,Bowline Generating Station,2625,2,NA,2019,610,598.28,154316.12,NA,4.827,0.0142,102291.352,0.059,92.736,0.0806,1725556.406,Pipeline Natural Gas,Residual Oil,Dry bottom wall-fired boiler,NA,Overfire Air,NA,NA,"ARP, CSNOX, CSOSG2, CSSO2G1, MATS, RGGI"
NY,Bowline Generating Station,2625,2,NA,2020,846,827.26,243891.96,NA,7.238,0.0138,156369.67,0.059,152.324,0.0877,2637817.774,Pipeline Natural Gas,Residual Oil,Dry bottom wall-fired boiler,NA,Overfire Air,NA,NA,"ARP, CSNOX, CSOSG2, CSSO2G1, MATS, RGGI"
NY,Bowline Generating Station,2625,2,NA,2021,1104,1084.42,334933.43,NA,5.62,0.0077,210649.88,0.059,198.377,0.0883,3551428.018,Pipeline Natural Gas,Residual Oil,Dry bottom wall-fired boiler,NA,Overfire Air,NA,NA,"ARP, CSNOX, CSOSG3, CSSO2G1, MATS, RGGI"
NY,Bowline Generating Station,2625,2,NA,2022,1434,1413.05,477614.35,NA,7.512,0.0086,298187.147,0.059,291.434,0.096,5028768.089,Pipeline Natural Gas,Residual Oil,Dry bottom wall-fired boiler,NA,Overfire Air,NA,NA,"ARP, CSNOX, CSOSG3, CSSO2G1, MATS, RGGI"
NY,Bowline Generating Station,2625,2,NA,2023,776,764.67,243542.58,NA,7.819,0.0133,150673.429,0.0591,134.509,0.0861,2537440.133,Pipeline Natural Gas,Residual Oil,Dry bottom wall-fired boiler,NA,Overfire Air,NA,NA,"ARP, CSNOX, CSOSG3, CSSO2G1, MATS, RGGI"
NY,Bowline Generating Station,2625,2,NA,2024,1977,1953.25,656119.89,NA,18.047,0.0136,407104.202,0.059,378.607,0.0913,6866728.96,Pipeline Natural Gas,Residual Oil,Dry bottom wall-fired boiler,NA,Overfire Air,NA,NA,"ARP, CSNOX, CSOSG2E, CSSO2G1, MATS, RGGI"
NY,Hillburn,2628,001,NA,1999,300,256.97,4565.17,NA,NA,NA,NA,NA,11.912,0.2354,86677.071,Pipeline Natural Gas,NA,Combustion turbine,NA,NA,NA,NA,OTC
NY,Hillburn,2628,001,NA,2000,169,94.04,1166.5,NA,NA,NA,NA,NA,3.087,0.2027,22644.73,Pipeline Natural Gas,NA,Combustion turbine,NA,NA,NA,NA,OTC
NY,Hillburn,2628,001,NA,2001,136,90.53,2300.63,NA,NA,NA,NA,NA,8.233,0.3523,36567.568,Pipeline Natural Gas,NA,Combustion turbine,NA,NA,NA,NA,OTC
NY,Hillburn,2628,001,NA,2002,174,106.31,2187.18,NA,NA,NA,NA,NA,9.658,0.3482,39750.526,Pipeline Natural Gas,Diesel Oil,Combustion turbine,NA,NA,NA,NA,OTC
NY,Hillburn,2628,001,NA,2003,212,140.54,4162.39,NA,NA,NA,NA,NA,15.687,0.4114,59619.413,Pipeline Natural Gas,Diesel Oil,Combustion turbine,NA,NA,NA,NA,NBP
NY,Hillburn,2628,001,NA,2004,26,12.19,270.21,NA,NA,NA,NA,NA,0.884,0.2417,4641.007,Pipeline Natural Gas,Diesel Oil,Combustion turbine,NA,NA,NA,NA,NBP
NY,Hillburn,2628,001,NA,2005,71,40.16,1084.55,NA,NA,NA,NA,NA,3.881,0.3468,16806.361,Pipeline Natural Gas,Diesel Oil,Combustion turbine,NA,NA,NA,NA,NBP
NY,Hillburn,2628,001,NA,2006,49,28.37,812.06,NA,NA,NA,NA,NA,2.864,0.3413,13020.453,Pipeline Natural Gas,Diesel Oil,Combustion turbine,NA,NA,NA,NA,NBP
NY,Hillburn,2628,001,NA,2007,93,46.78,853.47,NA,NA,NA,NA,NA,3.371,0.2755,15928.613,Pipeline Natural Gas,Diesel Oil,Combustion turbine,NA,NA,NA,NA,NBP
NY,Hillburn,2628,001,NA,2008,56,22.31,369.31,NA,NA,NA,NA,NA,1.191,0.2217,7174.679,Pipeline Natural Gas,Diesel Oil,Combustion turbine,NA,NA,NA,NA,"CAIRNOX, CAIROS, NBP"
NY,Hillburn,2628,001,NA,2009,22,7.53,140.78,NA,0.024,0.043,150.43,0.076,0.622,0.5355,2204.081,Pipeline Natural Gas,Diesel Oil,Combustion turbine,NA,NA,NA,NA,"CAIRNOX, CAIROS, CAIRSO2, RGGI"
NY,Hillburn,2628,001,NA,2010,16,8.25,148,NA,0.07,0.0521,210.05,0.081,0.84,0.4481,2589.875,Pipeline Natural Gas,Diesel Oil,Combustion turbine,NA,NA,NA,NA,"CAIRNOX, CAIROS, CAIRSO2, RGGI"
NY,Hillburn,2628,001,NA,2011,13,6.25,115.5,NA,0.053,0.0537,160.075,0.0811,0.72,0.4362,1973.375,Pipeline Natural Gas,Diesel Oil,Combustion turbine,NA,NA,NA,NA,"CAIRNOX, CAIROS, CAIRSO2, RGGI"
NY,Hillburn,2628,001,NA,2012,19,12.5,258.75,NA,0.038,0.0262,272.525,0.0699,2.446,1.2,4077.1,Pipeline Natural Gas,Diesel Oil,Combustion turbine,NA,NA,NA,NA,"CAIRNOX, CAIROS, CAIRSO2, RGGI"
NY,Hillburn,2628,001,NA,2013,19,12.55,83.5,NA,0.001,9e-4,257.26,0.0584,0.879,0.283,4330.005,Pipeline Natural Gas,Diesel Oil,Combustion turbine,NA,NA,NA,NA,"CAIRNOX, CAIROS, CAIRSO2, RGGI"
NY,Hillburn,2628,001,NA,2014,41,20.38,217.84,NA,0.001,0.001,233.971,0.0596,0.937,0.2364,3933.6,Pipeline Natural Gas,Diesel Oil,Combustion turbine,NA,NA,NA,NA,"CAIRNOX, CAIROS, CAIRSO2, RGGI"
NY,Hillburn,2628,001,NA,2015,17,7.18,116.76,NA,0.001,0.0015,142.096,0.0604,0.738,0.3556,2389.103,Pipeline Natural Gas,Diesel Oil,Combustion turbine,NA,NA,NA,NA,"CSNOX, CSNOXOS, CSSO2G1, RGGI"
NY,Hillburn,2628,001,NA,2016,58,17.87,289.05,NA,0.003,0.0013,370.84,0.0601,1.543,0.2877,6178.03,Pipeline Natural Gas,Diesel Oil,Combustion turbine,NA,NA,NA,NA,"CSNOX, CSNOXOS, CSSO2G1, RGGI"
NY,Hillburn,2628,001,NA,2017,40,18.82,368.47,NA,0.002,0.0013,448.499,0.0599,2.984,0.5806,7537.361,Pipeline Natural Gas,Diesel Oil,Combustion turbine,NA,NA,NA,NA,"CSNOX, CSOSG2, CSSO2G1, RGGI"
NY,Hillburn,2628,001,NA,2018,33,14.15,314.26,NA,0.002,0.0016,356.554,0.0607,1.323,0.3381,5966.717,Pipeline Natural Gas,Diesel Oil,Combustion turbine,NA,NA,NA,NA,"CSNOX, CSOSG2, CSSO2G1, RGGI"
NY,Hillburn,2628,001,NA,2019,26,12.48,298.56,NA,0.002,0.001,326.373,0.0592,1.21,0.3083,5493.266,Pipeline Natural Gas,Diesel Oil,Combustion turbine,NA,NA,NA,NA,"CSNOX, CSOSG2, CSSO2G1, RGGI"
NY,Hillburn,2628,001,NA,2020,33,9.25,198.02,NA,0.001,9e-4,227.969,0.0595,0.893,0.3005,3835.247,Pipeline Natural Gas,Diesel Oil,Combustion turbine,NA,NA,NA,NA,"CSNOX, CSOSG2, CSSO2G1, RGGI"
NY,Hillburn,2628,001,NA,2021,28,8.84,162.58,NA,0.001,0.001,193.758,0.0594,0.674,0.2801,3260.014,Pipeline Natural Gas,Diesel Oil,Combustion turbine,NA,NA,NA,NA,"CSNOX, CSOSG3, CSSO2G1, RGGI"
NY,Hillburn,2628,001,NA,2022,83,45.76,1299.23,NA,0.007,0.0012,1345.85,0.0597,5.744,0.3956,22613.202,Pipeline Natural Gas,Diesel Oil,Combustion turbine,NA,NA,NA,NA,"CSNOX, CSOSG3, CSSO2G1, RGGI"
NY,Hillburn,2628,001,NA,2023,73,39.34,912.4,NA,0.006,0.0011,1067.584,0.0595,7.286,0.7584,17914.978,Pipeline Natural Gas,Diesel Oil,Combustion turbine,NA,NA,NA,NA,"CSNOX, CSOSG3, CSSO2G1, RGGI"
NY,Hillburn,2628,001,NA,2024,54,21.38,427.45,NA,0.003,0.001,590.598,0.0593,0.441,0.0868,9935.996,Pipeline Natural Gas,Diesel Oil,Combustion turbine,NA,NA,NA,NA,"CSNOX, CSOSG2E, CSSO2G1, RGGI"
NY,Lovett Generating Station,2629,3,NA,1995,NA,NA,NA,NA,13,NA,134337,NA,140,NA,2039184,"Residual Oil, Other Oil",Pipeline Natural Gas,Tangentially-fired,NA,NA,NA,NA,ARP
NY,Lovett Generating Station,2629,3,NA,1996,NA,NA,NA,NA,28.4,NA,57912,NA,85,NA,880521,"Residual Oil, Other Oil",Pipeline Natural Gas,Tangentially-fired,NA,NA,NA,NA,ARP
NY,Lovett Generating Station,2629,3,NA,1997,2148,2135.25,97521.25,NA,48.569,0.0921,81488.75,0.0648,120.465,0.1812,1277582.05,"Residual Oil, Other Oil",Pipeline Natural Gas,Tangentially-fired,NA,NA,NA,NA,ARP
NY,Lovett Generating Station,2629,3,NA,1998,2014,1997.75,95317,NA,1.47,0.0028,73055.55,0.0592,109.384,0.1629,1230959.875,"Residual Oil, Other Oil",Pipeline Natural Gas,Tangentially-fired,NA,NA,NA,NA,ARP
NY,Lovett Generating Station,2629,3,NA,1999,1865,1852,92731.75,NA,36.43,0.0665,68555.125,0.0632,87.096,0.1566,1082446.625,"Residual Oil, Other Oil",Pipeline Natural Gas,Tangentially-fired,NA,NA,NA,NA,"ARP, OTC"
NY,Lovett Generating Station,2629,3,NA,2000,1678,1648.24,42500.48,NA,13.472,0.0442,34057.929,0.0618,41.936,0.1413,547839.323,"Residual Oil, Other Oil",Pipeline Natural Gas,Tangentially-fired,NA,NA,NA,NA,"ARP, OTC"
NY,Lovett Generating Station,2629,3,NA,2001,4501,4474.59,158638,NA,29.651,0.0372,122619.061,0.0613,172.063,0.1635,2008283.818,Other Oil,Pipeline Natural Gas,Tangentially-fired,NA,NA,NA,NA,"ARP, OTC"
NY,Lovett Generating Station,2629,3,NA,2002,2805,2782.46,78920.78,NA,24.792,0.0523,59974.344,0.0619,81.315,0.1584,966576.538,Other Oil,Pipeline Natural Gas,Tangentially-fired,NA,NA,NA,NA,"ARP, OTC"
NY,Lovett Generating Station,2629,3,NA,2003,386,370.89,8962.86,NA,4.951,0.0907,7841.822,0.0653,9.526,0.1357,123603.057,Other Oil,Pipeline Natural Gas,Tangentially-fired,NA,NA,NA,NA,"ARP, NBP"
NY,Lovett Generating Station,2629,3,NA,2004,188,180.55,1252.48,NA,1.166,0.0517,1837.007,0.0612,2.004,0.1165,28750.285,Other Oil,Pipeline Natural Gas,Tangentially-fired,NA,NA,NA,NA,"ARP, NBP"
NY,Lovett Generating Station,2629,3,NA,2005,269,254.64,2730.03,NA,1.629,0.0601,3096.195,0.0598,3.024,0.1037,51232.616,Other Oil,Pipeline Natural Gas,Tangentially-fired,NA,NA,NA,NA,"ARP, NBP"
NY,Lovett Generating Station,2629,3,NA,2006,371,355.11,3246.69,NA,0.376,0.0389,3679.595,0.0594,3.687,0.112,62060.765,Other Oil,Pipeline Natural Gas,Tangentially-fired,NA,NA,NA,NA,"ARP, NBP"
NY,Lovett Generating Station,2629,3,NA,2007,93,86.73,728.92,NA,0.088,0.0347,884.941,0.0596,0.902,0.1143,14927.911,Other Oil,Pipeline Natural Gas,Tangentially-fired,NA,NA,NA,NA,"ARP, NBP"
NY,Lovett Generating Station,2629,3,NA,2008,0,0,NA,NA,NA,NA,NA,NA,NA,NA,NA,Other Oil,Pipeline Natural Gas,Tangentially-fired,NA,NA,NA,NA,"ARP, CAIRNOX"
NY,Lovett Generating Station,2629,4,NA,1995,NA,NA,NA,NA,3709,NA,766188,NA,1862,NA,9855818,Coal,"Residual Oil, Other Oil, Pipeline Natural Gas",Dry bottom wall-fired boiler,NA,Low NOx Burner Technology w/ Overfire Air,Electrostatic Precipitator,NA,ARP
NY,Lovett Generating Station,2629,4,NA,1996,NA,NA,NA,NA,3563.6,NA,871801,NA,1623,NA,8830065,Coal,"Residual Oil, Other Oil, Pipeline Natural Gas",Dry bottom wall-fired boiler,NA,Low NOx Burner Technology w/ Overfire Air,Electrostatic Precipitator,NA,ARP
NY,Lovett Generating Station,2629,4,NA,1997,7759,7746.5,1139598,NA,5009.565,0.8134,1174519.775,0.0973,2268.301,0.3729,11905761.45,Coal,"Residual Oil, Other Oil, Pipeline Natural Gas",Dry bottom wall-fired boiler,NA,Low NOx Burner Technology w/ Overfire Air,Electrostatic Precipitator,NA,ARP
NY,Lovett Generating Station,2629,4,NA,1998,6659,6635.25,950888.75,NA,4228.762,0.811,975641.525,0.0968,1893.72,0.3721,9888596.175,Coal,"Residual Oil, Other Oil, Pipeline Natural Gas",Dry bottom wall-fired boiler,NA,Low NOx Burner Technology w/ Overfire Air,Electrostatic Precipitator,NA,ARP
NY,Lovett Generating Station,2629,4,NA,1999,8059,8036.25,1122740.75,NA,4357.425,0.714,1105243.775,0.0942,2222.286,0.3758,11507497.35,Coal,"Residual Oil, Other Oil, Pipeline Natural Gas",Dry bottom wall-fired boiler,NA,Low NOx Burner Technology w/ Overfire Air,Electrostatic Precipitator,NA,"ARP, OTC"
NY,Lovett Generating Station,2629,4,NA,2000,7578,7541.42,1071750.57,NA,5011.256,0.8166,1169676.836,0.0972,2136.514,0.3523,11901490.941,Coal,"Residual Oil, Other Oil, Pipeline Natural Gas",Dry bottom wall-fired boiler,NA,Low NOx Burner Technology w/ Overfire Air,Electrostatic Precipitator,NA,"ARP, OTC"
NY,Lovett Generating Station,2629,4,NA,2001,6294,6250.83,850094.28,NA,3810.036,0.8,890103,0.0965,1617.762,0.3473,9034143.786,Coal,"Other Oil, Pipeline Natural Gas",Dry bottom wall-fired boiler,NA,Low NOx Burner Technology w/ Overfire Air,Electrostatic Precipitator,NA,"ARP, OTC"
NY,Lovett Generating Station,2629,4,NA,2002,6815,6796.91,983692.17,NA,4247.296,0.8201,978442.729,0.0965,1808.257,0.3529,10012525.817,Coal,"Other Oil, Pipeline Natural Gas",Dry bottom wall-fired boiler,NA,Low NOx Burner Technology w/ Overfire Air,Electrostatic Precipitator,NA,"ARP, OTC"
NY,Lovett Generating Station,2629,4,NA,2003,7647,7606.59,1008120.83,NA,4352.818,0.7892,1027846.303,0.0955,1771.803,0.3282,10599521.072,Coal,"Other Oil, Pipeline Natural Gas",Dry bottom wall-fired boiler,NA,Low NOx Burner Technology w/ Overfire Air,Electrostatic Precipitator,NA,"ARP, NBP"
NY,Lovett Generating Station,2629,4,NA,2004,7587,7559.29,942835.38,NA,4751.039,0.8805,1051579.326,0.1,1851.439,0.3419,10364569.398,Coal,"Other Oil, Pipeline Natural Gas",Dry bottom wall-fired boiler,NA,Low NOx Burner Technology w/ Overfire Air,Electrostatic Precipitator,NA,"ARP, NBP"
NY,Lovett Generating Station,2629,4,NA,2005,7352,7318.54,954760.83,NA,5036.139,0.92,1081621.625,0.1007,1927.633,0.3513,10625765.733,Coal,"Other Oil, Pipeline Natural Gas",Dry bottom wall-fired boiler,NA,Low NOx Burner Technology w/ Overfire Air,Electrostatic Precipitator,NA,"ARP, NBP"
NY,Lovett Generating Station,2629,4,NA,2006,7273,7251.01,867058.49,NA,4448.529,0.8858,986261.328,0.1,1710.859,0.3403,9742568.947,Coal,"Other Oil, Pipeline Natural Gas",Dry bottom wall-fired boiler,NA,Low NOx Burner Technology w/ Overfire Air,Electrostatic Precipitator,NA,"ARP, NBP"
NY,Lovett Generating Station,2629,4,NA,2007,2047,2021.7,188344.49,NA,940.744,0.7144,227174.236,0.0935,388.297,0.326,2300536.188,Coal,"Other Oil, Pipeline Natural Gas",Dry bottom wall-fired boiler,NA,Low NOx Burner Technology w/ Overfire Air,Electrostatic Precipitator,NA,"ARP, NBP"
NY,Lovett Generating Station,2629,4,NA,2008,0,0,NA,NA,NA,NA,NA,NA,NA,NA,NA,Coal,"Other Oil, Pipeline Natural Gas",Dry bottom wall-fired boiler,NA,Low NOx Burner Technology w/ Overfire Air,Electrostatic Precipitator,NA,"ARP, CAIRNOX"
NY,Lovett Generating Station,2629,5,NA,1995,NA,NA,NA,NA,3195,NA,813121,NA,1910,NA,10497411,Coal,"Residual Oil, Other Oil, Pipeline Natural Gas",Dry bottom wall-fired boiler,NA,Low NOx Burner Technology w/ Overfire Air,NA,NA,ARP
NY,Lovett Generating Station,2629,5,NA,1996,NA,NA,NA,NA,5593.3,NA,1256912,NA,2275,NA,12367824,Coal,"Residual Oil, Other Oil, Pipeline Natural Gas",Dry bottom wall-fired boiler,NA,Low NOx Burner Technology w/ Overfire Air,NA,NA,ARP
NY,Lovett Generating Station,2629,5,NA,1997,6696,6680.25,1070936.25,NA,4938.987,0.8009,1182248.2,0.0979,2342.693,0.3888,11895999.475,Coal,"Residual Oil, Other Oil, Pipeline Natural Gas",Dry bottom wall-fired boiler,NA,Low NOx Burner Technology w/ Overfire Air,Electrostatic Precipitator,NA,ARP
NY,Lovett Generating Station,2629,5,NA,1998,7702,7681,1155391.5,NA,5093.416,0.7387,1210743.15,0.0903,2567.33,0.3784,13223774,Coal,"Residual Oil, Other Oil, Pipeline Natural Gas",Dry bottom wall-fired boiler,NA,Low NOx Burner Technology w/ Overfire Air,Electrostatic Precipitator,NA,ARP
NY,Lovett Generating Station,2629,5,NA,1999,6936,6915,958641.25,NA,3922.238,0.6801,1007698.425,0.0917,1989.134,0.3607,10715785.55,Coal,"Residual Oil, Other Oil, Pipeline Natural Gas",Dry bottom wall-fired boiler,NA,Low NOx Burner Technology w/ Overfire Air,Electrostatic Precipitator,NA,"ARP, OTC"
NY,Lovett Generating Station,2629,5,NA,2000,6542,6518.17,1016465.08,NA,4878.657,0.813,1125535.021,0.0968,2118.63,0.361,11409994.478,Coal,"Residual Oil, Other Oil, Pipeline Natural Gas",Dry bottom wall-fired boiler,NA,Low NOx Burner Technology w/ Overfire Air,Electrostatic Precipitator,NA,"ARP, OTC"
NY,Lovett Generating Station,2629,5,NA,2001,2347,2334.19,318670.38,NA,1530.721,0.8011,348100.31,0.0958,649.371,0.3534,3532267.406,Coal,"Other Oil, Pipeline Natural Gas",Dry bottom wall-fired boiler,NA,Low NOx Burner Technology w/ Overfire Air,Electrostatic Precipitator,NA,"ARP, OTC"
NY,Lovett Generating Station,2629,5,NA,2002,5067,5034.65,765587.44,NA,3706.975,0.8247,830450.519,0.0962,1598.196,0.3637,8400324.907,Coal,"Other Oil, Pipeline Natural Gas",Dry bottom wall-fired boiler,NA,Low NOx Burner Technology w/ Overfire Air,Electrostatic Precipitator,NA,"ARP, OTC"
NY,Lovett Generating Station,2629,5,NA,2003,7674,7644.13,1076954.03,NA,5304.059,0.8455,1204186.676,0.0978,2297.571,0.3684,12172214.058,Coal,"Other Oil, Pipeline Natural Gas",Dry bottom wall-fired boiler,NA,Low NOx Burner Technology w/ Overfire Air,Electrostatic Precipitator,NA,"ARP, NBP"
NY,Lovett Generating Station,2629,5,NA,2004,5815,5788,839817,NA,4530.227,0.9085,988247.849,0.101,1976.003,0.398,9690289.574,Coal,"Other Oil, Pipeline Natural Gas",Dry bottom wall-fired boiler,NA,Low NOx Burner Technology w/ Overfire Air,Electrostatic Precipitator,NA,"ARP, NBP"
NY,Lovett Generating Station,2629,5,NA,2005,6295,6243.96,834629.32,NA,4449.969,0.8418,988120.36,0.0983,1838.618,0.353,9721252.183,Coal,"Other Oil, Pipeline Natural Gas",Dry bottom wall-fired boiler,NA,Low NOx Burner Technology w/ Overfire Air,Electrostatic Precipitator,NA,"ARP, NBP"
NY,Lovett Generating Station,2629,5,NA,2006,6808,6780.24,888226.4,NA,4673.987,0.8709,1049018.639,0.1002,1863.108,0.3489,10318796.471,Coal,"Other Oil, Pipeline Natural Gas",Dry bottom wall-fired boiler,NA,Low NOx Burner Technology w/ Overfire Air,Electrostatic Precipitator,NA,"ARP, NBP"
NY,Lovett Generating Station,2629,5,NA,2007,7718,7686,1190067.5,NA,6042.826,0.8536,1393330.145,0.1008,2518.912,0.3595,13651933.453,Coal,"Other Oil, Pipeline Natural Gas",Dry bottom wall-fired boiler,NA,Low NOx Burner Technology w/ Overfire Air,Electrostatic Precipitator,NA,"ARP, NBP"
NY,Lovett Generating Station,2629,5,NA,2008,2203,2194.68,311043.84,NA,1610.12,0.8484,369331.078,0.1,643.977,0.3415,3629198.341,Coal,"Other Oil, Pipeline Natural Gas",Dry bottom wall-fired boiler,NA,Low NOx Burner Technology w/ Overfire Air,Electrostatic Precipitator,NA,"ARP, CAIRNOX"
NY,Shoemaker,2632,1,NA,1999,1264,1146.33,17659.82,NA,NA,NA,NA,NA,71.503,0.2987,418752.91,Pipeline Natural Gas,NA,Combustion turbine,NA,NA,NA,NA,OTC
NY,Shoemaker,2632,1,NA,2000,1287,1121.55,21168.29,NA,NA,NA,NA,NA,129.092,0.4557,482515.294,Pipeline Natural Gas,NA,Combustion turbine,NA,NA,NA,NA,OTC
NY,Shoemaker,2632,1,NA,2001,849,737.56,16096.66,NA,NA,NA,NA,NA,73.658,0.4125,323635.846,Pipeline Natural Gas,NA,Combustion turbine,NA,NA,NA,NA,OTC
NY,Shoemaker,2632,1,NA,2002,156,122.05,2394.35,NA,NA,NA,NA,NA,9.664,0.3563,46268.277,Pipeline Natural Gas,Diesel Oil,Combustion turbine,NA,NA,NA,NA,OTC
NY,Shoemaker,2632,1,NA,2003,139,99.59,2921.95,NA,NA,NA,NA,NA,14.799,0.5257,45037.631,Pipeline Natural Gas,Diesel Oil,Combustion turbine,NA,NA,NA,NA,NBP
NY,Shoemaker,2632,1,NA,2004,64,49.71,1259.85,NA,NA,NA,NA,NA,4.469,0.3796,19454.168,Pipeline Natural Gas,Diesel Oil,Combustion turbine,NA,NA,NA,NA,NBP
NY,Shoemaker,2632,1,NA,2005,119,85.79,1970.15,NA,NA,NA,NA,NA,7.386,0.352,33414.299,Pipeline Natural Gas,Diesel Oil,Combustion turbine,NA,NA,NA,NA,NBP
NY,Shoemaker,2632,1,NA,2006,312,271.55,5534.68,NA,NA,NA,NA,NA,19.43,0.3272,111323.866,Pipeline Natural Gas,Diesel Oil,Combustion turbine,NA,NA,NA,NA,NBP
NY,Shoemaker,2632,1,NA,2007,101,60.95,1233.29,NA,NA,NA,NA,NA,4.698,0.2974,22781.363,Pipeline Natural Gas,Diesel Oil,Combustion turbine,NA,NA,NA,NA,NBP
NY,Shoemaker,2632,1,NA,2008,32,14.9,240.65,NA,NA,NA,NA,NA,1.206,0.2711,5506.033,Pipeline Natural Gas,Diesel Oil,Combustion turbine,NA,NA,NA,NA,"CAIRNOX, CAIROS, NBP"
NY,Shoemaker,2632,1,NA,2009,16,7.69,146.2,NA,0.035,0.0375,180.457,0.0743,0.947,0.5758,2572.418,Pipeline Natural Gas,Diesel Oil,Combustion turbine,NA,NA,NA,NA,"CAIRNOX, CAIROS, CAIRSO2, RGGI"
NY,Shoemaker,2632,1,NA,2010,61,45.5,1098,NA,0.485,0.053900000000000003,1460.375,0.081,9.169,0.8333,17996.175,Pipeline Natural Gas,Diesel Oil,Combustion turbine,NA,NA,NA,NA,"CAIRNOX, CAIROS, CAIRSO2, RGGI"
NY,Shoemaker,2632,1,NA,2011,70,55.75,1250,NA,0.514,0.0538,1546.625,0.0808,9.641,0.7974,19060.975,Pipeline Natural Gas,Diesel Oil,Combustion turbine,NA,NA,NA,NA,"CAIRNOX, CAIROS, CAIRSO2, RGGI"
NY,Shoemaker,2632,1,NA,2012,51,36.25,800.5,NA,0.235,0.0354,956.65,0.0734,6.944,0.9443,12929.35,Pipeline Natural Gas,Diesel Oil,Combustion turbine,NA,NA,NA,NA,"CAIRNOX, CAIROS, CAIRSO2, RGGI"
NY,Shoemaker,2632,1,NA,2013,103,82,2355,NA,0.009,0.001,1819.35,0.0592,6.471,0.3512,30615.175,Pipeline Natural Gas,Diesel Oil,Combustion turbine,NA,NA,NA,NA,"CAIRNOX, CAIROS, CAIRSO2, RGGI"
NY,Shoemaker,2632,1,NA,2014,34,16.55,354.19,NA,0,8e-4,75.699,0.0581,0.177,0.2078,1270.713,Pipeline Natural Gas,Diesel Oil,Combustion turbine,NA,NA,NA,NA,"CAIRNOX, CAIROS, CAIRSO2, RGGI"
NY,Shoemaker,2632,1,NA,2015,100,65.51,1851.59,NA,0.014,0.0015,1933.169,0.0603,15.593,0.6985,32251.996,Pipeline Natural Gas,Diesel Oil,Combustion turbine,NA,NA,NA,NA,"CSNOX, CSNOXOS, CSSO2G1, RGGI"
NY,Shoemaker,2632,1,NA,2016,48,17.22,258.5,NA,0.003,0.0012,350.774,0.0598,1.919,0.3311,5833.047,Pipeline Natural Gas,Diesel Oil,Combustion turbine,NA,NA,NA,NA,"CSNOX, CSNOXOS, CSSO2G1, RGGI"
NY,Shoemaker,2632,1,NA,2017,34,17.82,381.35,NA,0.002,0.001,439.21,0.0592,3.599,0.7215,7392.116,Pipeline Natural Gas,Diesel Oil,Combustion turbine,NA,NA,NA,NA,"CSNOX, CSOSG2, CSSO2G1, RGGI"
NY,Shoemaker,2632,1,NA,2018,27,15.31,344.89,NA,0.002,0.0014,405.418,0.06,1.893,0.4576,6791.838,Pipeline Natural Gas,Diesel Oil,Combustion turbine,NA,NA,NA,NA,"CSNOX, CSOSG2, CSSO2G1, RGGI"
NY,Shoemaker,2632,1,NA,2019,64,39.29,1050.05,NA,0.006,0.001,1162.666,0.0593,5.54,0.5028,19563.077,Pipeline Natural Gas,Diesel Oil,Combustion turbine,NA,NA,NA,NA,"CSNOX, CSOSG2, CSSO2G1, RGGI"
NY,Shoemaker,2632,1,NA,2020,29,6.81,90.2,NA,0.001,9e-4,123.372,0.0594,0.433,0.2653,2075.403,Pipeline Natural Gas,Diesel Oil,Combustion turbine,NA,NA,NA,NA,"CSNOX, CSOSG2, CSSO2G1, RGGI"
NY,Shoemaker,2632,1,NA,2021,34,10.1,168.8,NA,0.001,0.001,209.321,0.0594,0.776,0.3013,3522.075,Pipeline Natural Gas,Diesel Oil,Combustion turbine,NA,NA,NA,NA,"CSNOX, CSOSG3, CSSO2G1, RGGI"
NY,Shoemaker,2632,1,NA,2022,49,17.95,399.84,NA,0.003,0.0012,465.821,0.0599,2.456,0.4598,7807.481,Pipeline Natural Gas,Diesel Oil,Combustion turbine,NA,NA,NA,NA,"CSNOX, CSOSG3, CSSO2G1, RGGI"
NY,Shoemaker,2632,1,NA,2023,69,36.85,945.29,NA,0.005,0.001,1007.219,0.0593,7.766,0.8573,16947.229,Pipeline Natural Gas,Diesel Oil,Combustion turbine,NA,NA,NA,NA,"CSNOX, CSOSG3, CSSO2G1, RGGI"
NY,Shoemaker,2632,1,NA,2024,38,12.17,291.24,NA,0.002,0.001,302.02,0.0593,0.184,0.0735,5082.32,Pipeline Natural Gas,Diesel Oil,Combustion turbine,NA,NA,NA,NA,"CSNOX, CSOSG2E, CSSO2G1, RGGI"
NY,Rochester 3 - Beebee Station,2640,12,NA,1995,NA,NA,NA,NA,7001,NA,459828,NA,1188,NA,4480619,Coal,NA,Tangentially-fired,NA,NA,Electrostatic Precipitator,NA,ARP
NY,Rochester 3 - Beebee Station,2640,12,NA,1996,NA,NA,NA,NA,6688.1,NA,423222,NA,1146,NA,4124950,Coal,NA,Tangentially-fired,NA,NA,Electrostatic Precipitator,NA,ARP
NY,Rochester 3 - Beebee Station,2640,12,NA,1997,7790,7783.75,450202.25,NA,7226.531,3.2218,451784.35,0.103,1201.501,0.5574,4403350.5,Coal,NA,Tangentially-fired,NA,NA,Electrostatic Precipitator,NA,ARP
NY,Rochester 3 - Beebee Station,2640,12,NA,1998,7892,7886.75,543312.25,NA,8508.234,3.1665,546199.525,0.103,1274.658,0.4759,5323595,Coal,NA,Tangentially-fired,NA,NA,Electrostatic Precipitator,NA,ARP
NY,Rochester 3 - Beebee Station,2640,12,NA,1999,2778,2775.75,155953.5,NA,2185.477,2.9836,148358.55,0.103,334.9,0.4596,1445996.775,Coal,NA,Tangentially-fired,NA,NA,Electrostatic Precipitator,NA,"ARP, OTC"
NY,Rochester 7 - Russell Station,2642,1,CS1,1995,NA,NA,NA,NA,3842.3,NA,369333.4,NA,593,NA,2332752,Coal,NA,Tangentially-fired,NA,NA,Electrostatic Precipitator,NA,ARP
NY,Rochester 7 - Russell Station,2642,1,CS1,1996,NA,NA,NA,NA,775.5,NA,48091.3,NA,123,NA,471315,Coal,NA,Tangentially-fired,NA,NA,Electrostatic Precipitator,NA,ARP
NY,Rochester 7 - Russell Station,2642,1,CS1,1997,5741,5726,185481.25,NA,3109.775,3.3277,188650.483,0.103,494.511,0.5314,1838695.948,Coal,NA,Tangentially-fired,NA,NA,Electrostatic Precipitator,NA,ARP
NY,Rochester 7 - Russell Station,2642,1,CS1,1998,6204,6200,190055.75,NA,3300.012,3.3139,204800.489,0.103,491.292,0.4857,1996114.417,Coal,NA,Tangentially-fired,NA,NA,Electrostatic Precipitator,NA,ARP
NY,Rochester 7 - Russell Station,2642,1,CS1,1999,7755,7748,228342.25,NA,3958.536,3.194,252942.346,0.103,503.125,0.4045,2465300.627,Coal,NA,Tangentially-fired,NA,NA,Electrostatic Precipitator,NA,"ARP, OTC"
NY,Rochester 7 - Russell Station,2642,1,CS1,2000,7798,7787.5,257586,NA,4796.642,3.3165,292996.44,0.103,591.39,0.4065,2855734.519,Coal,NA,Tangentially-fired,NA,NA,Electrostatic Precipitator,NA,"ARP, OTC"
NY,Rochester 7 - Russell Station,2642,1,CS1,2001,8035,8029.25,284722,NA,5017.529,3.1934,320935.999,0.103,673.332,0.4272,3128027.001,Coal,NA,Tangentially-fired,NA,NA,Electrostatic Precipitator,NA,"ARP, OTC"
NY,Rochester 7 - Russell Station,2642,1,CS1,2002,8482,8475.5,302604,NA,4961.441,3.1045,324255.282,0.103,688.616,0.4335,3160368.604,Coal,NA,Tangentially-fired,NA,NA,Electrostatic Precipitator,NA,"ARP, OTC"
NY,Rochester 7 - Russell Station,2642,1,CS1,2003,8109,8105.5,306307.25,NA,5127.925,3.2836,319395.131,0.103,619.915,0.3889,3113019.906,Coal,NA,Tangentially-fired,NA,"Selective Non-catalytic Reduction (Began May 21, 2003)",Electrostatic Precipitator,NA,"ARP, NBP"
NY,Rochester 7 - Russell Station,2642,1,CS1,2004,7852,7847.75,296110.25,NA,5025.216,3.2612,316012.169,0.103,602.452,0.3868,3080043.678,Coal,NA,Tangentially-fired,NA,Selective Non-catalytic Reduction,Electrostatic Precipitator,NA,"ARP, NBP"
NY,Rochester 7 - Russell Station,2642,1,CS1,2005,2606,2605.25,95392,NA,1574.444,3.1824,101307.94,0.103,186.624,0.3737,987400.395,Coal,NA,Tangentially-fired,NA,Selective Non-catalytic Reduction,Electrostatic Precipitator,NA,"ARP, NBP"
NY,Rochester 7 - Russell Station,2642,1,CS1,2006,8447,8443.75,236097.75,NA,4432.588,3.3799,269866.495,0.103,505.629,0.3835,2630255.634,Coal,NA,Tangentially-fired,NA,Selective Non-catalytic Reduction,Electrostatic Precipitator,NA,"ARP, NBP"
NY,Rochester 7 - Russell Station,2642,1,CS1,2007,6710,6703.75,224698.75,NA,4136.24,3.353,252405.217,0.103,462.861,0.3735,2460101.152,Coal,NA,Tangentially-fired,NA,Selective Non-catalytic Reduction,Electrostatic Precipitator,NA,"ARP, NBP"
NY,Rochester 7 - Russell Station,2642,1,CS1,2008,708,705.5,19664.75,NA,360.111,3.376,21878.378,0.103,40.469,0.371,213242.825,Coal,NA,Tangentially-fired,NA,"Selective Non-catalytic Reduction (Retired Jan 31, 2008)","Electrostatic Precipitator (Retired Jan 31, 2008)",NA,"ARP, CAIRNOX"
NY,Rochester 7 - Russell Station,2642,2,CS1,1995,NA,NA,NA,NA,5462.7,NA,525079.6,NA,875,NA,3550597,Coal,NA,Tangentially-fired,NA,NA,Electrostatic Precipitator,NA,ARP
NY,Rochester 7 - Russell Station,2642,2,CS1,1996,NA,NA,NA,NA,4478.5,NA,277730.7,NA,680,NA,2721873,Coal,NA,Tangentially-fired,NA,NA,Electrostatic Precipitator,NA,ARP
NY,Rochester 7 - Russell Station,2642,2,CS1,1997,6898,6885.5,332995.75,NA,5353.667,3.3058,325497.065,0.1029,827.464,0.5127,3172503.027,Coal,NA,Tangentially-fired,NA,NA,Electrostatic Precipitator,NA,ARP
NY,Rochester 7 - Russell Station,2642,2,CS1,1998,7674,7663,383598.25,NA,6395.294,3.3282,393233.111,0.103,917.455,0.4674,3832686.233,Coal,NA,Tangentially-fired,NA,NA,Electrostatic Precipitator,NA,ARP
NY,Rochester 7 - Russell Station,2642,2,CS1,1999,7497,7484.5,335342.25,NA,5730.386,3.2085,365073.127,0.103,750.482,0.4129,3558198.873,Coal,NA,Tangentially-fired,NA,NA,Electrostatic Precipitator,NA,"ARP, OTC"
NY,Rochester 7 - Russell Station,2642,2,CS1,2000,7689,7670,346485.75,NA,6324.298,3.3294,385523.29,0.103,773.755,0.4051,3757549.831,Coal,NA,Tangentially-fired,NA,"Low NOx Burner Technology w/ Closed-coupled OFA (Began May 04, 2000)",Electrostatic Precipitator,NA,"ARP, OTC"
NY,Rochester 7 - Russell Station,2642,2,CS1,2001,7598,7588.75,366604.75,NA,6352.87,3.1765,407926.103,0.103,857.832,0.4286,3975879.374,Coal,NA,Tangentially-fired,NA,Low NOx Burner Technology w/ Closed-coupled OFA,Electrostatic Precipitator,NA,"ARP, OTC"
NY,Rochester 7 - Russell Station,2642,2,CS1,2002,8549,8543.25,410294.5,NA,6707.661,3.1076,437507.818,0.103,926.552,0.4319,4264207.896,Coal,NA,Tangentially-fired,NA,Low NOx Burner Technology w/ Closed-coupled OFA,Electrostatic Precipitator,NA,"ARP, OTC"
NY,Rochester 7 - Russell Station,2642,2,CS1,2003,8082,8077.5,394830,NA,6562.247,3.2895,408934.468,0.103,777.951,0.382,3985718.994,Coal,NA,Tangentially-fired,NA,"Low NOx Burner Technology w/ Closed-coupled OFA|Selective Non-catalytic Reduction (Began Jan 28, 2003)",Electrostatic Precipitator,NA,"ARP, NBP"
NY,Rochester 7 - Russell Station,2642,2,CS1,2004,8166,8160,398294.5,NA,6704.424,3.2625,421205.131,0.103,790.437,0.3824,4105307.022,Coal,NA,Tangentially-fired,NA,Low NOx Burner Technology w/ Closed-coupled OFA|Selective Non-catalytic Reduction,Electrostatic Precipitator,NA,"ARP, NBP"
NY,Rochester 7 - Russell Station,2642,2,CS1,2005,6815,6809.75,249246,NA,4176.137,3.0946,272457.834,0.1029,518.832,0.3879,2655501.205,Coal,NA,Tangentially-fired,NA,Low NOx Burner Technology w/ Closed-coupled OFA|Selective Non-catalytic Reduction,Electrostatic Precipitator,NA,"ARP, NBP"
NY,Rochester 7 - Russell Station,2642,2,CS1,2006,7990,7979.75,324729,NA,6011.183,3.3704,367531.129,0.103,700.537,0.3868,3582143.167,Coal,NA,Tangentially-fired,NA,Low NOx Burner Technology w/ Closed-coupled OFA|Selective Non-catalytic Reduction,Electrostatic Precipitator,NA,"ARP, NBP"
NY,Rochester 7 - Russell Station,2642,2,CS1,2007,8459,8451.75,352761.75,NA,6341.826,3.3424,389022.658,0.103,722.375,0.3767,3791681.173,Coal,NA,Tangentially-fired,NA,Low NOx Burner Technology w/ Closed-coupled OFA|Selective Non-catalytic Reduction,Electrostatic Precipitator,NA,"ARP, NBP"
NY,Rochester 7 - Russell Station,2642,2,CS1,2008,1079,1078.5,43470,NA,789.488,3.4121,47410.971,0.103,88.695,0.3761,462099.425,Coal,NA,Tangentially-fired,NA,"Low NOx Burner Technology w/ Closed-coupled OFA (Retired Feb 14, 2008)|Selective Non-catalytic Reduction (Retired Feb 14, 2008)","Electrostatic Precipitator (Retired Feb 14, 2008)",NA,"ARP, CAIRNOX"
NY,Rochester 7 - Russell Station,2642,3,CS2,1995,NA,NA,NA,NA,5691.9,NA,377535.8,NA,781,NA,4139577,Coal,NA,Tangentially-fired,NA,Low NOx Burner Technology w/ Separated OFA,Electrostatic Precipitator,NA,ARP
NY,Rochester 7 - Russell Station,2642,3,CS2,1996,NA,NA,NA,NA,5726.7,NA,361357.6,NA,694,NA,3521988,Coal,NA,Tangentially-fired,NA,Low NOx Burner Technology w/ Separated OFA,Electrostatic Precipitator,NA,ARP
NY,Rochester 7 - Russell Station,2642,3,CS2,1997,7696,7682.75,368595,NA,5684.282,3.2266,358567.311,0.103,704.901,0.4121,3494800.508,Coal,NA,Tangentially-fired,NA,Low NOx Burner Technology w/ Separated OFA,Electrostatic Precipitator,NA,ARP
NY,Rochester 7 - Russell Station,2642,3,CS2,1998,6935,6922.5,357428.75,NA,5619.774,3.2577,354463.585,0.103,630.957,0.3667,3454808.956,Coal,NA,Tangentially-fired,NA,Low NOx Burner Technology w/ Separated OFA,Electrostatic Precipitator,NA,ARP
NY,Rochester 7 - Russell Station,2642,3,CS2,1999,8688,8685.75,410516.75,NA,6402.172,3.1761,412500.985,0.103,709.081,0.3524,4020499.121,Coal,NA,Tangentially-fired,NA,Low NOx Burner Technology w/ Separated OFA,Electrostatic Precipitator,NA,"ARP, OTC"
NY,Rochester 7 - Russell Station,2642,3,CS2,2000,8053,8044.75,373392.25,NA,5991.475,3.3254,367311.367,0.103,613.341,0.3439,3580025.033,Coal,NA,Tangentially-fired,NA,Low NOx Burner Technology w/ Separated OFA,Electrostatic Precipitator,NA,"ARP, OTC"
NY,Rochester 7 - Russell Station,2642,3,CS2,2001,7765,7757.5,403043,NA,6244.391,3.1992,400397.054,0.103,653.008,0.3346,3902484.695,Coal,NA,Tangentially-fired,NA,Low NOx Burner Technology w/ Separated OFA,Electrostatic Precipitator,NA,"ARP, OTC"
NY,Rochester 7 - Russell Station,2642,3,CS2,2002,8350,8348,418387.5,NA,6756.184,3.2364,426671.611,0.103,653.574,0.3125,4158574.373,Coal,NA,Tangentially-fired,NA,Low NOx Burner Technology w/ Separated OFA,Electrostatic Precipitator,NA,"ARP, OTC"
NY,Rochester 7 - Russell Station,2642,3,CS2,2003,7804,7798.75,365827,NA,5904.594,3.2848,368577.91,0.103,530.596,0.2943,3592376.965,Coal,NA,Tangentially-fired,NA,"Low NOx Burner Technology w/ Separated OFA|Selective Non-catalytic Reduction (Began Mar 05, 2003)",Electrostatic Precipitator,NA,"ARP, NBP"
NY,Rochester 7 - Russell Station,2642,3,CS2,2004,7712,7702.25,340621,NA,5436.114,3.2331,344945.041,0.103,505.488,0.3003,3362041.997,Coal,NA,Tangentially-fired,NA,Low NOx Burner Technology w/ Separated OFA|Selective Non-catalytic Reduction,Electrostatic Precipitator,NA,"ARP, NBP"
NY,Rochester 7 - Russell Station,2642,3,CS2,2005,7045,7034,229444.5,NA,3030.704,2.5146,244527.09,0.103,351.902,0.2956,2383295.7,Coal,NA,Tangentially-fired,NA,Low NOx Burner Technology w/ Separated OFA|Selective Non-catalytic Reduction,Electrostatic Precipitator,NA,"ARP, NBP"
NY,Rochester 7 - Russell Station,2642,3,CS2,2006,7445,7427.75,217006,NA,2995.902,2.6858,228510.566,0.103,316.841,0.2884,2227220.638,Coal,NA,Tangentially-fired,NA,Low NOx Burner Technology w/ Separated OFA|Selective Non-catalytic Reduction,Electrostatic Precipitator,NA,"ARP, NBP"
NY,Rochester 7 - Russell Station,2642,3,CS2,2007,8400,8392.5,278562.75,NA,4141.458,2.8116,301036.738,0.103,403.756,0.2782,2934087.712,Coal,NA,Tangentially-fired,NA,Low NOx Burner Technology w/ Separated OFA|Selective Non-catalytic Reduction,Electrostatic Precipitator,NA,"ARP, NBP"
NY,Rochester 7 - Russell Station,2642,3,CS2,2008,2649,2648.25,97555,NA,1580.969,3.2123,100874.118,0.103,150.947,0.3088,983193.486,Coal,NA,Tangentially-fired,NA,Low NOx Burner Technology w/ Separated OFA|Selective Non-catalytic Reduction,Electrostatic Precipitator,NA,"ARP, CAIRNOX"
NY,Rochester 7 - Russell Station,2642,4,CS2,1995,NA,NA,NA,NA,7405.1,NA,491175.2,NA,812,NA,4322670,Coal,NA,Tangentially-fired,NA,"Low NOx Burner Technology w/ Closed-coupled OFA (Began Mar 06, 1995)",Electrostatic Precipitator,NA,ARP
NY,Rochester 7 - Russell Station,2642,4,CS2,1996,NA,NA,NA,NA,7130.2,NA,449923.4,NA,867,NA,4385197,Coal,NA,Tangentially-fired,NA,Low NOx Burner Technology w/ Closed-coupled OFA,Electrostatic Precipitator,NA,ARP
NY,Rochester 7 - Russell Station,2642,4,CS2,1997,7792,7787.25,423008.75,NA,6534.671,3.257,408677.539,0.103,803.031,0.4172,3983230.792,Coal,NA,Tangentially-fired,NA,Low NOx Burner Technology w/ Closed-coupled OFA,Electrostatic Precipitator,NA,ARP
NY,Rochester 7 - Russell Station,2642,4,CS2,1998,7570,7561.25,545503,NA,8444.063,3.2438,533970.864,0.103,949.747,0.3663,5204376.869,Coal,NA,Tangentially-fired,NA,Low NOx Burner Technology w/ Closed-coupled OFA,Electrostatic Precipitator,NA,ARP
NY,Rochester 7 - Russell Station,2642,4,CS2,1999,7688,7668.25,526535,NA,8216.286,3.1985,526919.64,0.103,905.28,0.356,5135688.279,Coal,NA,Tangentially-fired,NA,Low NOx Burner Technology w/ Closed-coupled OFA,Electrostatic Precipitator,NA,"ARP, OTC"
NY,Rochester 7 - Russell Station,2642,4,CS2,2000,8004,7995.25,525254.5,NA,8398.608,3.3218,515928.932,0.103,871.449,0.3479,5028565.467,Coal,NA,Tangentially-fired,NA,Low NOx Burner Technology w/ Closed-coupled OFA,Electrostatic Precipitator,NA,"ARP, OTC"
NY,Rochester 7 - Russell Station,2642,4,CS2,2001,8484,8475.75,631840.5,NA,9715.817,3.183,624348.272,0.103,1021.041,0.3348,6085249.105,Coal,NA,Tangentially-fired,NA,Low NOx Burner Technology w/ Closed-coupled OFA,Electrostatic Precipitator,NA,"ARP, OTC"
NY,Rochester 7 - Russell Station,2642,4,CS2,2002,6929,6920.5,492249.5,NA,7969.406,3.2576,500799.889,0.103,796.012,0.3246,4881063.177,Coal,NA,Tangentially-fired,NA,Low NOx Burner Technology w/ Closed-coupled OFA,Electrostatic Precipitator,NA,"ARP, OTC"
NY,Rochester 7 - Russell Station,2642,4,CS2,2003,7838,7831,579768.75,NA,9284.982,3.2849,579849.19,0.103,865.849,0.3043,5651568.535,Coal,NA,Tangentially-fired,NA,"Low NOx Burner Technology w/ Closed-coupled OFA|Selective Non-catalytic Reduction (Began Apr 15, 2003)",Electrostatic Precipitator,NA,"ARP, NBP"
NY,Rochester 7 - Russell Station,2642,4,CS2,2004,8061,8054.25,615870,NA,9739.374,3.2299,618750.26,0.103,930.145,0.3077,6030693.203,Coal,NA,Tangentially-fired,NA,Low NOx Burner Technology w/ Closed-coupled OFA|Selective Non-catalytic Reduction,Electrostatic Precipitator,NA,"ARP, NBP"
NY,Rochester 7 - Russell Station,2642,4,CS2,2005,7785,7770.5,486526.25,NA,6578.854,2.5957,506974.062,0.103,761.205,0.3109,4941248.7,Coal,NA,Tangentially-fired,NA,Low NOx Burner Technology w/ Closed-coupled OFA|Selective Non-catalytic Reduction,Electrostatic Precipitator,NA,"ARP, NBP"
NY,Rochester 7 - Russell Station,2642,4,CS2,2006,7192,7181,412053.25,NA,6069.463,2.9454,420458.06,0.103,588.707,0.2893,4098067.012,Coal,NA,Tangentially-fired,NA,Low NOx Burner Technology w/ Closed-coupled OFA|Selective Non-catalytic Reduction,Electrostatic Precipitator,NA,"ARP, NBP"
NY,Rochester 7 - Russell Station,2642,4,CS2,2007,7700,7681.5,459209.5,NA,7099.421,2.9448,490791.463,0.103,683.967,0.2854,4783548.188,Coal,NA,Tangentially-fired,NA,Low NOx Burner Technology w/ Closed-coupled OFA|Selective Non-catalytic Reduction,Electrostatic Precipitator,NA,"ARP, NBP"
NY,Rochester 7 - Russell Station,2642,4,CS2,2008,2084,2082.75,117078.25,NA,1916.579,3.2222,121311.982,0.103,187.095,0.3258,1182397.714,Coal,NA,Tangentially-fired,NA,Low NOx Burner Technology w/ Closed-coupled OFA|Selective Non-catalytic Reduction,Electrostatic Precipitator,NA,"ARP, CAIRNOX"
NY,Freeport Power Plant No. 2,2679,5,NA,2004,752,608.25,24540,NA,0.116,0.0021,10549.1,0.06,25.719,0.2103,257175.175,Pipeline Natural Gas,Diesel Oil,"Combustion turbine (Started Mar 04, 2004)",NA,Water Injection|Selective Catalytic Reduction,NA,NA,"ARP, NBP"
NY,Freeport Power Plant No. 2,2679,5,NA,2005,1616,1377,61007.25,NA,0.421,0.002,36628.825,0.0599,4.014,0.0221,610800.5,Pipeline Natural Gas,Diesel Oil,Combustion turbine,NA,Water Injection|Selective Catalytic Reduction,NA,NA,"ARP, NBP"
NY,Freeport Power Plant No. 2,2679,5,NA,2006,1238,1020.75,42658.5,NA,0.13,0.001,25673.45,0.0592,3.596,0.0405,432017.025,Pipeline Natural Gas,Diesel Oil,Combustion turbine,NA,Water Injection|Selective Catalytic Reduction,NA,NA,"ARP, NBP"
NY,Freeport Power Plant No. 2,2679,5,NA,2007,1758,1443.25,56342.75,NA,0.249,0.0014,35049.6,0.0595,5.447,0.0413,588095.575,Pipeline Natural Gas,Diesel Oil,Combustion turbine,NA,Water Injection|Selective Catalytic Reduction,NA,NA,"ARP, NBP"
NY,Freeport Power Plant No. 2,2679,5,NA,2008,1169,996.5,38243.5,NA,0.24,0.0018,23709.95,0.0598,2.946,0.0369,396149.025,Pipeline Natural Gas,Diesel Oil,Combustion turbine,NA,Water Injection|Selective Catalytic Reduction,NA,NA,"ARP, CAIRNOX, CAIROS, NBP"
NY,Freeport Power Plant No. 2,2679,5,NA,2009,1324,1133.01,47411.58,NA,0.152,9e-4,27683.004,0.0592,2.731,0.0356,465815.279,Pipeline Natural Gas,Diesel Oil,Combustion turbine,NA,Water Injection|Selective Catalytic Reduction,NA,NA,"ARP, CAIRNOX, CAIROS, CAIRSO2, RGGI"
NY,Freeport Power Plant No. 2,2679,5,NA,2010,1559,1380.25,55809.5,NA,0.183,8e-4,33486.8,0.0592,3.873,0.0354,563495.35,Pipeline Natural Gas,Diesel Oil,Combustion turbine,NA,Water Injection|Selective Catalytic Reduction,NA,NA,"ARP, CAIRNOX, CAIROS, CAIRSO2, RGGI"
NY,Freeport Power Plant No. 2,2679,5,NA,2011,1544,1343,53102.5,NA,0.161,7e-4,31810.575,0.0591,4.131,0.0456,535299.475,Pipeline Natural Gas,Diesel Oil,Combustion turbine,NA,Water Injection|Selective Catalytic Reduction,NA,NA,"ARP, CAIRNOX, CAIROS, CAIRSO2, RGGI"
NY,Freeport Power Plant No. 2,2679,5,NA,2012,1451,1253.25,49027.75,NA,0.139,7e-4,29183.9,0.0593,3.644,0.0505,491080.775,Pipeline Natural Gas,Diesel Oil,Combustion turbine,NA,Water Injection|Selective Catalytic Reduction,NA,NA,"ARP, CAIRNOX, CAIROS, CAIRSO2, RGGI"
NY,Freeport Power Plant No. 2,2679,5,NA,2013,1763,1603,65126.75,NA,0.188,8e-4,37849.925,0.0592,4.613,0.04,636911.225,Pipeline Natural Gas,Diesel Oil,Combustion turbine,NA,Water Injection|Selective Catalytic Reduction,NA,NA,"ARP, CAIRNOX, CAIROS, CAIRSO2, RGGI"
NY,Freeport Power Plant No. 2,2679,5,NA,2014,1458,1272.5,53174.75,NA,0.175,9e-4,31028.45,0.0596,3.926,0.0482,519869.525,Pipeline Natural Gas,Diesel Oil,Combustion turbine,NA,Water Injection|Selective Catalytic Reduction,NA,NA,"ARP, CAIRNOX, CAIROS, CAIRSO2, RGGI"
NY,Freeport Power Plant No. 2,2679,5,NA,2015,1230,1046,42924.25,NA,0.168,0.001,25255.55,0.0597,3.276,0.0561,422726.15,Pipeline Natural Gas,Diesel Oil,Combustion turbine,NA,Water Injection|Selective Catalytic Reduction,NA,NA,"ARP, CSNOX, CSNOXOS, CSSO2G1, RGGI"
NY,Freeport Power Plant No. 2,2679,5,NA,2016,1349,1147.5,46285.5,NA,0.153,8e-4,27444.7,0.0594,3.283,0.0523,461145.6,Pipeline Natural Gas,Diesel Oil,Combustion turbine,NA,Water Injection|Selective Catalytic Reduction,NA,NA,"ARP, CSNOX, CSNOXOS, CSSO2G1, RGGI"
NY,Freeport Power Plant No. 2,2679,5,NA,2017,1198,1014.75,39597,NA,0.126,6e-4,23661.9,0.0595,4.079,0.0675,396703.875,Pipeline Natural Gas,Diesel Oil,Combustion turbine,NA,Water Injection|Selective Catalytic Reduction,NA,NA,"ARP, CSNOX, CSOSG2, CSSO2G1, RGGI"
NY,Freeport Power Plant No. 2,2679,5,NA,2018,1325,1131,43827,NA,0.19,0.001,26191.625,0.0601,7.603,0.0722,434636.1,Pipeline Natural Gas,Diesel Oil,Combustion turbine,NA,Water Injection|Selective Catalytic Reduction,NA,NA,"ARP, CSNOX, CSOSG2, CSSO2G1, RGGI"
NY,Freeport Power Plant No. 2,2679,5,NA,2019,471,379.5,13872.75,NA,0.053,0.001,8428.95,0.0598,1.165,0.0597,140612,Pipeline Natural Gas,Diesel Oil,Combustion turbine,NA,Water Injection|Selective Catalytic Reduction,NA,NA,"ARP, CSNOX, CSOSG2, CSSO2G1, RGGI"
NY,Freeport Power Plant No. 2,2679,5,NA,2020,339,283.5,10387,NA,0.028,0.001,6297.15,0.0593,0.759,0.0519,105952.35,Pipeline Natural Gas,Diesel Oil,Combustion turbine,NA,Water Injection|Selective Catalytic Reduction,NA,NA,"ARP, CSNOX, CSOSG2, CSSO2G1, RGGI"
NY,Freeport Power Plant No. 2,2679,5,NA,2021,1922,1658,62808,NA,0.247,0.0012,38029.525,0.0599,4.4,0.0456,633352.175,Pipeline Natural Gas,Diesel Oil,Combustion turbine,NA,Water Injection|Selective Catalytic Reduction,NA,NA,"ARP, CSNOX, CSOSG3, CSSO2G1, RGGI"
NY,Freeport Power Plant No. 2,2679,5,NA,2022,1807,1461.87,55634.49,NA,0.317,0.0017,33644.378,0.0605,3.816,0.058,556274.26,Pipeline Natural Gas,Diesel Oil,Combustion turbine,NA,Water Injection|Selective Catalytic Reduction,NA,NA,"ARP, CSNOX, CSOSG3, CSSO2G1, RGGI"
NY,Freeport Power Plant No. 2,2679,5,NA,2023,812,626.85,24494.33,NA,0.083,0.0012,14518.049,0.0594,1.512,0.0661,244081.546,Pipeline Natural Gas,Diesel Oil,Combustion turbine,NA,Water Injection|Selective Catalytic Reduction,NA,NA,"ARP, CSNOX, CSOSG3, CSSO2G1, RGGI"
NY,Freeport Power Plant No. 2,2679,5,NA,2024,944,749.45,31177.92,NA,0.092,0.001,18267.469,0.0592,1.741,0.0588,307389.383,Pipeline Natural Gas,Diesel Oil,Combustion turbine,NA,Water Injection|Selective Catalytic Reduction,NA,NA,"ARP, CSNOX, CSOSG2E, CSSO2G1, RGGI"
NY,Freeport Power Plant No. 2,2679,CT3,NA,2021,37,28.7,286.22,NA,NA,NA,651.3,0.081,NA,NA,8036,Diesel Oil,NA,Combustion turbine,NA,NA,NA,NA,RGGI
NY,Freeport Power Plant No. 2,2679,CT3,NA,2022,50,34.22,321.48,NA,NA,NA,776.6,0.081,NA,NA,9581.6,Diesel Oil,NA,Combustion turbine,NA,NA,NA,NA,RGGI
NY,Freeport Power Plant No. 2,2679,CT3,NA,2023,10,5.63,54.77,NA,NA,NA,127.8,0.0808,NA,NA,1576.4,Diesel Oil,NA,Combustion turbine,NA,NA,NA,NA,RGGI
NY,Freeport Power Plant No. 2,2679,CT3,NA,2024,9,6.6,69.75,NA,NA,NA,149.7,0.081,NA,NA,1848,Diesel Oil,NA,Combustion turbine,NA,NA,NA,NA,RGGI
NY,S A Carlson,2682,10,CS0002,1995,NA,NA,NA,NA,871.9,NA,62585.9,NA,207,NA,601258,Coal,NA,Dry bottom wall-fired boiler,NA,Low NOx Burner Technology (Dry Bottom only),Electrostatic Precipitator,NA,ARP
NY,S A Carlson,2682,10,CS0002,1996,NA,NA,NA,NA,1036.7,NA,78322.3,NA,193,NA,763887,Coal,NA,Dry bottom wall-fired boiler,NA,Low NOx Burner Technology (Dry Bottom only),Electrostatic Precipitator,NA,ARP
NY,S A Carlson,2682,10,CS0002,1997,6199,6194.25,NA,512490.75,1167.723,2.9149,82351.639,0.1027,191.023,0.4729,802626.203,Coal,NA,Dry bottom wall-fired boiler,NA,Low NOx Burner Technology (Dry Bottom only),Electrostatic Precipitator,NA,ARP
NY,S A Carlson,2682,10,CS0002,1998,3028,3021.75,NA,231759.75,539.079,3.1277,35386.798,0.1026,80.501,0.4638,344921.192,Coal,NA,Dry bottom wall-fired boiler,NA,Low NOx Burner Technology (Dry Bottom only),Electrostatic Precipitator,NA,ARP
NY,S A Carlson,2682,10,CS0002,1999,4655,4645.25,NA,321635.75,636.569,2.6519,48889.858,0.1026,110.305,0.4627,476482.278,Coal,NA,Dry bottom wall-fired boiler,NA,Low NOx Burner Technology (Dry Bottom only),Electrostatic Precipitator,NA,"ARP, OTC"
NY,S A Carlson,2682,10,CS0002,2000,4615,4603.25,NA,319475.5,644.735,2.5108,52222.339,0.1027,117.193,0.4591,509025.085,Coal,NA,Dry bottom wall-fired boiler,NA,Low NOx Burner Technology (Dry Bottom only),Electrostatic Precipitator,NA,"ARP, OTC"
NY,S A Carlson,2682,10,CS0002,2001,5011,4999.25,NA,383901.5,910.609,2.7003,69101.43,0.1027,144.715,0.4269,673534.421,Coal,NA,Dry bottom wall-fired boiler,NA,Low NOx Burner Technology (Dry Bottom only),Electrostatic Precipitator,NA,"ARP, OTC"
NY,S A Carlson,2682,10,CS0002,2002,2591,2575.5,NA,214822,451.71,2.6743,34036.237,0.1026,73.577,0.4339,331725.362,Coal,NA,Dry bottom wall-fired boiler,NA,Low NOx Burner Technology (Dry Bottom only),Electrostatic Precipitator,NA,"ARP, OTC"
NY,S A Carlson,2682,10,CS0002,2003,3965,3952,NA,326096.25,695.495,2.6984,53041.612,0.1026,114.152,0.432,516980.274,Coal,NA,Dry bottom wall-fired boiler,NA,Low NOx Burner Technology (Dry Bottom only),Electrostatic Precipitator,NA,"ARP, NBP"
NY,S A Carlson,2682,10,CS0002,2004,5087,5077.75,NA,400596.5,968.654,3.0313,65088.55,0.1026,137.82,0.4268,634380.887,Coal,NA,Dry bottom wall-fired boiler,NA,Low NOx Burner Technology (Dry Bottom only),Electrostatic Precipitator,NA,"ARP, NBP"
NY,S A Carlson,2682,10,CS0002,2005,4039,4029.75,NA,316923.25,757.23,2.8767,53893.025,0.1026,112.311,0.4213,525285.725,Coal,NA,Dry bottom wall-fired boiler,NA,Low NOx Burner Technology (Dry Bottom only),Electrostatic Precipitator,NA,"ARP, NBP"
NY,S A Carlson,2682,10,CS0002,2006,2135,2130.25,NA,160208,266.711,2.5684,21043.162,0.1026,43.7,0.4196,205094.325,Coal,NA,Dry bottom wall-fired boiler,NA,Low NOx Burner Technology (Dry Bottom only),Electrostatic Precipitator,NA,"ARP, NBP"
NY,S A Carlson,2682,10,CS0002,2007,2372,2365.75,NA,178834.25,291.127,2.5784,23283.5,0.1026,49.79,0.4337,226942.025,Coal,NA,Dry bottom wall-fired boiler,NA,Low NOx Burner Technology (Dry Bottom only),Electrostatic Precipitator,NA,"ARP, NBP"
NY,S A Carlson,2682,10,CS0002,2008,2954,2941.75,NA,217053,532.728,3.0295,37002.287,0.1025,83.544,0.446,360726.712,Coal,NA,Dry bottom wall-fired boiler,NA,Low NOx Burner Technology (Dry Bottom only),Electrostatic Precipitator,NA,"ARP, CAIRNOX, CAIROS, NBP"
NY,S A Carlson,2682,10,CS0002,2009,3325,3320,NA,222893.75,457.242,2.6789,35232.675,0.1026,71.342,0.4077,343392.975,Coal,NA,Dry bottom wall-fired boiler,NA,Low NOx Burner Technology (Dry Bottom only),Electrostatic Precipitator,NA,"ARP, CAIRNOX, CAIROS, CAIRSO2"
NY,S A Carlson,2682,10,CS0002,2010,2484,2478,NA,168743.25,355.277,2.618,28117.35,0.1026,54.864,0.3981,274055.475,Coal,NA,Dry bottom wall-fired boiler,NA,Low NOx Burner Technology (Dry Bottom only),Electrostatic Precipitator,NA,"ARP, CAIRNOX, CAIROS, CAIRSO2"
NY,S A Carlson,2682,10,CS0002,2011,1195,1193.5,NA,77503.25,198.984,2.9086,13964.15,0.1027,27.868,0.4082,136077.725,Coal,NA,Dry bottom wall-fired boiler,NA,Low NOx Burner Technology (Dry Bottom only),Electrostatic Precipitator,NA,"ARP, CAIRNOX, CAIROS, CAIRSO2"
NY,S A Carlson,2682,10,CS0002,2012,0,0,NA,NA,NA,NA,NA,NA,NA,NA,NA,Coal,NA,Dry bottom wall-fired boiler,NA,Low NOx Burner Technology (Dry Bottom only),Electrostatic Precipitator,NA,"ARP, CAIRNOX, CAIROS, CAIRSO2"
NY,S A Carlson,2682,10,NA,2013,0,0,NA,NA,NA,NA,NA,NA,NA,NA,NA,Pipeline Natural Gas,NA,Dry bottom wall-fired boiler,NA,Low NOx Burner Technology (Dry Bottom only),NA,NA,"ARP, CAIRNOX, CAIROS, CAIRSO2"
NY,S A Carlson,2682,10,NA,2014,394,394,NA,NA,0.004,2e-4,1691.9,0.0589,17.682,1.2698,28694.9,Pipeline Natural Gas,NA,Dry bottom wall-fired boiler,NA,Low NOx Burner Technology (Dry Bottom only),NA,NA,"ARP, CAIRNOX, CAIROS, CAIRSO2"
NY,S A Carlson,2682,10,NA,2015,699,699,NA,NA,0.009,3e-4,3329.2,0.059,0.935,0.033,56521.6,Pipeline Natural Gas,NA,Dry bottom wall-fired boiler,NA,Low NOx Burner Technology (Dry Bottom only),NA,NA,"ARP, CSNOX, CSNOXOS, CSSO2G1"
NY,S A Carlson,2682,10,NA,2016,720,720,NA,NA,0.007,2e-4,3522.4,0.059,1.48,0.0495,59741.2,Pipeline Natural Gas,NA,Dry bottom wall-fired boiler,NA,Low NOx Burner Technology (Dry Bottom only),NA,NA,"ARP, CSNOX, CSNOXOS, CSSO2G1"
NY,S A Carlson,2682,10,NA,2017,245,245,NA,NA,0.008,6e-4,1597.3,0.0589,0.679,0.05,27112,Pipeline Natural Gas,NA,Dry bottom wall-fired boiler,NA,Low NOx Burner Technology (Dry Bottom only),NA,NA,"ARP, CSNOX, CSOSG2, CSSO2G1"
NY,S A Carlson,2682,10,NA,2018,175,175,NA,NA,0.002,2e-4,596.5,0.059,0.252,0.05,10084.8,Pipeline Natural Gas,NA,Dry bottom wall-fired boiler,NA,Low NOx Burner Technology (Dry Bottom only),NA,NA,"ARP, CSNOX, CSOSG2, CSSO2G1"
NY,S A Carlson,2682,10,NA,2019,119,119,NA,NA,0.003,5e-4,660.6,0.0591,0.28,0.0504,11182.4,Pipeline Natural Gas,NA,Dry bottom wall-fired boiler,NA,Low NOx Burner Technology (Dry Bottom only),NA,NA,"ARP, CSNOX, CSOSG2, CSSO2G1"
NY,S A Carlson,2682,10,NA,2020,197,197,NA,NA,0.005,4e-4,1053.1,0.0591,0.453,0.051,17842.4,Pipeline Natural Gas,NA,Dry bottom wall-fired boiler,NA,Low NOx Burner Technology (Dry Bottom only),NA,NA,"ARP, CSNOX, CSOSG2, CSSO2G1"
NY,S A Carlson,2682,10,NA,2021,99,99,NA,NA,0.001,1e-4,427.5,0.0591,0.204,0.0559,7255.2,Pipeline Natural Gas,NA,Dry bottom wall-fired boiler,NA,Low NOx Burner Technology (Dry Bottom only),NA,NA,"ARP, CSNOX, CSOSG3, CSSO2G1, RGGI"
NY,S A Carlson,2682,10,NA,2022,90,90,NA,NA,0.003,5e-4,524.5,0.0588,0.249,0.0562,8886.8,Pipeline Natural Gas,NA,Dry bottom wall-fired boiler,NA,Low NOx Burner Technology (Dry Bottom only),NA,NA,"ARP, CSNOX, CSOSG3, CSSO2G1, RGGI"
NY,S A Carlson,2682,10,NA,2023,54,54,NA,NA,0.001,5e-4,198.6,0.0594,0.094,0.056,3350.6,Pipeline Natural Gas,NA,Dry bottom wall-fired boiler,NA,Low NOx Burner Technology (Dry Bottom only),NA,NA,"ARP, CSNOX, CSOSG3, CSSO2G1, RGGI"
NY,S A Carlson,2682,10,NA,2024,157,157,NA,NA,0.003,4e-4,777.9,0.0592,0.37,0.0561,13189,Pipeline Natural Gas,NA,Dry bottom wall-fired boiler,NA,Low NOx Burner Technology (Dry Bottom only),NA,NA,"ARP, CSNOX, CSOSG2E, CSSO2G1, RGGI"
NY,S A Carlson,2682,11,CS0002,1995,NA,NA,NA,NA,374.1,NA,26849.1,NA,89,NA,259905,Coal,NA,Dry bottom wall-fired boiler,NA,NA,Electrostatic Precipitator,NA,ARP
NY,S A Carlson,2682,11,CS0002,1996,NA,NA,NA,NA,374.4,NA,28281.7,NA,125,NA,275012,Coal,NA,Dry bottom wall-fired boiler,NA,NA,Electrostatic Precipitator,NA,ARP
NY,S A Carlson,2682,11,CS0002,1997,4515,4504,NA,310051.5,699.843,2.7898,51130.861,0.1027,116.819,0.4641,498347.997,Coal,NA,Dry bottom wall-fired boiler,NA,"Low NOx Burner Technology (Dry Bottom only) (Began Oct 01, 1997)",Electrostatic Precipitator,NA,ARP
NY,S A Carlson,2682,11,CS0002,1998,6341,6335.75,NA,425474.25,1032.814,3.1386,67429.177,0.1026,152.453,0.462,657199.508,Coal,NA,Dry bottom wall-fired boiler,NA,Low NOx Burner Technology (Dry Bottom only),Electrostatic Precipitator,NA,ARP
NY,S A Carlson,2682,11,CS0002,1999,5178,5174.5,NA,342820,709.235,2.7896,52462.668,0.1026,116.823,0.4543,511339.197,Coal,NA,Dry bottom wall-fired boiler,NA,Low NOx Burner Technology (Dry Bottom only),Electrostatic Precipitator,NA,"ARP, OTC"
NY,S A Carlson,2682,11,CS0002,2000,6401,6392.25,NA,432975,874.852,2.4155,74158.51,0.1027,164.888,0.4565,722804.965,Coal,NA,Dry bottom wall-fired boiler,NA,Low NOx Burner Technology (Dry Bottom only),Electrostatic Precipitator,NA,"ARP, OTC"
NY,S A Carlson,2682,11,CS0002,2001,3083,3073.25,NA,200913,492.828,2.6867,38265.52,0.1025,77.147,0.4105,372987.254,Coal,NA,Dry bottom wall-fired boiler,NA,Low NOx Burner Technology (Dry Bottom only),Electrostatic Precipitator,NA,"ARP, OTC"
NY,S A Carlson,2682,11,CS0002,2002,1439,1434,NA,93409,208.708,2.2918,18720.387,0.1026,38.044,0.4162,182465.237,Coal,NA,Dry bottom wall-fired boiler,NA,Low NOx Burner Technology (Dry Bottom only),Electrostatic Precipitator,NA,"ARP, OTC"
NY,S A Carlson,2682,11,CS0002,2003,3,0.75,NA,NA,0.008,1.5327,0.762,0.0997,0.001,0.1577,7.524,Coal,NA,Dry bottom wall-fired boiler,NA,Low NOx Burner Technology (Dry Bottom only),Electrostatic Precipitator,NA,"ARP, NBP"
NY,S A Carlson,2682,11,CS0002,2004,2,0.75,NA,NA,0.003,2.042,0.325,0.098,0,0.141,3.312,Coal,NA,Dry bottom wall-fired boiler,NA,Low NOx Burner Technology (Dry Bottom only),Electrostatic Precipitator,NA,"ARP, NBP"
NY,S A Carlson,2682,11,CS0002,2005,0,0,NA,NA,NA,NA,NA,NA,NA,NA,NA,Coal,NA,Dry bottom wall-fired boiler,NA,Low NOx Burner Technology (Dry Bottom only),Electrostatic Precipitator,NA,"ARP, NBP"
NY,S A Carlson,2682,11,CS0002,2006,1,0.25,NA,NA,0.003,2.01,0.262,0.102,0,0.217,2.575,Coal,NA,Dry bottom wall-fired boiler,NA,Low NOx Burner Technology (Dry Bottom only),Electrostatic Precipitator,NA,"ARP, NBP"
NY,S A Carlson,2682,11,CS0002,2007,2,1.25,NA,NA,0.002,1.034,0.325,0.0925,0,0.1425,3.4,Coal,NA,Dry bottom wall-fired boiler,NA,Low NOx Burner Technology (Dry Bottom only),Electrostatic Precipitator,NA,"ARP, NBP"
NY,S A Carlson,2682,11,CS0002,2008,13,5.25,NA,NA,0.214,17.1708,13.562,0.0968,0.029,0.2461,12.762,Coal,NA,Dry bottom wall-fired boiler,NA,Low NOx Burner Technology (Dry Bottom only),Electrostatic Precipitator,NA,"ARP, CAIRNOX, CAIROS, NBP"
NY,S A Carlson,2682,11,CS0002,2009,0,0,NA,NA,NA,NA,NA,NA,NA,NA,NA,Coal,NA,Dry bottom wall-fired boiler,NA,Low NOx Burner Technology (Dry Bottom only),Electrostatic Precipitator,NA,"ARP, CAIRNOX, CAIROS, CAIRSO2"
NY,S A Carlson,2682,11,CS0002,2010,0,0,NA,NA,NA,NA,NA,NA,NA,NA,NA,Coal,NA,Dry bottom wall-fired boiler,NA,Low NOx Burner Technology (Dry Bottom only),Electrostatic Precipitator,NA,"ARP, CAIRNOX, CAIROS, CAIRSO2"
NY,S A Carlson,2682,11,CS0002,2011,0,0,NA,NA,NA,NA,NA,NA,NA,NA,NA,Coal,NA,Dry bottom wall-fired boiler,NA,Low NOx Burner Technology (Dry Bottom only),Electrostatic Precipitator,NA,"ARP, CAIRNOX, CAIROS, CAIRSO2"
NY,S A Carlson,2682,11,CS0002,2012,0,0,NA,NA,NA,NA,NA,NA,NA,NA,NA,Coal,NA,Dry bottom wall-fired boiler,NA,Low NOx Burner Technology (Dry Bottom only),Electrostatic Precipitator,NA,"ARP, CAIRNOX, CAIROS, CAIRSO2"
NY,S A Carlson,2682,12,CS0001,1995,NA,NA,NA,NA,1343.4,NA,95866,NA,353,NA,922966,Coal,NA,Dry bottom wall-fired boiler,NA,Low NOx Burner Technology (Dry Bottom only),Electrostatic Precipitator,NA,ARP
NY,S A Carlson,2682,12,CS0001,1996,NA,NA,NA,NA,1098.3,NA,80989.2,NA,257,NA,787793,Coal,NA,Dry bottom wall-fired boiler,NA,Low NOx Burner Technology (Dry Bottom only),Electrostatic Precipitator,NA,ARP
NY,S A Carlson,2682,12,CS0001,1997,6225,6220,NA,607498,1449.288,2.9237,102080.421,0.1027,221.853,0.447,994979.591,Coal,NA,Dry bottom wall-fired boiler,NA,Low NOx Burner Technology (Dry Bottom only),Electrostatic Precipitator,NA,ARP
NY,S A Carlson,2682,12,CS0001,1998,7314,7309.5,NA,760790,1795.1,3.0997,118167.515,0.1027,248.165,0.4279,1151719.527,Coal,NA,Dry bottom wall-fired boiler,NA,Low NOx Burner Technology (Dry Bottom only),Electrostatic Precipitator,NA,ARP
NY,S A Carlson,2682,12,CS0001,1999,4824,4819.5,NA,487533.75,1056.03,2.9383,73763.618,0.1027,148.911,0.4124,718925.057,Coal,NA,Dry bottom wall-fired boiler,NA,Low NOx Burner Technology (Dry Bottom only),Electrostatic Precipitator,NA,"ARP, OTC"
NY,S A Carlson,2682,12,CS0001,2000,6324,6313.75,NA,633178,1229.581,2.4538,102420.35,0.1027,201.251,0.4019,998321.891,Coal,NA,Dry bottom wall-fired boiler,NA,Low NOx Burner Technology (Dry Bottom only),Electrostatic Precipitator,NA,"ARP, OTC"
NY,S A Carlson,2682,12,CS0001,2001,5473,5460.25,NA,512614.5,1079.508,2.7138,82645.816,0.1027,167.034,0.4126,805538.624,Coal,NA,Dry bottom wall-fired boiler,NA,Low NOx Burner Technology (Dry Bottom only),Electrostatic Precipitator,NA,"ARP, OTC"
NY,S A Carlson,2682,12,CS0001,2002,7400,7384.5,NA,867673.75,1679.651,2.5361,137029.103,0.1028,272.534,0.404,1335544.528,Coal,NA,Dry bottom wall-fired boiler,NA,Low NOx Burner Technology (Dry Bottom only),Electrostatic Precipitator,NA,"ARP, OTC"
NY,S A Carlson,2682,12,CS0001,2003,6326,6312.5,NA,920395.75,1798.571,2.591,141869.377,0.1028,293.099,0.4208,1382759.505,Coal,NA,Dry bottom wall-fired boiler,NA,Low NOx Burner Technology (Dry Bottom only),Electrostatic Precipitator,NA,"ARP, NBP"
NY,S A Carlson,2682,12,CS0001,2004,6696,6681,NA,870054,1915.252,3.0379,129027.099,0.1028,259.691,0.4122,1257608.983,Coal,NA,Dry bottom wall-fired boiler,NA,Low NOx Burner Technology (Dry Bottom only),Electrostatic Precipitator,NA,"ARP, NBP"
NY,S A Carlson,2682,12,CS0001,2005,5950,5938.25,NA,729264.5,1670.355,2.8758,115365.978,0.1028,222.31,0.3946,1124399.984,Coal,NA,Dry bottom wall-fired boiler,NA,Low NOx Burner Technology (Dry Bottom only),Electrostatic Precipitator,NA,"ARP, NBP"
NY,S A Carlson,2682,12,CS0001,2006,7090,7085,NA,711164.75,1664.718,2.6465,128864.085,0.1028,241.436,0.384,1255960.382,Coal,NA,Dry bottom wall-fired boiler,NA,Low NOx Burner Technology (Dry Bottom only),Electrostatic Precipitator,NA,"ARP, NBP"
NY,S A Carlson,2682,12,CS0001,2007,6574,6567.75,NA,797816.25,1760.135,2.5371,142005.475,0.1028,277.018,0.4006,1384081.405,Coal,NA,Dry bottom wall-fired boiler,NA,Low NOx Burner Technology (Dry Bottom only),Electrostatic Precipitator,NA,"ARP, NBP"
NY,S A Carlson,2682,12,CS0001,2008,6429,6417.5,NA,681662.75,1688.179,2.899,118092.163,0.1028,229.216,0.3967,1150982.455,Coal,NA,Dry bottom wall-fired boiler,NA,Low NOx Burner Technology (Dry Bottom only),Electrostatic Precipitator,NA,"ARP, CAIRNOX, CAIROS, NBP"
NY,S A Carlson,2682,12,CS0001,2009,3899,3891,NA,398053.5,881.556,2.6486,67464.589,0.1027,123.056,0.3696,657507.425,Coal,NA,Dry bottom wall-fired boiler,NA,Low NOx Burner Technology (Dry Bottom only),Electrostatic Precipitator,NA,"ARP, CAIRNOX, CAIROS, CAIRSO2"
NY,S A Carlson,2682,12,CS0001,2010,2986,2980,NA,280978,563.84,2.4605,46239.851,0.1027,86.926,0.3805,450660.225,Coal,NA,Dry bottom wall-fired boiler,NA,Low NOx Burner Technology (Dry Bottom only),Electrostatic Precipitator,NA,"ARP, CAIRNOX, CAIROS, CAIRSO2"
NY,S A Carlson,2682,12,CS0001,2011,610,610,NA,53412,130.935,3.1402,8555.081,0.1027,17.322,0.4157,83386.1,Coal,NA,Dry bottom wall-fired boiler,NA,Low NOx Burner Technology (Dry Bottom only),Electrostatic Precipitator,NA,"ARP, CAIRNOX, CAIROS, CAIRSO2"
NY,S A Carlson,2682,12,CS0001,2012,0,0,NA,NA,NA,NA,NA,NA,NA,NA,NA,Coal,NA,Dry bottom wall-fired boiler,NA,Low NOx Burner Technology (Dry Bottom only),Electrostatic Precipitator,NA,"ARP, CAIRNOX, CAIROS, CAIRSO2"
NY,S A Carlson,2682,12,CS0001,2013,0,0,NA,NA,NA,NA,NA,NA,NA,NA,NA,Coal,NA,Dry bottom wall-fired boiler,NA,Low NOx Burner Technology (Dry Bottom only),Electrostatic Precipitator,NA,"ARP, CAIRNOX, CAIROS, CAIRSO2"
NY,S A Carlson,2682,20,NA,2001,102,83.5,2344.75,NA,0.007,0.001,1417.65,0.0589,2.168,0.246,23848.15,Pipeline Natural Gas,NA,"Combined cycle (Started Nov 03, 2001)",NA,Water Injection,NA,NA,ARP
NY,S A Carlson,2682,20,NA,2002,2203,2082.25,74289.75,NA,0.211,0.001,41771.525,0.0592,53.266,0.1562,702925.875,Pipeline Natural Gas,NA,Combined cycle,NA,Water Injection,NA,NA,"ARP, OTC"
NY,S A Carlson,2682,20,NA,2003,883,840.5,31306.75,NA,0.088,0.001,17452.825,0.0592,20.834,0.1455,293691.325,Pipeline Natural Gas,NA,Combined cycle,NA,Water Injection,NA,NA,"ARP, NBP"
NY,S A Carlson,2682,20,NA,2004,1166,1123.5,45580,NA,0.125,0.001,24812.75,0.0592,28.832,0.1395,417542.25,Pipeline Natural Gas,NA,Combined cycle,NA,Water Injection,NA,NA,"ARP, NBP"
NY,S A Carlson,2682,20,NA,2005,256,230.75,8159.75,NA,0.025,0.001,4875.175,0.0593,5.871,0.148,82031.25,Pipeline Natural Gas,NA,Combined cycle,NA,Water Injection,NA,NA,"ARP, NBP"
NY,S A Carlson,2682,20,NA,2006,401,370.5,14893,NA,0.041,0.001,8126.725,0.059,9.012,0.1335,136769.325,Pipeline Natural Gas,NA,Combined cycle,NA,Water Injection,NA,NA,"ARP, NBP"
NY,S A Carlson,2682,20,NA,2007,454,425.75,17655.5,NA,0.049,0.001,9633.075,0.0592,14.828,0.1928,162100.4,Pipeline Natural Gas,NA,Combined cycle,NA,Water Injection,NA,NA,"ARP, NBP"
NY,S A Carlson,2682,20,NA,2008,187,169.25,6029.5,NA,0.018,0.001,3535.825,0.0592,4.57,0.1521,59500.075,Pipeline Natural Gas,NA,Combined cycle,NA,Water Injection,NA,NA,"ARP, CAIRNOX, CAIROS, NBP"
NY,S A Carlson,2682,20,NA,2009,239,212.75,7315.75,NA,0.022,0.001,4260.75,0.0593,4.344,0.1224,71699.575,Pipeline Natural Gas,NA,Combined cycle,NA,Water Injection,NA,NA,"ARP, CAIRNOX, CAIROS, CAIRSO2, RGGI"
NY,S A Carlson,2682,20,NA,2010,492,464,18043.25,NA,0.053,0.001,10432.2,0.0592,10.424,0.1176,175552.2,Pipeline Natural Gas,NA,Combined cycle,NA,Water Injection,NA,NA,"ARP, CAIRNOX, CAIROS, CAIRSO2, RGGI"
NY,S A Carlson,2682,20,NA,2011,2488,2435.5,94941.5,NA,0.299,0.001,59296.7,0.0592,67.194,0.1343,997775.675,Pipeline Natural Gas,NA,Combined cycle,NA,Water Injection,NA,NA,"ARP, CAIRNOX, CAIROS, CAIRSO2, RGGI"
NY,S A Carlson,2682,20,NA,2012,4855,4809.25,185535.75,NA,0.592,0.001,117310.55,0.0592,130.242,0.1319,1973997,Pipeline Natural Gas,NA,Combined cycle,NA,Water Injection,NA,NA,"ARP, CAIRNOX, CAIROS, CAIRSO2, RGGI"
NY,S A Carlson,2682,20,NA,2013,5480,5463.5,206013.5,NA,0.683,0.001,135579.2,0.0592,137.367,0.1207,2281409.1,Pipeline Natural Gas,NA,Combined cycle,NA,Water Injection,NA,NA,"ARP, CAIRNOX, CAIROS, CAIRSO2, RGGI"
NY,S A Carlson,2682,20,NA,2014,5011,4977,185272.25,NA,0.616,0.001,122108.525,0.0592,135.852,0.1324,2054711.675,Pipeline Natural Gas,NA,Combined cycle,NA,Water Injection,NA,NA,"ARP, CAIRNOX, CAIROS, CAIRSO2, RGGI"
NY,S A Carlson,2682,20,NA,2015,5194,5169,190953.5,NA,0.634,0.001,125581.225,0.0592,125.979,0.1201,2113062.75,Pipeline Natural Gas,NA,Combined cycle,NA,Water Injection,NA,NA,"ARP, CSNOX, CSNOXOS, CSSO2G1, RGGI"
NY,S A Carlson,2682,20,NA,2016,4748,4705.25,165998,NA,0.556,0.001,110063.025,0.0592,109.889,0.12,1851985.55,Pipeline Natural Gas,NA,Combined cycle,NA,Water Injection,NA,NA,"ARP, CSNOX, CSNOXOS, CSSO2G1, RGGI"
NY,S A Carlson,2682,20,NA,2017,3351,3327.25,122516.25,NA,0.407,0.001,80542.95,0.0592,80.876,0.1202,1355289.15,Pipeline Natural Gas,NA,Combined cycle,NA,Water Injection,NA,NA,"ARP, CSNOX, CSOSG2, CSSO2G1, RGGI"
NY,S A Carlson,2682,20,NA,2018,3048,3033.75,110842,NA,0.36,0.001,71254.875,0.0592,76.913,0.1294,1199018.05,Pipeline Natural Gas,NA,Combined cycle,NA,Water Injection,NA,NA,"ARP, CSNOX, CSOSG2, CSSO2G1, RGGI"
NY,S A Carlson,2682,20,NA,2019,3738,3711.75,130991.75,NA,0.437,0.001,86502.2,0.0592,95.254,0.1315,1455550.525,Pipeline Natural Gas,NA,Combined cycle,NA,Water Injection,NA,NA,"ARP, CSNOX, CSOSG2, CSSO2G1, RGGI"
NY,S A Carlson,2682,20,NA,2020,1945,1927.75,68792.25,NA,0.184,0.001,36419.7,0.0593,39.77,0.1305,612809.225,Pipeline Natural Gas,NA,Combined cycle,NA,Water Injection,NA,NA,"ARP, CSNOX, CSOSG2, CSSO2G1, RGGI"
NY,S A Carlson,2682,20,NA,2021,1696,1681.25,59915,NA,0.184,0.001,36365.85,0.0593,41.264,0.1358,611880.5,Pipeline Natural Gas,NA,Combined cycle,NA,Water Injection,NA,NA,"ARP, CSNOX, CSOSG3, CSSO2G1, RGGI"
NY,S A Carlson,2682,20,NA,2022,1750,1744.25,66909.25,NA,0.211,0.001,41731,0.0592,44.806,0.1282,702172.575,Pipeline Natural Gas,NA,Combined cycle,NA,Water Injection,NA,NA,"ARP, CSNOX, CSOSG3, CSSO2G1, RGGI"
NY,S A Carlson,2682,20,NA,2023,1225,1219,42292.25,NA,0.145,0.001,28643.95,0.0592,28.07,0.117,482010.625,Pipeline Natural Gas,NA,Combined cycle,NA,Water Injection,NA,NA,"ARP, CSNOX, CSOSG3, CSSO2G1, RGGI"
NY,S A Carlson,2682,20,NA,2024,821,809.5,28632.75,NA,0.091,0.001,18062.375,0.0593,19.518,0.1299,303908.875,Pipeline Natural Gas,NA,Combined cycle,NA,Water Injection,NA,NA,"ARP, CSNOX, CSOSG2E, CSSO2G1, RGGI"
NY,S A Carlson,2682,9,CS0001,1995,NA,NA,NA,NA,881.6,NA,62917,NA,233,NA,608362,Coal,NA,Dry bottom wall-fired boiler,NA,Low NOx Burner Technology (Dry Bottom only),Electrostatic Precipitator,NA,ARP
NY,S A Carlson,2682,9,CS0001,1996,NA,NA,NA,NA,1076.9,NA,79406.8,NA,211,NA,775565,Coal,NA,Dry bottom wall-fired boiler,NA,Low NOx Burner Technology (Dry Bottom only),Electrostatic Precipitator,NA,ARP
NY,S A Carlson,2682,9,CS0001,1997,4873,4867,NA,368204,923.122,2.9872,63450.729,0.1027,146.363,0.4705,618427.009,Coal,NA,Dry bottom wall-fired boiler,NA,Low NOx Burner Technology (Dry Bottom only),Electrostatic Precipitator,NA,ARP
NY,S A Carlson,2682,9,CS0001,1998,3878,3871.75,NA,278706.75,706.069,3.2129,45113.585,0.1027,101.225,0.4581,439688.048,Coal,NA,Dry bottom wall-fired boiler,NA,Low NOx Burner Technology (Dry Bottom only),Electrostatic Precipitator,NA,ARP
NY,S A Carlson,2682,9,CS0001,1999,6336,6331.5,NA,446159.75,978.467,2.8039,71319.932,0.1027,154.91,0.4435,695115.493,Coal,NA,Dry bottom wall-fired boiler,NA,Low NOx Burner Technology (Dry Bottom only),Electrostatic Precipitator,NA,"ARP, OTC"
NY,S A Carlson,2682,9,CS0001,2000,2940,2936,NA,179424.25,340.99,2.3688,29488.025,0.1027,60.462,0.4187,287436.809,Coal,NA,Dry bottom wall-fired boiler,NA,Low NOx Burner Technology (Dry Bottom only),Electrostatic Precipitator,NA,"ARP, OTC"
NY,S A Carlson,2682,9,CS0001,2001,4859,4850.75,NA,333981,739.857,2.6829,56626.085,0.1027,116.166,0.4166,551914.501,Coal,NA,Dry bottom wall-fired boiler,NA,Low NOx Burner Technology (Dry Bottom only),Electrostatic Precipitator,NA,"ARP, OTC"
NY,S A Carlson,2682,9,CS0001,2002,7235,7223.25,NA,640241.75,1321.905,2.5907,104348.946,0.1028,208.941,0.406,1017063.822,Coal,NA,Dry bottom wall-fired boiler,NA,Low NOx Burner Technology (Dry Bottom only),Electrostatic Precipitator,NA,"ARP, OTC"
NY,S A Carlson,2682,9,CS0001,2003,6312,6296.75,NA,584638,1221.632,2.6804,92828.349,0.1028,192.355,0.421,904749.694,Coal,NA,Dry bottom wall-fired boiler,NA,Low NOx Burner Technology (Dry Bottom only),Electrostatic Precipitator,NA,"ARP, NBP"
NY,S A Carlson,2682,9,CS0001,2004,6898,6892.5,NA,553211.5,1162.14,3.0657,77944.453,0.1027,158.893,0.4149,759720.566,Coal,NA,Dry bottom wall-fired boiler,NA,Low NOx Burner Technology (Dry Bottom only),Electrostatic Precipitator,NA,"ARP, NBP"
NY,S A Carlson,2682,9,CS0001,2005,4912,4906.5,NA,410781.25,973.318,2.9806,66971.621,0.1028,134.981,0.4095,652744.116,Coal,NA,Dry bottom wall-fired boiler,NA,Low NOx Burner Technology (Dry Bottom only),Electrostatic Precipitator,NA,"ARP, NBP"
NY,S A Carlson,2682,9,CS0001,2006,5685,5681.75,NA,476152.75,1113.802,2.6641,86001.114,0.1028,165.664,0.3916,838203.443,Coal,NA,Dry bottom wall-fired boiler,NA,Low NOx Burner Technology (Dry Bottom only),Electrostatic Precipitator,NA,"ARP, NBP"
NY,S A Carlson,2682,9,CS0001,2007,6688,6681,NA,622818.25,1446.686,2.5628,115598.098,0.1028,234.357,0.4102,1126685.12,Coal,NA,Dry bottom wall-fired boiler,NA,Low NOx Burner Technology (Dry Bottom only),Electrostatic Precipitator,NA,"ARP, NBP"
NY,S A Carlson,2682,9,CS0001,2008,6970,6960,NA,591129.5,1515.014,2.8729,108080.814,0.1028,214.292,0.4,1053391.747,Coal,NA,Dry bottom wall-fired boiler,NA,Low NOx Burner Technology (Dry Bottom only),Electrostatic Precipitator,NA,"ARP, CAIRNOX, CAIROS, NBP"
NY,S A Carlson,2682,9,CS0001,2009,3023,3020.25,NA,233840,545.803,2.6103,42376.738,0.1027,84.423,0.3996,413019.725,Coal,NA,Dry bottom wall-fired boiler,NA,Low NOx Burner Technology (Dry Bottom only),Electrostatic Precipitator,NA,"ARP, CAIRNOX, CAIROS, CAIRSO2"
NY,S A Carlson,2682,9,CS0001,2010,2202,2198.75,NA,171932,352.367,2.1578,31374.502,0.1027,62.782,0.3866,305800.875,Coal,NA,Dry bottom wall-fired boiler,NA,Low NOx Burner Technology (Dry Bottom only),Electrostatic Precipitator,NA,"ARP, CAIRNOX, CAIROS, CAIRSO2"
NY,S A Carlson,2682,9,CS0001,2011,2140,2136.5,NA,136730.75,333.536,2.9077,23325.844,0.1026,45.448,0.3966,227371.875,Coal,NA,Dry bottom wall-fired boiler,NA,Low NOx Burner Technology (Dry Bottom only),Electrostatic Precipitator,NA,"ARP, CAIRNOX, CAIROS, CAIRSO2"
NY,S A Carlson,2682,9,CS0001,2012,1385,1381.5,NA,86891.5,214.243,2.5861,16731.075,0.1026,32.031,0.3883,163076.2,Coal,NA,Dry bottom wall-fired boiler,NA,Low NOx Burner Technology (Dry Bottom only),Electrostatic Precipitator,NA,"ARP, CAIRNOX, CAIROS, CAIRSO2"
NY,S A Carlson,2682,9,CS0001,2013,225,224,NA,18881,36.449,2.4231,3073.1,0.1027,6.33,0.4067,29955.6,Coal,NA,Dry bottom wall-fired boiler,NA,Low NOx Burner Technology (Dry Bottom only),Electrostatic Precipitator,NA,"ARP, CAIRNOX, CAIROS, CAIRSO2"
NY,S A Carlson,2682,9,NA,2014,0,0,NA,NA,NA,NA,NA,NA,NA,NA,NA,Coal,NA,Dry bottom wall-fired boiler,NA,Low NOx Burner Technology (Dry Bottom only),Electrostatic Precipitator,NA,"ARP, CAIRNOX, CAIROS, CAIRSO2"
NY,S A Carlson,2682,9,NA,2015,0,0,NA,NA,NA,NA,NA,NA,NA,NA,NA,Pipeline Natural Gas,Diesel Oil,Dry bottom wall-fired boiler,NA,Low NOx Burner Technology (Dry Bottom only),NA,NA,"ARP, CSNOX, CSNOXOS, CSSO2G1"
NY,S A Carlson,2682,9,NA,2016,347,347,NA,NA,0.091,0.0223,2111,0.0602,5.589,0.4371,35667.3,Pipeline Natural Gas,Diesel Oil,Dry bottom wall-fired boiler,NA,Low NOx Burner Technology (Dry Bottom only),NA,NA,"ARP, CSNOX, CSNOXOS, CSSO2G1"
NY,S A Carlson,2682,9,NA,2017,206,206,NA,NA,0.877,0.0902,2619.3,0.063,4.613,0.4069,43122.3,Pipeline Natural Gas,Diesel Oil,Dry bottom wall-fired boiler,NA,Low NOx Burner Technology (Dry Bottom only),NA,NA,"ARP, CSNOX, CSOSG2, CSSO2G1"
NY,S A Carlson,2682,9,NA,2018,66,66,NA,NA,0.001,3e-4,330.3,0.0585,0.162,0.0577,5598.8,Pipeline Natural Gas,Diesel Oil,Dry bottom wall-fired boiler,NA,Low NOx Burner Technology (Dry Bottom only),NA,NA,"ARP, CSNOX, CSOSG2, CSSO2G1"
NY,S A Carlson,2682,9,NA,2019,61,61,NA,NA,0.001,4e-4,264.5,0.0598,0.13,0.0584,4472.4,Pipeline Natural Gas,Diesel Oil,Dry bottom wall-fired boiler,NA,Low NOx Burner Technology (Dry Bottom only),NA,NA,"ARP, CSNOX, CSOSG2, CSSO2G1"
NY,S A Carlson,2682,9,NA,2020,137,137,NA,NA,0.003,4e-4,758.8,0.059,0.362,0.0565,12862,Pipeline Natural Gas,Diesel Oil,Dry bottom wall-fired boiler,NA,Low NOx Burner Technology (Dry Bottom only),NA,NA,"ARP, CSNOX, CSOSG2, CSSO2G1"
NY,S A Carlson,2682,9,NA,2021,39,39,NA,NA,0,1e-4,131.4,0.0603,0.059,0.0544,2228.8,Pipeline Natural Gas,Diesel Oil,Dry bottom wall-fired boiler,NA,Low NOx Burner Technology (Dry Bottom only),NA,NA,"ARP, CSNOX, CSOSG3, CSSO2G1, RGGI"
NY,S A Carlson,2682,9,NA,2022,110,110,NA,NA,0.245,0.0647,626.8,0.0618,0.276,0.0542,10260.1,Pipeline Natural Gas,Diesel Oil,Dry bottom wall-fired boiler,NA,Low NOx Burner Technology (Dry Bottom only),NA,NA,"ARP, CSNOX, CSOSG3, CSSO2G1, RGGI"
NY,S A Carlson,2682,9,NA,2023,74,74,NA,NA,0.002,6e-4,313,0.0603,0.139,0.0535,5278.2,Pipeline Natural Gas,Diesel Oil,Dry bottom wall-fired boiler,NA,Low NOx Burner Technology (Dry Bottom only),NA,NA,"ARP, CSNOX, CSOSG3, CSSO2G1, RGGI"
NY,S A Carlson,2682,9,NA,2024,92,92,NA,NA,0.003,6e-4,570.1,0.0591,0.256,0.053,9669,Pipeline Natural Gas,Diesel Oil,Dry bottom wall-fired boiler,NA,Low NOx Burner Technology (Dry Bottom only),NA,NA,"ARP, CSNOX, CSOSG2E, CSSO2G1, RGGI"
NY,Buchanan Substation,4233,CT0001,NA,1999,133,133,3192,NA,NA,NA,NA,NA,13.327,0.581,45885,Diesel Oil,NA,Combustion turbine,NA,NA,NA,NA,OTC
NY,Buchanan Substation,4233,CT0001,NA,2000,35,35,840,NA,NA,NA,NA,NA,3.504,0.5805,12075,Diesel Oil,NA,Combustion turbine,NA,NA,NA,NA,OTC
NY,Buchanan Substation,4233,CT0001,NA,2001,62,62,900,NA,NA,NA,NA,NA,6,0.58,20700,Diesel Oil,NA,Combustion turbine,NA,NA,NA,NA,OTC
NY,Buchanan Substation,4233,CT0002,NA,1999,179,179,3735,NA,NA,NA,NA,NA,9.236,0.3956,47975,Diesel Oil,NA,Combustion turbine,NA,NA,NA,NA,OTC
NY,Buchanan Substation,4233,CT0002,NA,2000,36,36,540,NA,NA,NA,NA,NA,1.856,0.4315,8604,Diesel Oil,NA,Combustion turbine,NA,NA,NA,NA,OTC
NY,Buchanan Substation,4233,CT0002,NA,2001,75,75,1168,NA,NA,NA,NA,NA,3.761,0.43120000000000003,17447,Diesel Oil,NA,Combustion turbine,NA,NA,NA,NA,OTC
NY,Somerset Operating Company  (Kintigh),6082,1,NA,1995,NA,NA,NA,NA,13838,NA,4768384,NA,11781,NA,48610268,Coal,Residual Oil,Dry bottom wall-fired boiler,Wet Limestone,Low NOx Burner Technology (Dry Bottom only),Electrostatic Precipitator,NA,ARP
NY,Somerset Operating Company  (Kintigh),6082,1,NA,1996,NA,NA,NA,NA,13969.6,NA,5019459,NA,11384,NA,48922610,Coal,Residual Oil,Dry bottom wall-fired boiler,Wet Limestone,Low NOx Burner Technology (Dry Bottom only),Electrostatic Precipitator,NA,ARP
NY,Somerset Operating Company  (Kintigh),6082,1,NA,1997,8246,8242.25,4720931,NA,13504.462,0.5774,4840506.05,0.103,10712.403,0.4457,47178418.8,Coal,Residual Oil,Dry bottom wall-fired boiler,Wet Limestone,Low NOx Burner Technology (Dry Bottom only),Electrostatic Precipitator,NA,ARP
NY,Somerset Operating Company  (Kintigh),6082,1,NA,1998,8291,8285.5,5168166.5,NA,15032.378,0.5824,5348720.175,0.103,10726.056,0.4077,52131723.45,Coal,Residual Oil,Dry bottom wall-fired boiler,Wet Limestone,Low NOx Burner Technology (Dry Bottom only),Electrostatic Precipitator,NA,ARP
NY,Somerset Operating Company  (Kintigh),6082,1,NA,1999,7579,7569.75,4881382.25,NA,12737.266,0.5698,4607175.95,0.103,7970.814,0.3557,44904256.95,Coal,Residual Oil,Dry bottom wall-fired boiler,Wet Limestone,"Selective Catalytic Reduction (Began Jul 01, 1999)|Low NOx Burner Technology (Dry Bottom only)",Electrostatic Precipitator,NA,"ARP, OTC"
NY,Somerset Operating Company  (Kintigh),6082,1,NA,2000,8444,8435.25,5121468,NA,8296.328,0.3318,5093571.025,0.103,7499.785,0.3073,49644958.75,Coal,Residual Oil,Dry bottom wall-fired boiler,Wet Limestone,Selective Catalytic Reduction|Low NOx Burner Technology (Dry Bottom only),Electrostatic Precipitator,NA,"ARP, OTC"
NY,Somerset Operating Company  (Kintigh),6082,1,NA,2001,8719,8709,5809389,NA,6685.12,0.2509,5399891.4,0.103,7658.97,0.296,52630513.325,Coal,Residual Oil,Dry bottom wall-fired boiler,Wet Limestone,Selective Catalytic Reduction|Low NOx Burner Technology (Dry Bottom only),Electrostatic Precipitator,NA,"ARP, OTC"
NY,Somerset Operating Company  (Kintigh),6082,1,NA,2002,8518,8510.25,5763262.5,NA,4148.975,0.1594,5383508.2,0.103,7732.689,0.2974,52470936.175,Coal,Residual Oil,Dry bottom wall-fired boiler,Wet Limestone,Selective Catalytic Reduction|Low NOx Burner Technology (Dry Bottom only),Electrostatic Precipitator,NA,"ARP, OTC"
NY,Somerset Operating Company  (Kintigh),6082,1,NA,2003,8315,8305.5,5667052.75,NA,5672.19,0.225,5194433.875,0.103,5051.568,0.1979,50628017.525,Coal,Residual Oil,Dry bottom wall-fired boiler,Wet Limestone,Selective Catalytic Reduction|Low NOx Burner Technology (Dry Bottom only),Electrostatic Precipitator,NA,"ARP, NBP"
NY,Somerset Operating Company  (Kintigh),6082,1,NA,2004,8633,8626,5933188.25,NA,4743.774,0.1803,5359581.9,0.103,3512.777,0.1381,52237741.575,Coal,Residual Oil,Dry bottom wall-fired boiler,Wet Limestone,Selective Catalytic Reduction|Low NOx Burner Technology (Dry Bottom only),Electrostatic Precipitator,NA,"ARP, NBP"
NY,Somerset Operating Company  (Kintigh),6082,1,NA,2005,8731,8719.75,5494192.75,NA,3130.641,0.1291,4925296.425,0.103,3336.949,0.1404,48004888.175,Coal,Residual Oil,Dry bottom wall-fired boiler,Wet Limestone,Selective Catalytic Reduction|Low NOx Burner Technology (Dry Bottom only),Electrostatic Precipitator,NA,"ARP, NBP"
NY,Somerset Operating Company  (Kintigh),6082,1,NA,2006,8306,8295.98,5682704.8,NA,2572.637,0.1041,5069619.916,0.103,4307.377,0.1759,49411469.246,Coal,Residual Oil,Dry bottom wall-fired boiler,Wet Limestone,Selective Catalytic Reduction|Low NOx Burner Technology (Dry Bottom only),Electrostatic Precipitator,NA,"ARP, NBP"
NY,Somerset Operating Company  (Kintigh),6082,1,NA,2007,8666,8660.03,5917056.07,NA,4261.405,0.164,5289503.553,0.103,4750.305,0.1856,51554620.558,Coal,Residual Oil,Dry bottom wall-fired boiler,Wet Limestone,Selective Catalytic Reduction|Low NOx Burner Technology (Dry Bottom only),Electrostatic Precipitator,NA,"ARP, NBP"
NY,Somerset Operating Company  (Kintigh),6082,1,NA,2008,8398,8391.7,5472575.62,NA,3937.041,0.1586,5084447.504,0.1031,4910.373,0.201,49526598.745,Coal,Residual Oil,Dry bottom wall-fired boiler,Wet Limestone,Selective Catalytic Reduction|Low NOx Burner Technology (Dry Bottom only),Electrostatic Precipitator,NA,"ARP, CAIRNOX, CAIROS, NBP"
NY,Somerset Operating Company  (Kintigh),6082,1,NA,2009,6696,6671.34,3557862.14,NA,5070.096,0.2889,3469912.399,0.103,3748.124,0.2401,33819833.747,Coal,Residual Oil,Dry bottom wall-fired boiler,Wet Limestone,Selective Catalytic Reduction|Low NOx Burner Technology (Dry Bottom only),Electrostatic Precipitator,NA,"ARP, CAIRNOX, CAIROS, CAIRSO2, RGGI"
NY,Somerset Operating Company  (Kintigh),6082,1,NA,2010,8062,8056.4,4807776.43,NA,7617.64,0.3466,4399354.327,0.103,4515.989,0.2288,42878734.965,Coal,Residual Oil,Dry bottom wall-fired boiler,Wet Limestone,Selective Catalytic Reduction|Low NOx Burner Technology (Dry Bottom only),Electrostatic Precipitator,NA,"ARP, CAIRNOX, CAIROS, CAIRSO2, RGGI"
NY,Somerset Operating Company  (Kintigh),6082,1,NA,2011,8237,8230.36,3915163.91,NA,10024.011,0.533,3771125.188,0.103,5437.355,0.3075,36755601.025,Coal,Residual Oil,Dry bottom wall-fired boiler,Wet Limestone,Selective Catalytic Reduction|Low NOx Burner Technology (Dry Bottom only),Electrostatic Precipitator,NA,"ARP, CAIRNOX, CAIROS, CAIRSO2, RGGI"
NY,Somerset Operating Company  (Kintigh),6082,1,NA,2012,5466,5446.93,2194135.3,NA,5653.082,0.5099,2198965.255,0.103,3657.287,0.3444,21432372.332,Coal,Residual Oil,Dry bottom wall-fired boiler,Wet Limestone,Selective Catalytic Reduction|Low NOx Burner Technology (Dry Bottom only),Electrostatic Precipitator,NA,"ARP, CAIRNOX, CAIROS, CAIRSO2, RGGI"
NY,Somerset Operating Company  (Kintigh),6082,1,NA,2013,5482,5457.75,2224627.08,NA,5737.102,0.5293,2196386.523,0.103,3766.898,0.3412,21407244.098,Coal,Residual Oil,Dry bottom wall-fired boiler,Wet Limestone,Selective Catalytic Reduction|Low NOx Burner Technology (Dry Bottom only),Electrostatic Precipitator,NA,"ARP, CAIRNOX, CAIROS, CAIRSO2, RGGI"
NY,Somerset Operating Company  (Kintigh),6082,1,NA,2014,3912,3891.93,1901678.78,NA,4817.236,0.5384,1845712.217,0.103,2966.822,0.3244,17989413.416,Coal,Residual Oil,Dry bottom wall-fired boiler,Wet Limestone,Selective Catalytic Reduction|Low NOx Burner Technology (Dry Bottom only),Electrostatic Precipitator,NA,"ARP, CAIRNOX, CAIROS, CAIRSO2, RGGI"
NY,Somerset Operating Company  (Kintigh),6082,1,NA,2015,1682,1666.62,660316.07,NA,1384.683,0.4373,629770.334,0.103,583.924,0.2351,6138112.042,Coal,Residual Oil,Dry bottom wall-fired boiler,Wet Limestone,Selective Catalytic Reduction|Low NOx Burner Technology (Dry Bottom only),Electrostatic Precipitator,NA,"ARP, CSNOX, CSNOXOS, CSSO2G1, MATS, RGGI"
NY,Somerset Operating Company  (Kintigh),6082,1,NA,2016,1780,1752.12,677089.67,NA,1631.591,0.4846,669753.353,0.103,593.784,0.2186,6527811.295,Coal,Residual Oil,Dry bottom wall-fired boiler,Wet Limestone,Selective Catalytic Reduction|Low NOx Burner Technology (Dry Bottom only),Electrostatic Precipitator,NA,"ARP, CSNOX, CSNOXOS, CSSO2G1, MATS, RGGI"
NY,Somerset Operating Company  (Kintigh),6082,1,NA,2017,967,945.35,372878.81,NA,922.738,0.505,368542.19,0.103,282.505,0.192,3592028.904,Coal,Residual Oil,Dry bottom wall-fired boiler,Wet Limestone,Selective Catalytic Reduction|Low NOx Burner Technology (Dry Bottom only),Electrostatic Precipitator,NA,"ARP, CSNOX, CSOSG2, CSSO2G1, MATS, RGGI"
NY,Somerset Operating Company  (Kintigh),6082,1,NA,2018,1348,1326.96,634380.65,NA,1526.05,0.5107,596664.248,0.103,501.202,0.199,5815443.9,Coal,Residual Oil,Dry bottom wall-fired boiler,Wet Limestone,Selective Catalytic Reduction|Low NOx Burner Technology (Dry Bottom only),Electrostatic Precipitator,NA,"ARP, CSNOX, CSOSG2, CSSO2G1, MATS, RGGI"
NY,Somerset Operating Company  (Kintigh),6082,1,NA,2019,1153,1137.25,376367.67,NA,949.467,0.5324,364032.953,0.103,397.253,0.2514,3548075.135,Coal,Residual Oil,Dry bottom wall-fired boiler,Wet Limestone,Selective Catalytic Reduction|Low NOx Burner Technology (Dry Bottom only),Electrostatic Precipitator,NA,"ARP, CSNOX, CSOSG2, CSSO2G1, MATS, RGGI"
NY,Somerset Operating Company  (Kintigh),6082,1,NA,2020,596,586.01,160267.26,NA,460.353,0.5443,174360.03,0.103,247.504,0.2845,1699406.159,Coal,Residual Oil,Dry bottom wall-fired boiler,Wet Limestone,Selective Catalytic Reduction|Low NOx Burner Technology (Dry Bottom only),Electrostatic Precipitator,NA,"ARP, CSNOX, CSSO2G1, MATS, RGGI"
NY,Somerset Operating Company  (Kintigh),6082,1,NA,2021,0,0,NA,NA,NA,NA,NA,NA,NA,NA,NA,Coal,Residual Oil,Dry bottom wall-fired boiler,Wet Limestone,Selective Catalytic Reduction|Low NOx Burner Technology (Dry Bottom only),Electrostatic Precipitator,NA,NA
NY,Somerset Operating Company  (Kintigh),6082,1,NA,2022,0,0,NA,NA,NA,NA,NA,NA,NA,NA,NA,Coal,Residual Oil,Dry bottom wall-fired boiler,Wet Limestone,Selective Catalytic Reduction|Low NOx Burner Technology (Dry Bottom only),Electrostatic Precipitator,NA,NA
NY,Wading River Facility,7146,UGT007,NA,1999,578,578,37720,NA,NA,NA,NA,NA,54.535,0.2408,454982.6,Diesel Oil,NA,Combustion turbine,NA,Water Injection,NA,NA,OTC
NY,Wading River Facility,7146,UGT007,NA,2000,884,884,59065,NA,NA,NA,NA,NA,87.445,0.2389,736012.3,Diesel Oil,NA,Combustion turbine,NA,Water Injection,NA,NA,OTC
NY,Wading River Facility,7146,UGT007,NA,2001,1374,1374,96211,NA,NA,NA,NA,NA,126.545,0.2361,1076601.9,Diesel Oil,NA,Combustion turbine,NA,"Other (Began May 01, 2001)|Water Injection",NA,NA,OTC
NY,Wading River Facility,7146,UGT007,NA,2002,776,776,51547,NA,0,0,0,0,68.862,0.2334,590055.7,Diesel Oil,NA,Combustion turbine,NA,Other|Water Injection,NA,NA,OTC
NY,Wading River Facility,7146,UGT007,NA,2003,1055,969,65103,NA,NA,NA,NA,NA,159.361,0.3357,927030.725,Diesel Oil,NA,Combustion turbine,NA,Other|Water Injection,NA,NA,NBP
NY,Wading River Facility,7146,UGT007,NA,2004,1106,989.75,73115.5,NA,NA,NA,NA,NA,134.531,0.289,931265.225,Diesel Oil,NA,Combustion turbine,NA,Other|Water Injection,NA,NA,NBP
NY,Wading River Facility,7146,UGT007,NA,2005,750,647.75,41919.25,NA,NA,NA,NA,NA,76.039,0.2667,554020.8,Diesel Oil,NA,Combustion turbine,NA,Other|Water Injection,NA,NA,NBP
NY,Wading River Facility,7146,UGT007,NA,2006,253,220.75,13830.25,NA,NA,NA,NA,NA,25.166,0.2645,185658.7,Diesel Oil,NA,Combustion turbine,NA,Other|Water Injection,NA,NA,NBP
NY,Wading River Facility,7146,UGT007,NA,2007,496,441.75,30575.75,NA,NA,NA,NA,NA,53.937,0.277,382053.375,Diesel Oil,NA,Combustion turbine,NA,Other|Water Injection,NA,NA,NBP
NY,Wading River Facility,7146,UGT007,NA,2008,565,482.25,30861.75,NA,NA,NA,NA,NA,42.389,0.2198,395241.75,Diesel Oil,NA,Combustion turbine,NA,Other|Water Injection,NA,NA,"CAIRNOX, CAIROS, NBP"
NY,Wading River Facility,7146,UGT007,NA,2009,266,225.25,14367.5,NA,24.407,0.257,15434.2,0.081,19.224,0.221,190212.375,Diesel Oil,NA,Combustion turbine,NA,Other|Water Injection,NA,NA,"CAIRNOX, CAIROS, CAIRSO2, RGGI"
NY,Wading River Facility,7146,UGT007,NA,2010,375,342.75,22326.25,NA,35.023,0.232,24486.175,0.081,25.589,0.1742,301761.075,Diesel Oil,NA,Combustion turbine,NA,Other|Water Injection,NA,NA,"CAIRNOX, CAIROS, CAIRSO2, RGGI"
NY,Wading River Facility,7146,UGT007,NA,2011,231,199.75,12635,NA,19.74,0.232,13806.7,0.081,17.048,0.2015,170145.375,Diesel Oil,NA,Combustion turbine,NA,Other|Water Injection,NA,NA,"CAIRNOX, CAIROS, CAIRSO2, RGGI"
NY,Wading River Facility,7146,UGT007,NA,2012,293,258.75,16984.75,NA,26.768,0.232,18721.15,0.081,17.817,0.1551,230721.525,Diesel Oil,NA,Combustion turbine,NA,Other|Water Injection,NA,NA,"CAIRNOX, CAIROS, CAIRSO2, RGGI"
NY,Wading River Facility,7146,UGT007,NA,2013,272,243,15682.5,NA,25.036,0.233,17463.85,0.081,14.701,0.144,215218.65,Diesel Oil,NA,Combustion turbine,NA,Other|Water Injection,NA,NA,"CAIRNOX, CAIROS, CAIRSO2, RGGI"
NY,Wading River Facility,7146,UGT007,NA,2014,170,138.75,9522.5,NA,14.322,0.2329,9990.075,0.081,10.783,0.1923,123115.875,Diesel Oil,NA,Combustion turbine,NA,Other|Water Injection,NA,NA,"CAIRNOX, CAIROS, CAIRSO2, RGGI"
NY,Wading River Facility,7146,UGT007,NA,2015,123,91.75,5040.75,NA,8.092,0.2334,5644.7,0.0812,7.956,0.3126,69560.5,Diesel Oil,NA,Combustion turbine,NA,Other|Water Injection,NA,NA,"CSNOX, CSNOXOS, CSSO2G1, RGGI"
NY,Wading River Facility,7146,UGT007,NA,2016,105,86,5271.25,NA,0.028,0.001,5716.15,0.081,5.492,0.1813,70446.2,Diesel Oil,NA,Combustion turbine,NA,Other|Water Injection,NA,NA,"CSNOX, CSNOXOS, CSSO2G1, RGGI"
NY,Wading River Facility,7146,UGT007,NA,2017,38,31.25,1857.25,NA,0.012,0.001,2003.825,0.081,1.849,0.2041,24693.95,Diesel Oil,NA,Combustion turbine,NA,Other|Water Injection,NA,NA,"CSNOX, CSOSG2, CSSO2G1, RGGI"
NY,Wading River Facility,7146,UGT007,NA,2018,81,66.25,4959.25,NA,0.028,0.001,4953.075,0.081,4.91,0.1607,61039.975,Diesel Oil,NA,Combustion turbine,NA,Other|Water Injection,NA,NA,"CSNOX, CSOSG2, CSSO2G1, RGGI"
NY,Wading River Facility,7146,UGT007,NA,2019,86,69.25,4291,NA,0.029,0.001,4653.25,0.081,6.136,0.2236,57348.375,Diesel Oil,NA,Combustion turbine,NA,Other|Water Injection,NA,NA,"CSNOX, CSOSG2, CSSO2G1, RGGI"
NY,Wading River Facility,7146,UGT007,NA,2020,234,203.75,12777.75,NA,0.07,0.001,13956.55,0.081,16.706,0.1989,171996.475,Diesel Oil,NA,Combustion turbine,NA,Other|Water Injection,NA,NA,"CSNOX, CSOSG2, CSSO2G1, RGGI"
NY,Wading River Facility,7146,UGT007,NA,2021,218,165.45,10141.38,NA,0.061,0.001,11048.598,0.0806,12.63,0.2323,136159.363,Diesel Oil,NA,Combustion turbine,NA,Other|Water Injection,NA,NA,"CSNOX, CSOSG3, CSSO2G1, RGGI"
NY,Wading River Facility,7146,UGT007,NA,2022,169,112.88,7151.78,NA,0.043,0.001,7594.467,0.0818,12.033,0.3434,93591.506,Diesel Oil,NA,Combustion turbine,NA,Other|Water Injection,NA,NA,"CSNOX, CSOSG3, CSSO2G1, RGGI"
NY,Wading River Facility,7146,UGT007,NA,2023,143,93.25,5669.89,NA,0.038,0.001,6137.836,0.081,10.343,0.2865,75642.061,Diesel Oil,NA,Combustion turbine,NA,Other|Water Injection,NA,NA,"CSNOX, CSOSG3, CSSO2G1, RGGI"
NY,Wading River Facility,7146,UGT007,NA,2024,47,31.47,1817.86,NA,0.012,0.001,1977.403,0.081,2.506,0.2463,24366.922,Diesel Oil,NA,Combustion turbine,NA,Other|Water Injection,NA,NA,"CSNOX, CSOSG2E, CSSO2G1, RGGI"
NY,Wading River Facility,7146,UGT008,NA,1999,737,737,49008,NA,NA,NA,NA,NA,70.472,0.2395,591137.9,Diesel Oil,NA,Combustion turbine,NA,Water Injection,NA,NA,OTC
NY,Wading River Facility,7146,UGT008,NA,2000,786,786,52930,NA,NA,NA,NA,NA,78.43,0.2389,659563.2,Diesel Oil,NA,Combustion turbine,NA,Water Injection,NA,NA,OTC
NY,Wading River Facility,7146,UGT008,NA,2001,1015,1015,69256,NA,NA,NA,NA,NA,91.312,0.2367,774975.6,Diesel Oil,NA,Combustion turbine,NA,"Other (Began May 01, 2001)|Water Injection",NA,NA,OTC
NY,Wading River Facility,7146,UGT008,NA,2002,801,801,52660,NA,0,0,0,0,70.31,0.2333,602792.7,Diesel Oil,NA,Combustion turbine,NA,Other|Water Injection,NA,NA,OTC
NY,Wading River Facility,7146,UGT008,NA,2003,1778,1631,116659.75,NA,NA,NA,NA,NA,278.53,0.324,1631071,Diesel Oil,NA,Combustion turbine,NA,Other|Water Injection,NA,NA,NBP
NY,Wading River Facility,7146,UGT008,NA,2004,809,710,51907.25,NA,NA,NA,NA,NA,85.116,0.2509,667667.925,Diesel Oil,NA,Combustion turbine,NA,Other|Water Injection,NA,NA,NBP
NY,Wading River Facility,7146,UGT008,NA,2005,1115,971.25,66993.25,NA,NA,NA,NA,NA,113.683,0.2628,865114.05,Diesel Oil,NA,Combustion turbine,NA,Other|Water Injection,NA,NA,NBP
NY,Wading River Facility,7146,UGT008,NA,2006,332,292.75,18861.75,NA,NA,NA,NA,NA,30.863,0.2458,247472.675,Diesel Oil,NA,Combustion turbine,NA,Other|Water Injection,NA,NA,NBP
NY,Wading River Facility,7146,UGT008,NA,2007,609,537.75,37190.75,NA,NA,NA,NA,NA,59.037,0.2439,466418.1,Diesel Oil,NA,Combustion turbine,NA,Other|Water Injection,NA,NA,NBP
NY,Wading River Facility,7146,UGT008,NA,2008,501,451.75,29425.25,NA,NA,NA,NA,NA,49.269,0.2573,372279.575,Diesel Oil,NA,Combustion turbine,NA,Other|Water Injection,NA,NA,"CAIRNOX, CAIROS, NBP"
NY,Wading River Facility,7146,UGT008,NA,2009,254,218.75,14287.75,NA,23.506,0.257,14864,0.081,22.505,0.244,183186.825,Diesel Oil,NA,Combustion turbine,NA,Other|Water Injection,NA,NA,"CAIRNOX, CAIROS, CAIRSO2, RGGI"
NY,Wading River Facility,7146,UGT008,NA,2010,387,342.75,21716.25,NA,32.991,0.232,23064.625,0.081,33.115,0.2285,284256.325,Diesel Oil,NA,Combustion turbine,NA,Other|Water Injection,NA,NA,"CAIRNOX, CAIROS, CAIRSO2, RGGI"
NY,Wading River Facility,7146,UGT008,NA,2011,225,187,11232.5,NA,17.514,0.232,12248.625,0.081,16.249,0.2103,150956.1,Diesel Oil,NA,Combustion turbine,NA,Other|Water Injection,NA,NA,"CAIRNOX, CAIROS, CAIRSO2, RGGI"
NY,Wading River Facility,7146,UGT008,NA,2012,363,324.5,21491,NA,33.124,0.232,23167.325,0.081,29.587,0.2016,285500.2,Diesel Oil,NA,Combustion turbine,NA,Other|Water Injection,NA,NA,"CAIRNOX, CAIROS, CAIRSO2, RGGI"
NY,Wading River Facility,7146,UGT008,NA,2013,300,263,16290.5,NA,25.97,0.233,18117,0.081,19.555,0.1812,223257.7,Diesel Oil,NA,Combustion turbine,NA,Other|Water Injection,NA,NA,"CAIRNOX, CAIROS, CAIRSO2, RGGI"
NY,Wading River Facility,7146,UGT008,NA,2014,246,192.75,12425.25,NA,19.455,0.233,13570.15,0.081,21.102,0.2566,167242.45,Diesel Oil,NA,Combustion turbine,NA,Other|Water Injection,NA,NA,"CAIRNOX, CAIROS, CAIRSO2, RGGI"
NY,Wading River Facility,7146,UGT008,NA,2015,117,84.75,4822.75,NA,7.917,0.233,5522.375,0.081,11.339,0.377,68062.125,Diesel Oil,NA,Combustion turbine,NA,Other|Water Injection,NA,NA,"CSNOX, CSNOXOS, CSSO2G1, RGGI"
NY,Wading River Facility,7146,UGT008,NA,2016,231,177.75,10348,NA,0.053,0.001,10826.3,0.081,19.14,0.2915,133425.125,Diesel Oil,NA,Combustion turbine,NA,Other|Water Injection,NA,NA,"CSNOX, CSNOXOS, CSSO2G1, RGGI"
NY,Wading River Facility,7146,UGT008,NA,2017,52,34,1620.5,NA,0.011,0.001,1748.05,0.0811,3.324,0.3164,21543.825,Diesel Oil,NA,Combustion turbine,NA,Other|Water Injection,NA,NA,"CSNOX, CSOSG2, CSSO2G1, RGGI"
NY,Wading River Facility,7146,UGT008,NA,2018,57,39,1910,NA,0.012,0.001,2088.9,0.081,3.671,0.2904,25743.95,Diesel Oil,NA,Combustion turbine,NA,Other|Water Injection,NA,NA,"CSNOX, CSOSG2, CSSO2G1, RGGI"
NY,Wading River Facility,7146,UGT008,NA,2019,85,62,3540,NA,0.024,0.001,3893.125,0.081,4.797,0.2208,47976.75,Diesel Oil,NA,Combustion turbine,NA,Other|Water Injection,NA,NA,"CSNOX, CSOSG2, CSSO2G1, RGGI"
NY,Wading River Facility,7146,UGT008,NA,2020,139,121.75,7644.75,NA,0.041,0.001,8257.3,0.081,9.277,0.1964,101762.65,Diesel Oil,NA,Combustion turbine,NA,Other|Water Injection,NA,NA,"CSNOX, CSOSG2, CSSO2G1, RGGI"
NY,Wading River Facility,7146,UGT008,NA,2021,150,118.11,7237.01,NA,0.043,0.001,7708.795,0.0814,10.041,0.2432,95000.802,Diesel Oil,NA,Combustion turbine,NA,Other|Water Injection,NA,NA,"CSNOX, CSOSG3, CSSO2G1, RGGI"
NY,Wading River Facility,7146,UGT008,NA,2022,132,90.47,5854.78,NA,0.034,0.001,6126.203,0.081,18.21,0.4638,75493.126,Diesel Oil,NA,Combustion turbine,NA,Other|Water Injection,NA,NA,"CSNOX, CSOSG3, CSSO2G1, RGGI"
NY,Wading River Facility,7146,UGT008,NA,2023,89,57.81,3439.42,NA,0.023,0.001,3713.883,0.0817,5.085,0.2772,45772.935,Diesel Oil,NA,Combustion turbine,NA,Other|Water Injection,NA,NA,"CSNOX, CSOSG3, CSSO2G1, RGGI"
NY,Wading River Facility,7146,UGT008,NA,2024,83,46.56,2422.06,NA,0.017,0.001,2709.675,0.0816,5.053,0.3437,33396.099,Diesel Oil,NA,Combustion turbine,NA,Other|Water Injection,NA,NA,"CSNOX, CSOSG2E, CSSO2G1, RGGI"
NY,Wading River Facility,7146,UGT009,NA,1999,759,759,51330,NA,NA,NA,NA,NA,73.694,0.2393,619150.3,Diesel Oil,NA,Combustion turbine,NA,Water Injection,NA,NA,OTC
NY,Wading River Facility,7146,UGT009,NA,2000,458,458,31541,NA,NA,NA,NA,NA,46.642,0.2386,393034.5,Diesel Oil,NA,Combustion turbine,NA,Water Injection,NA,NA,OTC
NY,Wading River Facility,7146,UGT009,NA,2001,925,925,64557,NA,NA,NA,NA,NA,84.931,0.2362,722381.9,Diesel Oil,NA,Combustion turbine,NA,"Other (Began May 01, 2001)|Water Injection",NA,NA,OTC
NY,Wading River Facility,7146,UGT009,NA,2002,864,864,60930,NA,0,0,0,0,81.355,0.2332,697466.7,Diesel Oil,NA,Combustion turbine,NA,Other|Water Injection,NA,NA,OTC
NY,Wading River Facility,7146,UGT009,NA,2003,1718,1587.75,117525.5,NA,NA,NA,NA,NA,189.107,0.2514,1503218.225,Diesel Oil,NA,Combustion turbine,NA,Other|Water Injection,NA,NA,NBP
NY,Wading River Facility,7146,UGT009,NA,2004,987,888.5,67723.75,NA,NA,NA,NA,NA,100.859,0.2336,862210.525,Diesel Oil,NA,Combustion turbine,NA,Other|Water Injection,NA,NA,NBP
NY,Wading River Facility,7146,UGT009,NA,2005,790,694.5,48396,NA,NA,NA,NA,NA,73.173,0.2288,627292.675,Diesel Oil,NA,Combustion turbine,NA,Other|Water Injection,NA,NA,NBP
NY,Wading River Facility,7146,UGT009,NA,2006,437,374.75,24376,NA,NA,NA,NA,NA,40.836,0.2428,322181.95,Diesel Oil,NA,Combustion turbine,NA,Other|Water Injection,NA,NA,NBP
NY,Wading River Facility,7146,UGT009,NA,2007,596,518,34123,NA,NA,NA,NA,NA,54.201,0.2403,439111.9,Diesel Oil,NA,Combustion turbine,NA,Other|Water Injection,NA,NA,NBP
NY,Wading River Facility,7146,UGT009,NA,2008,575,506.75,32714.5,NA,NA,NA,NA,NA,56.512,0.2627,420868.85,Diesel Oil,NA,Combustion turbine,NA,Other|Water Injection,NA,NA,"CAIRNOX, CAIROS, NBP"
NY,Wading River Facility,7146,UGT009,NA,2009,294,250.25,15981,NA,26.792,0.257,16942.75,0.081,26.995,0.2513,208796.85,Diesel Oil,NA,Combustion turbine,NA,Other|Water Injection,NA,NA,"CAIRNOX, CAIROS, CAIRSO2, RGGI"
NY,Wading River Facility,7146,UGT009,NA,2010,398,350,21432.5,NA,33.457,0.232,23392.2,0.081,30.704,0.2169,288274.925,Diesel Oil,NA,Combustion turbine,NA,Other|Water Injection,NA,NA,"CAIRNOX, CAIROS, CAIRSO2, RGGI"
NY,Wading River Facility,7146,UGT009,NA,2011,214,181.75,11215.5,NA,17.513,0.232,12247.65,0.081,16.641,0.2173,150948.9,Diesel Oil,NA,Combustion turbine,NA,Other|Water Injection,NA,NA,"CAIRNOX, CAIROS, CAIRSO2, RGGI"
NY,Wading River Facility,7146,UGT009,NA,2012,264,235.75,15043.75,NA,23.374,0.232,16348.85,0.081,18.915,0.1852,201467.075,Diesel Oil,NA,Combustion turbine,NA,Other|Water Injection,NA,NA,"CAIRNOX, CAIROS, CAIRSO2, RGGI"
NY,Wading River Facility,7146,UGT009,NA,2013,226,188,11221,NA,17.882,0.233,12473.1,0.081,12.292,0.1625,153718.5,Diesel Oil,NA,Combustion turbine,NA,Other|Water Injection,NA,NA,"CAIRNOX, CAIROS, CAIRSO2, RGGI"
NY,Wading River Facility,7146,UGT009,NA,2014,161,123.5,7790.25,NA,11.837,0.233,8257.375,0.081,10.535,0.2143,101762.15,Diesel Oil,NA,Combustion turbine,NA,Other|Water Injection,NA,NA,"CAIRNOX, CAIROS, CAIRSO2, RGGI"
NY,Wading River Facility,7146,UGT009,NA,2015,143,112.75,7243,NA,11.052,0.2329,7708.825,0.081,12.588,0.2803,95014.45,Diesel Oil,NA,Combustion turbine,NA,Other|Water Injection,NA,NA,"CSNOX, CSNOXOS, CSSO2G1, RGGI"
NY,Wading River Facility,7146,UGT009,NA,2016,172,139.25,8350.5,NA,0.043,0.001,8866.575,0.081,9.925,0.1875,109277.525,Diesel Oil,NA,Combustion turbine,NA,Other|Water Injection,NA,NA,"CSNOX, CSNOXOS, CSSO2G1, RGGI"
NY,Wading River Facility,7146,UGT009,NA,2017,80,66,4086.75,NA,0.026,0.001,4293.625,0.081,5.559,0.2223,52916.55,Diesel Oil,NA,Combustion turbine,NA,Other|Water Injection,NA,NA,"CSNOX, CSOSG2, CSSO2G1, RGGI"
NY,Wading River Facility,7146,UGT009,NA,2018,137,111.75,7978.75,NA,0.045,0.001,8033.8,0.081,10.796,0.2187,99008.2,Diesel Oil,NA,Combustion turbine,NA,Other|Water Injection,NA,NA,"CSNOX, CSOSG2, CSSO2G1, RGGI"
NY,Wading River Facility,7146,UGT009,NA,2019,110,82.25,4664.75,NA,0.032,0.001,5097.95,0.081,7.312,0.2468,62828.15,Diesel Oil,NA,Combustion turbine,NA,Other|Water Injection,NA,NA,"CSNOX, CSOSG2, CSSO2G1, RGGI"
NY,Wading River Facility,7146,UGT009,NA,2020,304,268.5,16806,NA,0.09,0.001,18139.875,0.081,34.133,0.2992,223531.575,Diesel Oil,NA,Combustion turbine,NA,Other|Water Injection,NA,NA,"CSNOX, CSOSG2, CSSO2G1, RGGI"
NY,Wading River Facility,7146,UGT009,NA,2021,211,176.44,11597.78,NA,0.068,0.001,12164.676,0.081,24.952,0.3319,149912.693,Diesel Oil,NA,Combustion turbine,NA,Other|Water Injection,NA,NA,"CSNOX, CSOSG3, CSSO2G1, RGGI"
NY,Wading River Facility,7146,UGT009,NA,2022,179,131.86,8816.5,NA,0.052,0.001,9183.1,0.0808,13.972,0.2599,113170.926,Diesel Oil,NA,Combustion turbine,NA,Other|Water Injection,NA,NA,"CSNOX, CSOSG3, CSSO2G1, RGGI"
NY,Wading River Facility,7146,UGT009,NA,2023,123,85.8,5276.96,NA,0.035,0.001,5637.475,0.0815,8,0.2361,69474.255,Diesel Oil,NA,Combustion turbine,NA,Other|Water Injection,NA,NA,"CSNOX, CSOSG3, CSSO2G1, RGGI"
NY,Wading River Facility,7146,UGT009,NA,2024,72,52.94,3230.89,NA,0.022,0.001,3459.309,0.081,5.101,0.2534,42628.48,Diesel Oil,NA,Combustion turbine,NA,Other|Water Injection,NA,NA,"CSNOX, CSOSG2E, CSSO2G1, RGGI"
NY,Wading River Facility,7146,UGT013,NA,1999,166,166,5775,NA,NA,NA,NA,NA,26.262,0.557,94300.5,Diesel Oil,NA,Combustion turbine,NA,NA,NA,NA,OTC
NY,Wading River Facility,7146,UGT013,NA,2000,5,5,128,NA,NA,NA,NA,NA,0.509,0.557,1827.4,Diesel Oil,NA,Combustion turbine,NA,NA,NA,NA,OTC
NY,Wading River Facility,7146,UGT013,NA,2001,214,214,8433,NA,NA,NA,NA,NA,134.312,1.2,223852,Diesel Oil,NA,Combustion turbine,NA,NA,NA,NA,OTC
NY,Wading River Facility,7146,UGT013,NA,2002,216,216,8023,NA,0,0,0,0,26.091,0.5224,99881.2,Diesel Oil,NA,Combustion turbine,NA,"Water Injection (Began May 01, 2002)",NA,NA,OTC
NY,Wading River Facility,7146,UGT013,NA,2003,125,125,4772,NA,NA,NA,NA,NA,17.12,0.522,65594.7,Diesel Oil,NA,Combustion turbine,NA,"Water Injection (Retired Apr 30, 2003)",NA,NA,NBP
NY,Wading River Facility,7146,UGT013,NA,2004,51,51,1804,NA,NA,NA,NA,NA,4.784,0.522,18326.3,Diesel Oil,NA,Combustion turbine,NA,NA,NA,NA,NBP
NY,Wading River Facility,7146,UGT013,NA,2005,126,126,4014,NA,NA,NA,NA,NA,15.785,0.5221,60479.5,Diesel Oil,NA,Combustion turbine,NA,NA,NA,NA,NBP
NY,Wading River Facility,7146,UGT013,NA,2006,113,113,3763,NA,NA,NA,NA,NA,14.272,0.522,54680.9,Diesel Oil,NA,Combustion turbine,NA,NA,NA,NA,NBP
NY,Wading River Facility,7146,UGT013,NA,2007,73,73,2802,NA,NA,NA,NA,NA,5.774,0.522,22119.6,Diesel Oil,NA,Combustion turbine,NA,NA,NA,NA,NBP
NY,Wading River Facility,7146,UGT013,NA,2008,31,31,968,NA,NA,NA,NA,NA,4.35,0.6211,14008.2,Diesel Oil,NA,Combustion turbine,NA,NA,NA,NA,"CAIRNOX, CAIROS, NBP"
NY,Wading River Facility,7146,UGT013,CP001,2009,25,25,853,NA,3.197,0.5001,1035.9,0.0812,3.971,0.621,12787.6,Diesel Oil,NA,Combustion turbine,NA,NA,NA,NA,"CAIRNOX, CAIROS, CAIRSO2, RGGI"
NY,Wading River Facility,7146,UGT013,CP001,2010,81,81,2519,NA,9.197,0.5001,2979.6,0.081,11.421,0.621,36782.1,Diesel Oil,NA,Combustion turbine,NA,NA,NA,NA,"CAIRNOX, CAIROS, CAIRSO2, RGGI"
NY,Wading River Facility,7146,UGT013,CP001,2011,33,33,887,NA,3.545,0.5002,1148.6,0.081,4.403,0.621,14179.4,Diesel Oil,NA,Combustion turbine,NA,NA,NA,NA,"CAIRNOX, CAIROS, CAIRSO2, RGGI"
NY,Wading River Facility,7146,UGT013,CP001,2012,30,30,879,NA,3.343,0.5,1083.5,0.081,4.152,0.621,13372,Diesel Oil,NA,Combustion turbine,NA,NA,NA,NA,"CAIRNOX, CAIROS, CAIRSO2, RGGI"
NY,Wading River Facility,7146,UGT013,CP001,2013,87,87,2511,NA,9.562,0.5003,3097,0.0808,11.718,0.5925,38241.3,Diesel Oil,NA,Combustion turbine,NA,NA,NA,NA,"CAIRNOX, CAIROS, CAIRSO2, RGGI"
NY,Wading River Facility,7146,UGT013,CP001,2014,24,24,790,NA,2.759,0.5002,894.2,0.081,2.676,0.4849,11036.5,Diesel Oil,NA,Combustion turbine,NA,NA,NA,NA,"CAIRNOX, CAIROS, CAIRSO2, RGGI"
NY,Wading River Facility,7146,UGT013,CP001,2015,62,62,1955,NA,7.116,0.5001,2305.7,0.0811,6.902,0.485,28462.6,Diesel Oil,NA,Combustion turbine,NA,NA,NA,NA,"CSNOX, CSNOXOS, CSSO2G1, RGGI"
NY,Wading River Facility,7146,UGT013,CP001,2016,118,118,4105,NA,13.741,0.4748,4751,0.081,14.224,0.485,58652,Diesel Oil,NA,Combustion turbine,NA,NA,NA,NA,"CSNOX, CSNOXOS, CSSO2G1, RGGI"
NY,Wading River Facility,7146,UGT013,CP001,2017,25,25,726,NA,0.009,0.0015,863,0.0809,2.584,0.4848,10657,Diesel Oil,NA,Combustion turbine,NA,NA,NA,NA,"CSNOX, CSOSG2, CSSO2G1, RGGI"
NY,Wading River Facility,7146,UGT013,CP001,2018,56,56,1980,NA,0.023,0.0018,2172.1,0.081,8.633,0.7149,26823.9,Diesel Oil,NA,Combustion turbine,NA,NA,NA,NA,"CSNOX, CSOSG2, CSSO2G1, RGGI"
NY,Wading River Facility,7146,UGT013,CP001,2019,27,27,931,NA,0.006,0.0011,1053.4,0.0809,4.577,0.676,13004.9,Diesel Oil,NA,Combustion turbine,NA,NA,NA,NA,"CSNOX, CSOSG2, CSSO2G1, RGGI"
NY,Wading River Facility,7146,UGT013,CP001,2020,64,64,1536,NA,0.008,8e-4,1925.2,0.0811,6.953,0.5849,23771.2,Diesel Oil,NA,Combustion turbine,NA,NA,NA,NA,"CSNOX, CSOSG2, CSSO2G1, RGGI"
NY,Wading River Facility,7146,UGT013,CP001,2021,99,99,3128,NA,0.015,9e-4,3554.4,0.0809,12.837,0.5851,43885.8,Diesel Oil,NA,Combustion turbine,NA,NA,NA,NA,"CSNOX, CSOSG3, CSSO2G1, RGGI"
NY,Wading River Facility,7146,UGT013,CP001,2022,24,24,634,NA,0.003,9e-4,719.2,0.081,2.597,0.585,8879,Diesel Oil,NA,Combustion turbine,NA,NA,NA,NA,"CSNOX, CSOSG3, CSSO2G1, RGGI"
NY,Wading River Facility,7146,UGT013,CP001,2023,21,21,564,NA,0.003,9e-4,664.2,0.0811,2.399,0.585,8200.1,Diesel Oil,NA,Combustion turbine,NA,NA,NA,NA,"CSNOX, CSOSG3, CSSO2G1, RGGI"
NY,Wading River Facility,7146,UGT013,CP001,2024,27,27,570,NA,0.004,7e-4,921.2,0.081,3.611,0.6534,11372.1,Diesel Oil,NA,Combustion turbine,NA,NA,NA,NA,"CSNOX, CSOSG2E, CSSO2G1, RGGI"
NY,Wading River Facility,7146,UGT014,NA,1999,155,155,1709,NA,NA,NA,NA,NA,8.887,0.7099,25040.5,Diesel Oil,NA,Combustion turbine,NA,NA,NA,NA,OTC
NY,Wading River Facility,7146,UGT014,NA,2000,54,54,533,NA,NA,NA,NA,NA,2.525,0.6701,7538.5,Diesel Oil,NA,Combustion turbine,NA,NA,NA,NA,OTC
NY,Wading River Facility,7146,UGT014,NA,2001,65,65,859,NA,NA,NA,NA,NA,5.192,0.771,13469.1,Diesel Oil,NA,Combustion turbine,NA,NA,NA,NA,OTC
NY,Wading River Facility,7146,UGT014,NA,2002,146,146,2091,NA,0,0,0,0,13.558,0.84,32278.3,Diesel Oil,NA,Combustion turbine,NA,"Water Injection (Began May 01, 2002)",NA,NA,OTC
NY,Wading River Facility,7146,UGT014,NA,2003,48,48,545,NA,NA,NA,NA,NA,3.349,0.8398,7973.3,Diesel Oil,NA,Combustion turbine,NA,"Water Injection (Retired Apr 30, 2003)",NA,NA,NBP
NY,Wading River Facility,7146,UGT014,NA,2004,9,9,52,NA,NA,NA,NA,NA,0.211,0.8167,517.6,Diesel Oil,NA,Combustion turbine,NA,NA,NA,NA,NBP
NY,Wading River Facility,7146,UGT014,NA,2005,63,63,547,NA,NA,NA,NA,NA,3.352,0.8322,8073.1,Diesel Oil,NA,Combustion turbine,NA,NA,NA,NA,NBP
NY,Wading River Facility,7146,UGT014,NA,2006,51,51,528,NA,NA,NA,NA,NA,3.202,0.838,7642.7,Diesel Oil,NA,Combustion turbine,NA,NA,NA,NA,NBP
NY,Wading River Facility,7146,UGT014,NA,2007,10,10,27,NA,NA,NA,NA,NA,0.158,0.8378,376.1,Diesel Oil,NA,Combustion turbine,NA,NA,NA,NA,NBP
NY,Wading River Facility,7146,UGT014,NA,2008,39,39,364,NA,NA,NA,NA,NA,2.126,0.8077,5262,Diesel Oil,NA,Combustion turbine,NA,NA,NA,NA,"CAIROS, NBP"
NY,Wading River Facility,7146,UGT014,CP001,2009,30,30,260,NA,NA,NA,NA,NA,1.659,0.7695,4318.7,Diesel Oil,NA,Combustion turbine,NA,NA,NA,NA,CAIROS
NY,Wading River Facility,7146,UGT014,CP001,2010,59,59,540,NA,NA,NA,646.1,0.0813,3.036,0.762,7968.9,Diesel Oil,NA,Combustion turbine,NA,NA,NA,NA,CAIROS
NY,Wading River Facility,7146,UGT014,CP001,2011,29,29,298,NA,NA,NA,394.9,0.0809,1.92,0.7797,4875.3,Diesel Oil,NA,Combustion turbine,NA,NA,NA,NA,CAIROS
NY,Wading River Facility,7146,UGT014,CP001,2012,20,20,171,NA,NA,NA,218.2,0.081,1.195,0.8882,2692.3,Diesel Oil,NA,Combustion turbine,NA,NA,NA,NA,CAIROS
NY,Wading River Facility,7146,UGT014,CP001,2013,83,83,893,NA,NA,NA,1110.9,0.0809,6.091,0.8881,13717.8,Diesel Oil,NA,Combustion turbine,NA,NA,NA,NA,CAIROS
NY,Wading River Facility,7146,UGT014,CP001,2014,17,17,197,NA,NA,NA,422.7,0.0811,2.317,0.888,5218,Diesel Oil,NA,Combustion turbine,NA,NA,NA,NA,CAIROS
NY,Wading River Facility,7146,UGT014,CP001,2015,44,44,429,NA,NA,NA,512.3,0.081,2.807,0.8881,6321.8,Diesel Oil,NA,Combustion turbine,NA,NA,NA,NA,SIPNOX
NY,Wading River Facility,7146,UGT014,CP001,2016,142,142,1420,NA,NA,NA,1659.3,0.0811,8.238,0.8025,20480.1,Diesel Oil,NA,Combustion turbine,NA,NA,NA,NA,SIPNOX
NY,Wading River Facility,7146,UGT014,CP001,2017,36,36,292,NA,NA,NA,370.1,0.0809,1.802,0.7888,4568,Diesel Oil,NA,Combustion turbine,NA,NA,NA,NA,SIPNOX
NY,Wading River Facility,7146,UGT014,CP001,2018,71,71,703,NA,NA,NA,864.1,0.081,4.211,0.7892,10672.5,Diesel Oil,NA,Combustion turbine,NA,NA,NA,NA,SIPNOX
NY,Wading River Facility,7146,UGT014,CP001,2019,34,34,341,NA,NA,NA,403.6,0.0808,1.965,0.7889,4981.8,Diesel Oil,NA,Combustion turbine,NA,NA,NA,NA,SIPNOX
NY,Wading River Facility,7146,UGT014,CP001,2020,6,6,69,NA,NA,NA,75.5,0.0807,0.368,0.7897,932.8,Diesel Oil,NA,Combustion turbine,NA,NA,NA,NA,SIPNOX
NY,Wading River Facility,7146,UGT014,CP001,2021,117,117,1309,NA,NA,NA,1493.3,0.081,7.339,0.7962,18441.5,Diesel Oil,NA,Combustion turbine,NA,NA,NA,NA,"RGGI, SIPNOX"
NY,Wading River Facility,7146,UGT014,CP001,2022,55,55,570,NA,NA,NA,692.9,0.0812,3.404,0.7961,8553.1,Diesel Oil,NA,Combustion turbine,NA,NA,NA,NA,"RGGI, SIPNOX"
NY,Wading River Facility,7146,UGT014,CP001,2023,56,56,598,NA,NA,NA,733.5,0.0809,3.601,0.7959,9047.2,Diesel Oil,NA,Combustion turbine,NA,NA,NA,NA,"RGGI, SIPNOX"
NY,Wading River Facility,7146,UGT014,CP001,2024,10,10,114,NA,NA,NA,150.7,0.081,0.742,0.796,1862.9,Diesel Oil,NA,Combustion turbine,NA,NA,NA,NA,"RGGI, SIPNOX"
NY,Richard M Flynn (Holtsville),7314,001,NA,1995,NA,NA,NA,NA,64,NA,538703,NA,405,NA,10155353,NA,NA,Combined cycle,NA,Dry Low NOx Burners,NA,NA,ARP
NY,Richard M Flynn (Holtsville),7314,001,NA,1996,NA,NA,NA,NA,59.5,NA,462182,NA,164,NA,7637453,NA,NA,Combined cycle,NA,Dry Low NOx Burners,NA,NA,ARP
NY,Richard M Flynn (Holtsville),7314,001,NA,1997,8485,8453.5,781900.25,NA,33.948,0.0071,337511.9,0.0346,172.269,0.0368,9737355.9,NA,NA,Combined cycle,NA,Dry Low NOx Burners,NA,NA,ARP
NY,Richard M Flynn (Holtsville),7314,001,NA,1998,7852,7832.25,726878,NA,19.789,0.0044,106436,0.011,148.235,0.035,8743622.05,NA,Residual Oil,Combined cycle,NA,Dry Low NOx Burners,NA,NA,ARP
NY,Richard M Flynn (Holtsville),7314,001,NA,1999,7320,7299,660355.75,NA,69.703,0.0142,551414.075,0.0607,188.047,0.0417,9085315.275,NA,Residual Oil,Combined cycle,NA,Dry Low NOx Burners,NA,NA,"ARP, OTC"
NY,Richard M Flynn (Holtsville),7314,001,NA,2000,8662,8649.13,803817.51,NA,99.187,0.0177,668292.247,0.0609,214.24,0.0389,10973414.672,NA,Residual Oil,Combined cycle,NA,Dry Low NOx Burners,NA,NA,"ARP, OTC"
NY,Richard M Flynn (Holtsville),7314,001,NA,2001,8530,8511.25,802043.76,NA,49.374,0.0104,575624.011,0.0604,177.783,0.0378,9481138.877,Pipeline Natural Gas,"Diesel Oil, Residual Oil",Combined cycle,NA,Dry Low NOx Burners,NA,NA,"ARP, OTC"
NY,Richard M Flynn (Holtsville),7314,001,NA,2002,8523,8508.27,841669.25,NA,27.787,0.006,585730.638,0.0596,161.312,0.0336,9761217.729,Pipeline Natural Gas,Diesel Oil,Combined cycle,NA,Dry Low NOx Burners,NA,NA,"ARP, OTC"
NY,Richard M Flynn (Holtsville),7314,001,NA,2003,7393,7355.84,716810.29,NA,68.984,0.0165,518023.183,0.0611,174.997,0.0432,8412751.967,Pipeline Natural Gas,Diesel Oil,Combined cycle,NA,Dry Low NOx Burners,NA,NA,"ARP, NBP"
NY,Richard M Flynn (Holtsville),7314,001,NA,2004,8632,8618.11,813506.81,NA,94.265,0.0185,597140.989,0.0611,189.223,0.0386,9680361.106,Pipeline Natural Gas,Diesel Oil,Combined cycle,NA,Dry Low NOx Burners,NA,NA,"ARP, NBP"
NY,Richard M Flynn (Holtsville),7314,001,NA,2005,8067,8041.93,772467.05,NA,39.174,0.0083,556200.772,0.0599,145.256,0.0319,9205164.24,Pipeline Natural Gas,Diesel Oil,Combined cycle,NA,Dry Low NOx Burners,NA,NA,"ARP, NBP"
NY,Richard M Flynn (Holtsville),7314,001,NA,2006,8267,8229.21,799128.85,NA,17.059,0.0039,572306.62,0.0594,144.634,0.031,9570522.148,Pipeline Natural Gas,Diesel Oil,Combined cycle,NA,Dry Low NOx Burners,NA,NA,"ARP, NBP"
NY,Richard M Flynn (Holtsville),7314,001,NA,2007,5716,5683.52,597600.91,NA,53.55,0.0153,407114.623,0.0612,138.141,0.0425,6581150.476,Pipeline Natural Gas,Diesel Oil,Combined cycle,NA,Dry Low NOx Burners,NA,NA,"ARP, NBP"
NY,Richard M Flynn (Holtsville),7314,001,NA,2008,8505,8487.39,859764.91,NA,33.782,0.0072,593529.805,0.0598,166.819,0.0347,9852937.185,Pipeline Natural Gas,Diesel Oil,Combined cycle,NA,Dry Low NOx Burners,NA,NA,"ARP, CAIRNOX, CAIROS, NBP"
NY,Richard M Flynn (Holtsville),7314,001,NA,2009,8443,8426.24,815079.77,NA,39.6,0.0086,594395.482,0.06,166.363,0.034,9826415.851,Pipeline Natural Gas,Diesel Oil,Combined cycle,NA,Dry Low NOx Burners,NA,NA,"ARP, CAIRNOX, CAIROS, CAIRSO2, RGGI"
NY,Richard M Flynn (Holtsville),7314,001,NA,2010,6492,6485.28,636512.2,NA,6.081,0.002,455709.986,0.0592,108.456,0.0285,7645851.902,Pipeline Natural Gas,Diesel Oil,Combined cycle,NA,Dry Low NOx Burners,NA,NA,"ARP, CAIRNOX, CAIROS, CAIRSO2, RGGI"
NY,Richard M Flynn (Holtsville),7314,001,NA,2011,7333,7308.93,701057.09,NA,3.134,0.0013,505787.544,0.059,120.84,0.029,8507936.618,Pipeline Natural Gas,Diesel Oil,Combined cycle,NA,Dry Low NOx Burners,NA,NA,"ARP, CAIRNOX, CAIROS, CAIRSO2, RGGI"
NY,Richard M Flynn (Holtsville),7314,001,NA,2012,8444,8430.56,817460.57,NA,3.066,0.001,585673.103,0.059,151.815,0.0313,9854583.144,Pipeline Natural Gas,Diesel Oil,Combined cycle,NA,Dry Low NOx Burners,NA,NA,"ARP, CAIRNOX, CAIROS, CAIRSO2, RGGI"
NY,Richard M Flynn (Holtsville),7314,001,NA,2013,8309,8304.11,808589.54,NA,8.582,0.0022,579984.407,0.0591,143.844,0.0299,9735766.486,Pipeline Natural Gas,Diesel Oil,Combined cycle,NA,Dry Low NOx Burners,NA,NA,"ARP, CAIRNOX, CAIROS, CAIRSO2, RGGI"
NY,Richard M Flynn (Holtsville),7314,001,NA,2014,8381,8369.8,808626.01,NA,15.004,0.0033,591793.962,0.0603,173.054,0.0354,9724781.112,Pipeline Natural Gas,Diesel Oil,Combined cycle,NA,Dry Low NOx Burners,NA,NA,"ARP, CAIRNOX, CAIROS, CAIRSO2, RGGI"
NY,Richard M Flynn (Holtsville),7314,001,NA,2015,7193,7180.26,673961.07,NA,2.515,0.001,495415.562,0.0597,159.992,0.0404,8244813.998,Pipeline Natural Gas,Diesel Oil,Combined cycle,NA,Dry Low NOx Burners,NA,NA,"ARP, CSNOX, CSNOXOS, CSSO2G1, RGGI"
NY,Richard M Flynn (Holtsville),7314,001,NA,2016,8407,8396.3,780441.12,NA,2.869,0.001,566238.644,0.0593,143.858,0.031,9484636.679,Pipeline Natural Gas,Diesel Oil,Combined cycle,NA,Dry Low NOx Burners,NA,NA,"ARP, CSNOX, CSNOXOS, CSSO2G1, RGGI"
NY,Richard M Flynn (Holtsville),7314,001,NA,2017,7504,7498.36,642654.67,NA,16.317,0.0045,474397.267,0.0593,121.729,0.031,7939322.224,Pipeline Natural Gas,Diesel Oil,Combined cycle,NA,Dry Low NOx Burners,NA,NA,"ARP, CSNOX, CSOSG2, CSSO2G1, RGGI"
NY,Richard M Flynn (Holtsville),7314,001,NA,2018,5502,5393.93,421429.98,NA,1.725,0.001,324616.859,0.0599,98.466,0.04,5374166.072,Pipeline Natural Gas,Diesel Oil,Combined cycle,NA,Dry Low NOx Burners,NA,NA,"ARP, CSNOX, CSOSG2, CSSO2G1, RGGI"
NY,Richard M Flynn (Holtsville),7314,001,NA,2019,3471,3358.92,258380.92,NA,1.041,0.001,198820.283,0.0597,62.942,0.0449,3307903.837,Pipeline Natural Gas,Diesel Oil,Combined cycle,NA,Dry Low NOx Burners,NA,NA,"ARP, CSNOX, CSOSG2, CSSO2G1, RGGI"
NY,Richard M Flynn (Holtsville),7314,001,NA,2020,4793,4723.8,383398.55,NA,2.627,0.0017,278476.368,0.0591,76.412,0.0363,4680842.066,Pipeline Natural Gas,Diesel Oil,Combined cycle,NA,Dry Low NOx Burners,NA,NA,"ARP, CSNOX, CSOSG2, CSSO2G1, RGGI"
NY,Richard M Flynn (Holtsville),7314,001,NA,2021,1117,1086.08,87129.22,NA,2.062,0.0044,64990.927,0.0596,20.989,0.0462,1084042.569,Pipeline Natural Gas,Diesel Oil,Combined cycle,NA,Dry Low NOx Burners,NA,NA,"ARP, CSNOX, CSOSG3, CSSO2G1, RGGI"
NY,Richard M Flynn (Holtsville),7314,001,NA,2022,5604,5503.78,457468.22,NA,2.087,0.0011,359947.268,0.0616,142.395,0.0521,5778094.01,Pipeline Natural Gas,Diesel Oil,Combined cycle,NA,Dry Low NOx Burners,NA,NA,"ARP, CSNOX, CSOSG3, CSSO2G1, RGGI"
NY,Richard M Flynn (Holtsville),7314,001,NA,2023,3765,3654.9,270792.31,NA,1.064,0.001,207504.694,0.0593,67.492,0.0465,3474834.834,Pipeline Natural Gas,Diesel Oil,Combined cycle,NA,Dry Low NOx Burners,NA,NA,"ARP, CSNOX, CSOSG3, CSSO2G1, RGGI"
NY,Richard M Flynn (Holtsville),7314,001,NA,2024,4084,4002.75,317388.13,NA,1.181,0.001,233756.552,0.059,61.87,0.0364,3932477.884,Pipeline Natural Gas,Diesel Oil,Combined cycle,NA,Dry Low NOx Burners,NA,NA,"ARP, CSNOX, CSOSG2E, CSSO2G1, RGGI"
NY,Glenwood Landing Energy Center,7869,UGT011,NA,2000,23,23,165,NA,NA,NA,NA,NA,0.803,0.5295,3029.3,Diesel Oil,NA,Combustion turbine,NA,NA,NA,NA,OTC
NY,Glenwood Landing Energy Center,7869,UGT011,NA,2001,78,78,691,NA,NA,NA,NA,NA,3.026,0.443,13660.5,Diesel Oil,NA,Combustion turbine,NA,NA,NA,NA,OTC
NY,Glenwood Landing Energy Center,7869,UGT011,NA,2002,149,149,1333,NA,0,0,0,0,5.164,0.4778,21606.4,Diesel Oil,NA,Combustion turbine,NA,"Water Injection (Began May 01, 2002)",NA,NA,OTC
NY,Glenwood Landing Energy Center,7869,UGT011,NA,2003,104,104,862,NA,NA,NA,NA,NA,4.383,0.4844,17956.1,Diesel Oil,NA,Combustion turbine,NA,"Water Injection (Retired Apr 30, 2003)",NA,NA,NBP
NY,Glenwood Landing Energy Center,7869,UGT011,NA,2004,116,116,1025,NA,NA,NA,NA,NA,2.845,0.4783,11901.1,Diesel Oil,NA,Combustion turbine,NA,NA,NA,NA,NBP
NY,Glenwood Landing Energy Center,7869,UGT011,NA,2005,12,12,95,NA,NA,NA,NA,NA,0.226,0.4558,987.3,Diesel Oil,NA,Combustion turbine,NA,NA,NA,NA,NBP
NY,Glenwood Landing Energy Center,7869,UGT011,NA,2006,79,79,767,NA,NA,NA,NA,NA,3.14,0.4341,14469.5,Diesel Oil,NA,Combustion turbine,NA,NA,NA,NA,NBP
NY,Glenwood Landing Energy Center,7869,UGT011,NA,2007,16,16,141,NA,NA,NA,NA,NA,0.36,0.4339,1660,Diesel Oil,NA,Combustion turbine,NA,NA,NA,NA,NBP
NY,Glenwood Landing Energy Center,7869,UGT011,NA,2008,5,5,35,NA,NA,NA,NA,NA,0.159,0.4342,732.2,Diesel Oil,NA,Combustion turbine,NA,NA,NA,NA,"CAIROS, NBP"
NY,Glenwood Landing Energy Center,7869,UGT011,NA,2009,7,7,70,NA,NA,NA,NA,NA,0.337,0.5653,1192,Diesel Oil,NA,Combustion turbine,NA,NA,NA,NA,CAIROS
NY,Glenwood Landing Energy Center,7869,UGT011,NA,2010,786,786,939,NA,NA,NA,519.4,0.0801,1.815,0.5605,6432.5,Diesel Oil,NA,Combustion turbine,NA,NA,NA,NA,CAIROS
NY,Glenwood Landing Energy Center,7869,UGT011,NA,2011,16,16,112,NA,NA,NA,230.6,0.081,1.052,0.7373,2848.1,Diesel Oil,NA,Combustion turbine,NA,NA,NA,NA,CAIROS
NY,Glenwood Landing Energy Center,7869,UGT011,NA,2012,15,15,124,NA,NA,NA,219.1,0.0811,1.624,1.2,2706.1,Diesel Oil,NA,Combustion turbine,NA,NA,NA,NA,CAIROS
NY,Glenwood Landing Energy Center,7869,UGT011,NA,2013,35,35,274,NA,NA,NA,425.3,0.0809,3.152,1.2001,5254,Diesel Oil,NA,Combustion turbine,NA,NA,NA,NA,CAIROS
NY,Glenwood Landing Energy Center,7869,UGT011,NA,2014,9,9,89,NA,NA,NA,134.7,0.0813,0.997,1.2002,1660.9,Diesel Oil,NA,Combustion turbine,NA,NA,NA,NA,CAIROS
NY,Glenwood Landing Energy Center,7869,UGT011,NA,2015,52,52,377,NA,NA,NA,607.5,0.081,4.501,1.2,7502.7,Diesel Oil,NA,Combustion turbine,NA,NA,NA,NA,SIPNOX
NY,Glenwood Landing Energy Center,7869,UGT011,NA,2016,43,43,123,NA,NA,NA,240.8,0.0809,1.785,1.2001,2975.3,Diesel Oil,NA,Combustion turbine,NA,NA,NA,NA,SIPNOX
NY,Glenwood Landing Energy Center,7869,UGT011,NA,2017,19,19,111,NA,NA,NA,192,0.0812,1.42,1.2002,2366.2,Diesel Oil,NA,Combustion turbine,NA,NA,NA,NA,SIPNOX
NY,Glenwood Landing Energy Center,7869,UGT011,NA,2018,11,11,94,NA,NA,NA,142.5,0.0811,1.055,1.2,1758.9,Diesel Oil,NA,Combustion turbine,NA,NA,NA,NA,SIPNOX
NY,Glenwood Landing Energy Center,7869,UGT011,NA,2019,59,59,225,NA,NA,NA,285.9,0.0777,2.126,1.2045,3542,Diesel Oil,NA,Combustion turbine,NA,NA,NA,NA,SIPNOX
NY,Glenwood Landing Energy Center,7869,UGT011,NA,2020,28,28,214,NA,NA,NA,288.1,0.0811,2.133,1.2001,3555.8,Diesel Oil,NA,Combustion turbine,NA,NA,NA,NA,SIPNOX
NY,Glenwood Landing Energy Center,7869,UGT011,NA,2021,1,1,3,NA,NA,NA,2.9,0.081,0.022,1.2,36,Diesel Oil,NA,Combustion turbine,NA,NA,NA,NA,"RGGI, SIPNOX"
NY,Glenwood Landing Energy Center,7869,UGT011,NA,2022,6,6,10,NA,NA,NA,7.7,0.0833,0.056,1.2015,94,Diesel Oil,NA,Combustion turbine,NA,NA,NA,NA,"RGGI, SIPNOX"
NY,Glenwood Landing Energy Center,7869,UGT011,NA,2023,0,0,NA,NA,NA,NA,NA,NA,NA,NA,NA,Diesel Oil,NA,Combustion turbine,NA,NA,NA,NA,"RGGI, SIPNOX"
NY,Glenwood Landing Energy Center,7869,UGT011,NA,2024,4,4,8,NA,NA,NA,37.6,0.081,0.279,1.2,465,Diesel Oil,NA,Combustion turbine,NA,NA,NA,NA,"RGGI, SIPNOX"
NY,Glenwood Landing Energy Center,7869,UGT012,NA,2002,487,418.5,15666.25,NA,0.042,0.001,8251.175,0.0592,1.156,0.0372,138846.55,Pipeline Natural Gas,Diesel Oil,"Combustion turbine (Started Jun 01, 2002)",NA,Water Injection|Selective Catalytic Reduction,NA,NA,ARP
NY,Glenwood Landing Energy Center,7869,UGT012,NA,2003,1550,1379.75,52516.75,NA,0.987,0.0044,30488.55,0.0618,4.958,0.0427,492200.325,Pipeline Natural Gas,Diesel Oil,Combustion turbine,NA,Water Injection|Selective Catalytic Reduction,NA,NA,"ARP, NBP"
NY,Glenwood Landing Energy Center,7869,UGT012,NA,2004,1581,1364,51433.75,NA,0.852,0.004,29614.175,0.0615,4.413,0.0462,480576.15,Pipeline Natural Gas,Diesel Oil,Combustion turbine,NA,Water Injection|Selective Catalytic Reduction,NA,NA,"ARP, NBP"
NY,Glenwood Landing Energy Center,7869,UGT012,NA,2005,2225,1872.25,70769.25,NA,0.835,0.0029,31575.05,0.0608,4.004,0.0412,514127.45,Pipeline Natural Gas,Diesel Oil,Combustion turbine,NA,Water Injection|Selective Catalytic Reduction,NA,NA,"ARP, NBP"
NY,Glenwood Landing Energy Center,7869,UGT012,NA,2006,2460,2030.5,76928.5,NA,0.312,0.0013,44127.25,0.0595,5.248,0.0449,740676.75,Pipeline Natural Gas,Diesel Oil,Combustion turbine,NA,Water Injection|Selective Catalytic Reduction,NA,NA,"ARP, NBP"
NY,Glenwood Landing Energy Center,7869,UGT012,NA,2007,2257,1856.75,70517.75,NA,0.255,0.0012,39620.95,0.0594,4.461,0.0424,665537.4,Pipeline Natural Gas,Diesel Oil,Combustion turbine,NA,Water Injection|Selective Catalytic Reduction,NA,NA,"ARP, NBP"
NY,Glenwood Landing Energy Center,7869,UGT012,NA,2008,1167,954,35768.25,NA,0.179,0.0015,20872.675,0.0596,2.637,0.0405,349800.375,Pipeline Natural Gas,Diesel Oil,Combustion turbine,NA,Water Injection|Selective Catalytic Reduction,NA,NA,"ARP, CAIRNOX, CAIROS, NBP"
NY,Glenwood Landing Energy Center,7869,UGT012,NA,2009,892,700.5,25881,NA,0.138,0.0015,15250.25,0.0599,2.01,0.0435,253965.375,Pipeline Natural Gas,Diesel Oil,Combustion turbine,NA,Water Injection|Selective Catalytic Reduction,NA,NA,"ARP, CAIRNOX, CAIROS, CAIRSO2, RGGI"
NY,Glenwood Landing Energy Center,7869,UGT012,NA,2010,1436,1222.25,47569,NA,0.129,0.001,26081.7,0.0593,2.407,0.0308,438591.375,Pipeline Natural Gas,Diesel Oil,Combustion turbine,NA,Water Injection|Selective Catalytic Reduction,NA,NA,"ARP, CAIRNOX, CAIROS, CAIRSO2, RGGI"
NY,Glenwood Landing Energy Center,7869,UGT012,NA,2011,1828,1520,59323.5,NA,0.217,9e-4,34636.175,0.0594,3.343,0.0399,581384.3,Pipeline Natural Gas,Diesel Oil,Combustion turbine,NA,Water Injection|Selective Catalytic Reduction,NA,NA,"ARP, CAIRNOX, CAIROS, CAIRSO2, RGGI"
NY,Glenwood Landing Energy Center,7869,UGT012,NA,2012,2036,1761.75,69198.5,NA,0.177,8e-4,40118.825,0.0593,3.891,0.0406,675060.2,Pipeline Natural Gas,Diesel Oil,Combustion turbine,NA,Water Injection|Selective Catalytic Reduction,NA,NA,"ARP, CAIRNOX, CAIROS, CAIRSO2, RGGI"
NY,Glenwood Landing Energy Center,7869,UGT012,NA,2013,1720,1493.75,58126.5,NA,0.166,0.0011,33564.825,0.0593,3.377,0.0415,564323,Pipeline Natural Gas,Diesel Oil,Combustion turbine,NA,Water Injection|Selective Catalytic Reduction,NA,NA,"ARP, CAIRNOX, CAIROS, CAIRSO2, RGGI"
NY,Glenwood Landing Energy Center,7869,UGT012,NA,2014,3053,2651.25,104114.25,NA,0.708,0.0019,60781.425,0.0599,6.356,0.0399,1011922.125,Pipeline Natural Gas,Diesel Oil,Combustion turbine,NA,Water Injection|Selective Catalytic Reduction,NA,NA,"ARP, CAIRNOX, CAIROS, CAIRSO2, RGGI"
NY,Glenwood Landing Energy Center,7869,UGT012,NA,2015,3156,2694.75,107209.5,NA,0.767,0.0015,64311.125,0.06,6.376,0.0381,1070516.1,Pipeline Natural Gas,Diesel Oil,Combustion turbine,NA,Water Injection|Selective Catalytic Reduction,NA,NA,"ARP, CSNOX, CSNOXOS, CSSO2G1, RGGI"
NY,Glenwood Landing Energy Center,7869,UGT012,NA,2016,3034,2598.5,102042.25,NA,0.272,5e-4,60614.8,0.0593,5.574,0.0337,1019706.65,Pipeline Natural Gas,Diesel Oil,Combustion turbine,NA,Water Injection|Selective Catalytic Reduction,NA,NA,"ARP, CSNOX, CSNOXOS, CSSO2G1, RGGI"
NY,Glenwood Landing Energy Center,7869,UGT012,NA,2017,1944,1594.75,61443.75,NA,0.172,6e-4,36712.775,0.0598,4.039,0.0425,613299.925,Pipeline Natural Gas,Diesel Oil,Combustion turbine,NA,Water Injection|Selective Catalytic Reduction,NA,NA,"ARP, CSNOX, CSOSG2, CSSO2G1, RGGI"
NY,Glenwood Landing Energy Center,7869,UGT012,NA,2018,1195,989.75,38015.5,NA,0.108,6e-4,23278.85,0.061,2.772,0.0437,381813.775,Pipeline Natural Gas,Diesel Oil,Combustion turbine,NA,Water Injection|Selective Catalytic Reduction,NA,NA,"ARP, CSNOX, CSOSG2, CSSO2G1, RGGI"
NY,Glenwood Landing Energy Center,7869,UGT012,NA,2019,1336,1039.75,41861.25,NA,0.135,9e-4,24364.1,0.0595,3.035,0.049,409541.6,Pipeline Natural Gas,Diesel Oil,Combustion turbine,NA,Water Injection|Selective Catalytic Reduction,NA,NA,"ARP, CSNOX, CSOSG2, CSSO2G1, RGGI"
NY,Glenwood Landing Energy Center,7869,UGT012,NA,2020,1905,1600.25,67283.75,NA,0.224,0.001,39585.45,0.0594,4.172,0.0373,664717.35,Pipeline Natural Gas,Diesel Oil,Combustion turbine,NA,Water Injection|Selective Catalytic Reduction,NA,NA,"ARP, CSNOX, CSOSG2, CSSO2G1, RGGI"
NY,Glenwood Landing Energy Center,7869,UGT012,NA,2021,2487,2115.55,90485.68,NA,0.297,0.001,52619.82,0.0594,4.808,0.0348,884208.988,Pipeline Natural Gas,Diesel Oil,Combustion turbine,NA,Water Injection|Selective Catalytic Reduction,NA,NA,"ARP, CSNOX, CSOSG3, CSSO2G1, RGGI"
NY,Glenwood Landing Energy Center,7869,UGT012,NA,2022,2926,2473.28,110182.49,NA,0.326,0.001,65252.003,0.0597,5.387,0.0343,1090451.749,Pipeline Natural Gas,Diesel Oil,Combustion turbine,NA,Water Injection|Selective Catalytic Reduction,NA,NA,"ARP, CSNOX, CSOSG3, CSSO2G1, RGGI"
NY,Glenwood Landing Energy Center,7869,UGT012,NA,2023,1972,1639.42,72492.03,NA,0.215,0.001,42581.914,0.0594,3.545,0.032,715433.763,Pipeline Natural Gas,Diesel Oil,Combustion turbine,NA,Water Injection|Selective Catalytic Reduction,NA,NA,"ARP, CSNOX, CSOSG3, CSSO2G1, RGGI"
NY,Glenwood Landing Energy Center,7869,UGT012,NA,2024,2044,1631.09,72299.94,NA,0.215,0.001,42572.997,0.0595,4.084,0.0398,714485.608,Pipeline Natural Gas,Diesel Oil,Combustion turbine,NA,Water Injection|Selective Catalytic Reduction,NA,NA,"ARP, CSNOX, CSOSG2E, CSSO2G1, RGGI"
NY,Glenwood Landing Energy Center,7869,UGT013,NA,2002,538,463.75,17049,NA,0.052,0.0011,10093.9,0.0594,2.048,0.0405,169798.525,Pipeline Natural Gas,Diesel Oil,"Combustion turbine (Started Jun 01, 2002)",NA,Water Injection|Selective Catalytic Reduction,NA,NA,ARP
NY,Glenwood Landing Energy Center,7869,UGT013,NA,2003,1513,1355.25,50405.5,NA,0.89,0.0042,30912.875,0.0617,4.375,0.0373,501785.45,Pipeline Natural Gas,Diesel Oil,Combustion turbine,NA,Water Injection|Selective Catalytic Reduction,NA,NA,"ARP, NBP"
NY,Glenwood Landing Energy Center,7869,UGT013,NA,2004,1697,1479.75,54574.25,NA,1.174,0.0046,34268.675,0.062,4.734,0.0382,551476.375,Pipeline Natural Gas,Diesel Oil,Combustion turbine,NA,Water Injection|Selective Catalytic Reduction,NA,NA,"ARP, NBP"
NY,Glenwood Landing Energy Center,7869,UGT013,NA,2005,1985,1665.25,62501,NA,0.618,0.0024,37357.6,0.0604,4.768,0.0424,617750.625,Pipeline Natural Gas,Diesel Oil,Combustion turbine,NA,Water Injection|Selective Catalytic Reduction,NA,NA,"ARP, NBP"
NY,Glenwood Landing Energy Center,7869,UGT013,NA,2006,2432,2013.5,76628.5,NA,0.227,0.001,44888.975,0.0593,5.338,0.0431,755170.475,Pipeline Natural Gas,Diesel Oil,Combustion turbine,NA,Water Injection|Selective Catalytic Reduction,NA,NA,"ARP, NBP"
NY,Glenwood Landing Energy Center,7869,UGT013,NA,2007,2111,1729.25,65780.25,NA,0.224,0.0012,35970.1,0.0594,3.924,0.0422,604285.15,Pipeline Natural Gas,Diesel Oil,Combustion turbine,NA,Water Injection|Selective Catalytic Reduction,NA,NA,"ARP, NBP"
NY,Glenwood Landing Energy Center,7869,UGT013,NA,2008,1308,1071,40182.75,NA,0.168,0.0013,24171.1,0.0595,3.16,0.0475,405789.25,Pipeline Natural Gas,Diesel Oil,Combustion turbine,NA,Water Injection|Selective Catalytic Reduction,NA,NA,"ARP, CAIRNOX, CAIROS, NBP"
NY,Glenwood Landing Energy Center,7869,UGT013,NA,2009,880,695.25,25880.75,NA,0.125,0.0014,15297.125,0.0599,2.006,0.0472,255222.4,Pipeline Natural Gas,Diesel Oil,Combustion turbine,NA,Water Injection|Selective Catalytic Reduction,NA,NA,"ARP, CAIRNOX, CAIROS, CAIRSO2, RGGI"
NY,Glenwood Landing Energy Center,7869,UGT013,NA,2010,1871,1539.75,58071.75,NA,0.155,6e-4,35037.175,0.0592,3.849,0.0434,589581.6,Pipeline Natural Gas,Diesel Oil,Combustion turbine,NA,Water Injection|Selective Catalytic Reduction,NA,NA,"ARP, CAIRNOX, CAIROS, CAIRSO2, RGGI"
NY,Glenwood Landing Energy Center,7869,UGT013,NA,2011,999,788.5,29444.5,NA,0.154,0.001,17837.05,0.0596,3.021,0.0646,298276.175,Pipeline Natural Gas,Diesel Oil,Combustion turbine,NA,Water Injection|Selective Catalytic Reduction,NA,NA,"ARP, CAIRNOX, CAIROS, CAIRSO2, RGGI"
NY,Glenwood Landing Energy Center,7869,UGT013,NA,2012,2080,1810.5,71381.25,NA,0.223,6e-4,43513.45,0.0592,3.817,0.0351,732212.525,Pipeline Natural Gas,Diesel Oil,Combustion turbine,NA,Water Injection|Selective Catalytic Reduction,NA,NA,"ARP, CAIRNOX, CAIROS, CAIRSO2, RGGI"
NY,Glenwood Landing Energy Center,7869,UGT013,NA,2013,2553,2180.25,87486,NA,0.244,6e-4,51945.075,0.0593,5.174,0.0397,874070,Pipeline Natural Gas,Diesel Oil,Combustion turbine,NA,Water Injection|Selective Catalytic Reduction,NA,NA,"ARP, CAIRNOX, CAIROS, CAIRSO2, RGGI"
NY,Glenwood Landing Energy Center,7869,UGT013,NA,2014,3079,2641.5,102421,NA,0.731,0.0016,61245.1,0.06,6.315,0.0383,1019078.5,Pipeline Natural Gas,Diesel Oil,Combustion turbine,NA,Water Injection|Selective Catalytic Reduction,NA,NA,"ARP, CAIRNOX, CAIROS, CAIRSO2, RGGI"
NY,Glenwood Landing Energy Center,7869,UGT013,NA,2015,2361,2045.25,79317,NA,0.256,6e-4,47733.95,0.0595,5.842,0.0412,801896.175,Pipeline Natural Gas,Diesel Oil,Combustion turbine,NA,Water Injection|Selective Catalytic Reduction,NA,NA,"ARP, CSNOX, CSNOXOS, CSSO2G1, RGGI"
NY,Glenwood Landing Energy Center,7869,UGT013,NA,2016,2992,2549.75,98563.25,NA,0.257,4e-4,59283.675,0.0594,5.913,0.0389,995565.625,Pipeline Natural Gas,Diesel Oil,Combustion turbine,NA,Water Injection|Selective Catalytic Reduction,NA,NA,"ARP, CSNOX, CSNOXOS, CSSO2G1, RGGI"
NY,Glenwood Landing Energy Center,7869,UGT013,NA,2017,1458,1197.25,45174.5,NA,0.12,4e-4,27563.375,0.0593,3.003,0.0449,463799.175,Pipeline Natural Gas,Diesel Oil,Combustion turbine,NA,Water Injection|Selective Catalytic Reduction,NA,NA,"ARP, CSNOX, CSOSG2, CSSO2G1, RGGI"
NY,Glenwood Landing Energy Center,7869,UGT013,NA,2018,1669,1368.75,53839,NA,0.156,8e-4,31362.15,0.0594,3.371,0.046,526894.85,Pipeline Natural Gas,Diesel Oil,Combustion turbine,NA,Water Injection|Selective Catalytic Reduction,NA,NA,"ARP, CSNOX, CSOSG2, CSSO2G1, RGGI"
NY,Glenwood Landing Energy Center,7869,UGT013,NA,2019,1405,1088.75,43546.75,NA,0.145,9e-4,25542.225,0.0595,3.111,0.0543,429373.05,Pipeline Natural Gas,Diesel Oil,Combustion turbine,NA,Water Injection|Selective Catalytic Reduction,NA,NA,"ARP, CSNOX, CSOSG2, CSSO2G1, RGGI"
NY,Glenwood Landing Energy Center,7869,UGT013,NA,2020,1371,1111.25,45369.25,NA,0.153,0.001,26752,0.0596,3.162,0.0482,448570.525,Pipeline Natural Gas,Diesel Oil,Combustion turbine,NA,Water Injection|Selective Catalytic Reduction,NA,NA,"ARP, CSNOX, CSOSG2, CSSO2G1, RGGI"
NY,Glenwood Landing Energy Center,7869,UGT013,NA,2021,1662,1401.69,60329.21,NA,0.195,0.001,35303.573,0.0598,3.352,0.0388,589740.348,Pipeline Natural Gas,Diesel Oil,Combustion turbine,NA,Water Injection|Selective Catalytic Reduction,NA,NA,"ARP, CSNOX, CSOSG3, CSSO2G1, RGGI"
NY,Glenwood Landing Energy Center,7869,UGT013,NA,2022,2741,2281.87,102503.94,NA,0.298,0.001,59629.014,0.0598,4.79,0.0408,996384.462,Pipeline Natural Gas,Diesel Oil,Combustion turbine,NA,Water Injection|Selective Catalytic Reduction,NA,NA,"ARP, CSNOX, CSOSG3, CSSO2G1, RGGI"
NY,Glenwood Landing Energy Center,7869,UGT013,NA,2023,2538,1998.61,89667.4,NA,0.263,0.001,52185.845,0.0593,4.403,0.0492,877854.587,Pipeline Natural Gas,Diesel Oil,Combustion turbine,NA,Water Injection|Selective Catalytic Reduction,NA,NA,"ARP, CSNOX, CSOSG3, CSSO2G1, RGGI"
NY,Glenwood Landing Energy Center,7869,UGT013,NA,2024,2028,1586.71,70730.29,NA,0.208,0.001,41143.282,0.0594,3.826,0.0469,691514.399,Pipeline Natural Gas,Diesel Oil,Combustion turbine,NA,Water Injection|Selective Catalytic Reduction,NA,NA,"ARP, CSNOX, CSOSG2E, CSSO2G1, RGGI"
NY,Vernon Boulevard,7909,VB01,NA,2001,153,107.98,3966.3,NA,0.012,0.001,2352.701,0.0594,0.841,0.1206,39579.052,Pipeline Natural Gas,NA,"Combustion turbine (Started Jun 19, 2001)",NA,Selective Catalytic Reduction,NA,NA,ARP
NY,Vernon Boulevard,7909,VB01,NA,2002,2434,1939.03,76923.63,NA,0.231,0.001,45694.186,0.0593,4.054,0.0233,768900.574,Pipeline Natural Gas,NA,Combustion turbine,NA,Selective Catalytic Reduction,NA,NA,ARP
NY,Vernon Boulevard,7909,VB01,NA,2003,1165,1025.72,41528.11,NA,0.124,0.001,24639.114,0.0592,2.223,0.0125,414605.473,Pipeline Natural Gas,NA,Combustion turbine,NA,Selective Catalytic Reduction,NA,NA,"ARP, NBP"
NY,Vernon Boulevard,7909,VB01,NA,2004,1485,1239.54,50702.2,NA,0.146,0.001,28901.758,0.0592,2.757,0.0208,486349.93,Pipeline Natural Gas,NA,Combustion turbine,NA,Selective Catalytic Reduction,NA,NA,"ARP, NBP"
NY,Vernon Boulevard,7909,VB01,NA,2005,2166,1782.57,73561.38,NA,0.203,0.001,40242.245,0.0592,3.348,0.0235,677151.819,Pipeline Natural Gas,NA,Combustion turbine,NA,Selective Catalytic Reduction,NA,NA,"ARP, NBP"
NY,Vernon Boulevard,7909,VB01,NA,2006,1614,1280.04,52164.84,NA,0.149,0.001,29598.778,0.0592,2.774,0.0237,498065.624,Pipeline Natural Gas,NA,Combustion turbine,NA,Selective Catalytic Reduction,NA,NA,"ARP, NBP"
NY,Vernon Boulevard,7909,VB01,NA,2007,1653,1328.2,54112.45,NA,0.163,0.001,32302.555,0.0592,2.965,0.0257,543563.434,Pipeline Natural Gas,NA,Combustion turbine,NA,Selective Catalytic Reduction,NA,NA,"ARP, NBP"
NY,Vernon Boulevard,7909,VB01,NA,2008,1576,1286.81,52548.94,NA,0.158,0.001,31247.842,0.0592,3.163,0.0273,525790.71,Pipeline Natural Gas,NA,Combustion turbine,NA,Selective Catalytic Reduction,NA,NA,"ARP, CAIRNOX, CAIROS, NBP"
NY,Vernon Boulevard,7909,VB01,NA,2009,391,251.57,9629.68,NA,0.027,0.001,5415.794,0.0593,0.631,0.0409,91140.541,Pipeline Natural Gas,NA,Combustion turbine,NA,Selective Catalytic Reduction,NA,NA,"ARP, CAIRNOX, CAIROS, CAIRSO2, RGGI"
NY,Vernon Boulevard,7909,VB01,NA,2010,1224,985.31,40143.12,NA,0.112,0.001,22125.15,0.0593,1.844,0.0219,372301.572,Pipeline Natural Gas,NA,Combustion turbine,NA,Selective Catalytic Reduction,NA,NA,"ARP, CAIRNOX, CAIROS, CAIRSO2, RGGI"
NY,Vernon Boulevard,7909,VB01,NA,2011,1305,1023.28,41376.72,NA,0.116,0.001,22909.726,0.0593,1.887,0.0227,385498.711,Pipeline Natural Gas,NA,Combustion turbine,NA,Selective Catalytic Reduction,NA,NA,"ARP, CAIRNOX, CAIROS, CAIRSO2, RGGI"
NY,Vernon Boulevard,7909,VB01,NA,2012,1104,900.92,36158.16,NA,0.102,0.001,20141.308,0.0592,1.881,0.0261,338907.103,Pipeline Natural Gas,NA,Combustion turbine,NA,Selective Catalytic Reduction,NA,NA,"ARP, CAIRNOX, CAIROS, CAIRSO2, RGGI"
NY,Vernon Boulevard,7909,VB01,NA,2013,1401,1092.06,43938.61,NA,0.123,0.001,24333.823,0.0593,2.325,0.0344,409454.9,Pipeline Natural Gas,NA,Combustion turbine,NA,Selective Catalytic Reduction,NA,NA,"ARP, CAIRNOX, CAIROS, CAIRSO2, RGGI"
NY,Vernon Boulevard,7909,VB01,NA,2014,945,732.33,29497.32,NA,0.083,0.001,16363.316,0.0592,1.771,0.0368,275359.524,Pipeline Natural Gas,NA,Combustion turbine,NA,Selective Catalytic Reduction,NA,NA,"ARP, CAIRNOX, CAIROS, CAIRSO2, RGGI"
NY,Vernon Boulevard,7909,VB01,NA,2015,908,715.55,28731.01,NA,0.082,0.001,16156.202,0.0593,1.617,0.0308,271847.574,Pipeline Natural Gas,NA,Combustion turbine,NA,Selective Catalytic Reduction,NA,NA,"ARP, CSNOX, CSNOXOS, CSSO2G1, RGGI"
NY,Vernon Boulevard,7909,VB01,NA,2016,815,629,25031.37,NA,0.072,0.001,14196.104,0.0593,1.649,0.0354,238875.521,Pipeline Natural Gas,NA,Combustion turbine,NA,Selective Catalytic Reduction,NA,NA,"ARP, CSNOX, CSNOXOS, CSSO2G1, RGGI"
NY,Vernon Boulevard,7909,VB01,NA,2017,717,564.37,22669.42,NA,0.065,0.001,12933.459,0.0592,1.378,0.0311,217642.734,Pipeline Natural Gas,NA,Combustion turbine,NA,Selective Catalytic Reduction,NA,NA,"ARP, CSNOX, CSOSG2, CSSO2G1, RGGI"
NY,Vernon Boulevard,7909,VB01,NA,2018,783,626.3,25301.43,NA,0.073,0.001,14455.912,0.0592,1.392,0.0278,243252.674,Pipeline Natural Gas,NA,Combustion turbine,NA,Selective Catalytic Reduction,NA,NA,"ARP, CSNOX, CSOSG2, CSSO2G1, RGGI"
NY,Vernon Boulevard,7909,VB01,NA,2019,508,380.9,14635.77,NA,0.043,0.001,8567.504,0.0593,1.011,0.0337,144159.067,Pipeline Natural Gas,NA,Combustion turbine,NA,Selective Catalytic Reduction,NA,NA,"ARP, CSNOX, CSOSG2, CSSO2G1, RGGI"
NY,Vernon Boulevard,7909,VB01,NA,2020,985,766.31,30038.53,NA,0.088,0.001,17471.275,0.0593,1.897,0.0308,293978.369,Pipeline Natural Gas,NA,Combustion turbine,NA,Selective Catalytic Reduction,NA,NA,"ARP, CSNOX, CSOSG2, CSSO2G1, RGGI"
NY,Vernon Boulevard,7909,VB01,NA,2021,1346,1083.34,43556.75,NA,0.132,0.001,26086.848,0.0592,2.583,0.0247,438953.631,Pipeline Natural Gas,NA,Combustion turbine,NA,Selective Catalytic Reduction,NA,NA,"ARP, CSNOX, CSOSG3, CSSO2G1, RGGI"
NY,Vernon Boulevard,7909,VB01,NA,2022,2016,1647.76,66530.61,NA,0.203,0.001,40117.006,0.0592,3.857,0.022,675045.061,Pipeline Natural Gas,NA,Combustion turbine,NA,Selective Catalytic Reduction,NA,NA,"ARP, CSNOX, CSOSG3, CSSO2G1, RGGI"
NY,Vernon Boulevard,7909,VB01,NA,2023,1938,1606.68,64926.89,NA,0.199,0.001,39479.755,0.0592,3.406,0.0195,664327.45,Pipeline Natural Gas,NA,Combustion turbine,NA,Selective Catalytic Reduction,NA,NA,"ARP, CSNOX, CSOSG3, CSSO2G1, RGGI"
NY,Vernon Boulevard,7909,VB01,NA,2024,1799,1450.44,58144.97,NA,0.173,0.001,34205.317,0.0592,3.065,0.0202,575584.97,Pipeline Natural Gas,NA,Combustion turbine,NA,Selective Catalytic Reduction,NA,NA,"ARP, CSNOX, CSOSG2E, CSSO2G1, RGGI"
NY,Vernon Boulevard,7909,VB02,NA,2001,200,139.21,5371.1,NA,0.016,0.001,3163.748,0.0593,1.066,0.107,53236.099,Pipeline Natural Gas,NA,"Combustion turbine (Started Jun 14, 2001)",NA,Selective Catalytic Reduction,NA,NA,ARP
NY,Vernon Boulevard,7909,VB02,NA,2002,2544,2013.27,79984.11,NA,0.237,0.001,46880.471,0.0592,4.545,0.0268,788884.241,Pipeline Natural Gas,NA,Combustion turbine,NA,Selective Catalytic Reduction,NA,NA,ARP
NY,Vernon Boulevard,7909,VB02,NA,2003,1546,1361.27,54633.23,NA,0.158,0.001,31329.838,0.0592,2.844,0.0124,527154.661,Pipeline Natural Gas,NA,Combustion turbine,NA,Selective Catalytic Reduction,NA,NA,"ARP, NBP"
NY,Vernon Boulevard,7909,VB02,NA,2004,1505,1250.83,49816.98,NA,0.135,0.001,26829.249,0.0593,2.503,0.0168,451445.743,Pipeline Natural Gas,NA,Combustion turbine,NA,Selective Catalytic Reduction,NA,NA,"ARP, NBP"
NY,Vernon Boulevard,7909,VB02,NA,2005,2102,1690.69,67389.46,NA,0.184,0.001,36485.067,0.0593,2.829,0.0177,613952.113,Pipeline Natural Gas,NA,Combustion turbine,NA,Selective Catalytic Reduction,NA,NA,"ARP, NBP"
NY,Vernon Boulevard,7909,VB02,NA,2006,1849,1478.24,58615.62,NA,0.168,0.001,33194.952,0.0593,2.703,0.0168,558579.454,Pipeline Natural Gas,NA,Combustion turbine,NA,Selective Catalytic Reduction,NA,NA,"ARP, NBP"
NY,Vernon Boulevard,7909,VB02,NA,2007,2045,1636.8,64932.47,NA,0.19,0.001,37676.555,0.0593,3.157,0.0189,633982.729,Pipeline Natural Gas,NA,Combustion turbine,NA,Selective Catalytic Reduction,NA,NA,"ARP, NBP"
NY,Vernon Boulevard,7909,VB02,NA,2008,2076,1677.8,67356.94,NA,0.199,0.001,39431.076,0.0592,3.519,0.0206,663523.486,Pipeline Natural Gas,NA,Combustion turbine,NA,Selective Catalytic Reduction,NA,NA,"ARP, CAIRNOX, CAIROS, NBP"
NY,Vernon Boulevard,7909,VB02,NA,2009,333,238.69,9342.93,NA,0.029,0.001,5836.284,0.0592,0.559,0.0276,98217.834,Pipeline Natural Gas,NA,Combustion turbine,NA,Selective Catalytic Reduction,NA,NA,"ARP, CAIRNOX, CAIROS, CAIRSO2, RGGI"
NY,Vernon Boulevard,7909,VB02,NA,2010,1036,807.23,32122.38,NA,0.095,0.001,18818.661,0.0593,1.675,0.0195,316649.693,Pipeline Natural Gas,NA,Combustion turbine,NA,Selective Catalytic Reduction,NA,NA,"ARP, CAIRNOX, CAIROS, CAIRSO2, RGGI"
NY,Vernon Boulevard,7909,VB02,NA,2011,1437,1137.41,45703.36,NA,0.133,0.001,26376.318,0.0593,2.19,0.0206,443809.046,Pipeline Natural Gas,NA,Combustion turbine,NA,Selective Catalytic Reduction,NA,NA,"ARP, CAIRNOX, CAIROS, CAIRSO2, RGGI"
NY,Vernon Boulevard,7909,VB02,NA,2012,1119,960.01,38598.56,NA,0.111,0.001,21934.97,0.0592,1.897,0.0192,369123.404,Pipeline Natural Gas,NA,Combustion turbine,NA,Selective Catalytic Reduction,NA,NA,"ARP, CAIRNOX, CAIROS, CAIRSO2, RGGI"
NY,Vernon Boulevard,7909,VB02,NA,2013,1324,1020.3,41040.57,NA,0.116,0.001,22966.907,0.0593,2.171,0.0303,386487.426,Pipeline Natural Gas,NA,Combustion turbine,NA,Selective Catalytic Reduction,NA,NA,"ARP, CAIRNOX, CAIROS, CAIRSO2, RGGI"
NY,Vernon Boulevard,7909,VB02,NA,2014,711,547.42,22009.85,NA,0.063,0.001,12482.102,0.0593,1.258,0.0326,210007.261,Pipeline Natural Gas,NA,Combustion turbine,NA,Selective Catalytic Reduction,NA,NA,"ARP, CAIRNOX, CAIROS, CAIRSO2, RGGI"
NY,Vernon Boulevard,7909,VB02,NA,2015,813,600.45,23847.93,NA,0.068,0.001,13459.12,0.0592,1.399,0.0331,226515.636,Pipeline Natural Gas,NA,Combustion turbine,NA,Selective Catalytic Reduction,NA,NA,"ARP, CSNOX, CSNOXOS, CSSO2G1, RGGI"
NY,Vernon Boulevard,7909,VB02,NA,2016,984,753.4,29780.89,NA,0.085,0.001,16869.685,0.0593,1.91,0.0316,283867.771,Pipeline Natural Gas,NA,Combustion turbine,NA,Selective Catalytic Reduction,NA,NA,"ARP, CSNOX, CSNOXOS, CSSO2G1, RGGI"
NY,Vernon Boulevard,7909,VB02,NA,2017,988,788.43,31261.83,NA,0.09,0.001,17920.883,0.0593,1.908,0.0294,301548.211,Pipeline Natural Gas,NA,Combustion turbine,NA,Selective Catalytic Reduction,NA,NA,"ARP, CSNOX, CSOSG2, CSSO2G1, RGGI"
NY,Vernon Boulevard,7909,VB02,NA,2018,1287,1056.3,41957.93,NA,0.123,0.001,24274.621,0.0592,2.399,0.0261,408459.897,Pipeline Natural Gas,NA,Combustion turbine,NA,Selective Catalytic Reduction,NA,NA,"ARP, CSNOX, CSOSG2, CSSO2G1, RGGI"
NY,Vernon Boulevard,7909,VB02,NA,2019,749,582.72,22668.47,NA,0.066,0.001,13057.428,0.0593,1.619,0.0351,219708.795,Pipeline Natural Gas,NA,Combustion turbine,NA,Selective Catalytic Reduction,NA,NA,"ARP, CSNOX, CSOSG2, CSSO2G1, RGGI"
NY,Vernon Boulevard,7909,VB02,NA,2020,1256,1014.54,39999.25,NA,0.116,0.001,23044.985,0.0593,2.527,0.0304,387748.72,Pipeline Natural Gas,NA,Combustion turbine,NA,Selective Catalytic Reduction,NA,NA,"ARP, CSNOX, CSOSG2, CSSO2G1, RGGI"
NY,Vernon Boulevard,7909,VB02,NA,2021,1587,1263.82,49559.07,NA,0.152,0.001,30178.56,0.0592,3.209,0.0261,507834.877,Pipeline Natural Gas,NA,Combustion turbine,NA,Selective Catalytic Reduction,NA,NA,"ARP, CSNOX, CSOSG3, CSSO2G1, RGGI"
NY,Vernon Boulevard,7909,VB02,NA,2022,1992,1620.35,64125.19,NA,0.197,0.001,39002.575,0.0592,3.901,0.0208,656293.045,Pipeline Natural Gas,NA,Combustion turbine,NA,Selective Catalytic Reduction,NA,NA,"ARP, CSNOX, CSOSG3, CSSO2G1, RGGI"
NY,Vernon Boulevard,7909,VB02,NA,2023,1958,1606.56,63567.36,NA,0.195,0.001,38618.028,0.0592,3.513,0.021,649838.069,Pipeline Natural Gas,NA,Combustion turbine,NA,Selective Catalytic Reduction,NA,NA,"ARP, CSNOX, CSOSG3, CSSO2G1, RGGI"
NY,Vernon Boulevard,7909,VB02,NA,2024,2112,1737.26,68182.86,NA,0.206,0.001,40867.097,0.0592,3.468,0.0186,687647.913,Pipeline Natural Gas,NA,Combustion turbine,NA,Selective Catalytic Reduction,NA,NA,"ARP, CSNOX, CSOSG2E, CSSO2G1, RGGI"
NY,23rd and 3rd,7910,2301,NA,2001,309,242,9098.55,NA,0.027,0.001,5315.004,0.0592,1.536,0.1469,89449.881,Pipeline Natural Gas,NA,"Combustion turbine (Started Jun 27, 2001)",NA,"Water Injection (Retired Mar 31, 2001)|Selective Catalytic Reduction",NA,NA,ARP
NY,23rd and 3rd,7910,2301,NA,2002,2352,1921.69,73599.9,NA,0.22,0.001,43616.401,0.0593,3.981,0.0213,733920.311,Pipeline Natural Gas,NA,Combustion turbine,NA,Selective Catalytic Reduction,NA,NA,ARP
NY,23rd and 3rd,7910,2301,NA,2003,1534,1343.4,53197.38,NA,0.158,0.001,31274.584,0.0592,3.087,0.0148,526275.184,Pipeline Natural Gas,NA,Combustion turbine,NA,Selective Catalytic Reduction,NA,NA,"ARP, NBP"
NY,23rd and 3rd,7910,2301,NA,2004,1248,1040.3,41975.05,NA,0.123,0.001,24424.648,0.0592,2.597,0.0255,410995.008,Pipeline Natural Gas,NA,Combustion turbine,NA,Selective Catalytic Reduction,NA,NA,"ARP, NBP"
NY,23rd and 3rd,7910,2301,NA,2005,1909,1532.84,61353.4,NA,0.184,0.001,36530.579,0.0593,3.197,0.0312,614698.394,Pipeline Natural Gas,NA,Combustion turbine,NA,Selective Catalytic Reduction,NA,NA,"ARP, NBP"
NY,23rd and 3rd,7910,2301,NA,2006,1261,1024.11,41137.67,NA,0.124,0.001,24604.924,0.0592,2.448,0.0299,414027.453,Pipeline Natural Gas,NA,Combustion turbine,NA,Selective Catalytic Reduction,NA,NA,"ARP, NBP"
NY,23rd and 3rd,7910,2301,NA,2007,2678,2253.95,91453.41,NA,0.284,0.001,56300.871,0.0592,5.455,0.025,947376.835,Pipeline Natural Gas,NA,Combustion turbine,NA,Selective Catalytic Reduction,NA,NA,"ARP, NBP"
NY,23rd and 3rd,7910,2301,NA,2008,2378,1957.8,77373.26,NA,0.235,0.001,46512.032,0.0592,4.4,0.0229,782665.956,Pipeline Natural Gas,NA,Combustion turbine,NA,Selective Catalytic Reduction,NA,NA,"ARP, CAIRNOX, CAIROS, NBP"
NY,23rd and 3rd,7910,2301,NA,2009,1670,1349.51,54953.79,NA,0.158,0.001,31337.191,0.0592,2.862,0.0199,527335.058,Pipeline Natural Gas,NA,Combustion turbine,NA,Selective Catalytic Reduction,NA,NA,"ARP, CAIRNOX, CAIROS, CAIRSO2, RGGI"
NY,23rd and 3rd,7910,2301,NA,2010,2393,2010.2,81988.1,NA,0.232,0.001,45965.672,0.0592,3.824,0.0199,773480.504,Pipeline Natural Gas,NA,Combustion turbine,NA,Selective Catalytic Reduction,NA,NA,"ARP, CAIRNOX, CAIROS, CAIRSO2, RGGI"
NY,23rd and 3rd,7910,2301,NA,2011,2487,2093.19,85326.55,NA,0.25,0.001,49527.451,0.0592,4.352,0.0226,833395.291,Pipeline Natural Gas,NA,Combustion turbine,NA,Selective Catalytic Reduction,NA,NA,"ARP, CAIRNOX, CAIROS, CAIRSO2, RGGI"
NY,23rd and 3rd,7910,2301,NA,2012,1808,1485.72,60078.53,NA,0.18,0.001,35568.75,0.0592,3.315,0.0276,598521.549,Pipeline Natural Gas,NA,Combustion turbine,NA,Selective Catalytic Reduction,NA,NA,"ARP, CAIRNOX, CAIROS, CAIRSO2, RGGI"
NY,23rd and 3rd,7910,2301,NA,2013,2938,2547.61,104448.65,NA,0.309,0.001,61197.007,0.0592,5.772,0.0266,1029791.952,Pipeline Natural Gas,NA,Combustion turbine,NA,Selective Catalytic Reduction,NA,NA,"ARP, CAIRNOX, CAIROS, CAIRSO2, RGGI"
NY,23rd and 3rd,7910,2301,NA,2014,1087,894.53,36142.41,NA,0.105,0.001,20708.952,0.0592,2.135,0.0331,348475.838,Pipeline Natural Gas,NA,Combustion turbine,NA,Selective Catalytic Reduction,NA,NA,"ARP, CAIRNOX, CAIROS, CAIRSO2, RGGI"
NY,23rd and 3rd,7910,2301,NA,2015,1863,1600.13,64889.4,NA,0.196,0.001,38804.65,0.0592,3.589,0.0248,652976.326,Pipeline Natural Gas,NA,Combustion turbine,NA,Selective Catalytic Reduction,NA,NA,"ARP, CSNOX, CSNOXOS, CSSO2G1, RGGI"
NY,23rd and 3rd,7910,2301,NA,2016,1885,1583.53,64071.03,NA,0.195,0.001,38524.523,0.0592,3.174,0.0221,648266.8,Pipeline Natural Gas,NA,Combustion turbine,NA,Selective Catalytic Reduction,NA,NA,"ARP, CSNOX, CSNOXOS, CSSO2G1, RGGI"
NY,23rd and 3rd,7910,2301,NA,2017,1620,1352.96,55602.02,NA,0.169,0.001,33547.404,0.0592,2.861,0.02,564500.131,Pipeline Natural Gas,NA,Combustion turbine,NA,Selective Catalytic Reduction,NA,NA,"ARP, CSNOX, CSOSG2, CSSO2G1, RGGI"
NY,23rd and 3rd,7910,2301,NA,2018,2154,1846.92,75924.63,NA,0.231,0.001,45776.365,0.0592,3.919,0.0189,770263.131,Pipeline Natural Gas,NA,Combustion turbine,NA,Selective Catalytic Reduction,NA,NA,"ARP, CSNOX, CSOSG2, CSSO2G1, RGGI"
NY,23rd and 3rd,7910,2301,NA,2019,1302,1107.41,45779.84,NA,0.138,0.001,27302.86,0.0592,2.228,0.0142,459403.16,Pipeline Natural Gas,NA,Combustion turbine,NA,Selective Catalytic Reduction,NA,NA,"ARP, CSNOX, CSOSG2, CSSO2G1, RGGI"
NY,23rd and 3rd,7910,2301,NA,2020,1421,1149.14,46770.13,NA,0.14,0.001,27815.298,0.0592,2.289,0.0159,468086.685,Pipeline Natural Gas,NA,Combustion turbine,NA,Selective Catalytic Reduction,NA,NA,"ARP, CSNOX, CSOSG2, CSSO2G1, RGGI"
NY,23rd and 3rd,7910,2301,NA,2021,1293,1058.18,42930.2,NA,0.13,0.001,25831.817,0.0592,2.41,0.0171,434668.953,Pipeline Natural Gas,NA,Combustion turbine,NA,Selective Catalytic Reduction,NA,NA,"ARP, CSNOX, CSOSG3, CSSO2G1, RGGI"
NY,23rd and 3rd,7910,2301,NA,2022,1963,1610.93,64951.82,NA,0.199,0.001,39464.055,0.0592,3.611,0.0172,664000.198,Pipeline Natural Gas,NA,Combustion turbine,NA,Selective Catalytic Reduction,NA,NA,"ARP, CSNOX, CSOSG3, CSSO2G1, RGGI"
NY,23rd and 3rd,7910,2301,NA,2023,938,735.34,29623.79,NA,0.09,0.001,17901.578,0.0593,1.554,0.0212,301214.774,Pipeline Natural Gas,NA,Combustion turbine,NA,Selective Catalytic Reduction,NA,NA,"ARP, CSNOX, CSOSG3, CSSO2G1, RGGI"
NY,23rd and 3rd,7910,2301,NA,2024,1713,1407.75,57172.02,NA,0.175,0.001,34731.437,0.0592,2.699,0.0171,584434.434,Pipeline Natural Gas,NA,Combustion turbine,NA,Selective Catalytic Reduction,NA,NA,"ARP, CSNOX, CSOSG2E, CSSO2G1, RGGI"
NY,23rd and 3rd,7910,2302,NA,2001,367,282.23,11142.36,NA,0.031,0.001,6214.848,0.0593,1.286,0.1391,104561.616,Pipeline Natural Gas,NA,"Combustion turbine (Started Jun 24, 2001)",NA,"Water Injection (Retired Mar 31, 2001)|Selective Catalytic Reduction",NA,NA,ARP
NY,23rd and 3rd,7910,2302,NA,2002,2369,1863.48,74708.93,NA,0.209,0.001,41473.161,0.0593,4.16,0.0297,697867.668,Pipeline Natural Gas,NA,Combustion turbine,NA,Selective Catalytic Reduction,NA,NA,ARP
NY,23rd and 3rd,7910,2302,NA,2003,1331,1170.16,47338.44,NA,0.139,0.001,27528.109,0.0592,2.78,0.0148,463227.845,Pipeline Natural Gas,NA,Combustion turbine,NA,Selective Catalytic Reduction,NA,NA,"ARP, NBP"
NY,23rd and 3rd,7910,2302,NA,2004,1004,838.43,34026.69,NA,0.101,0.001,20083.194,0.0592,2.325,0.026,337951.313,Pipeline Natural Gas,NA,Combustion turbine,NA,Selective Catalytic Reduction,NA,NA,"ARP, NBP"
NY,23rd and 3rd,7910,2302,NA,2005,1658,1344,55226.92,NA,0.162,0.001,32017.35,0.0592,2.742,0.0273,538754.105,Pipeline Natural Gas,NA,Combustion turbine,NA,Selective Catalytic Reduction,NA,NA,"ARP, NBP"
NY,23rd and 3rd,7910,2302,NA,2006,1484,1204.33,49263.28,NA,0.153,0.001,30387.739,0.0592,2.693,0.0259,511327.523,Pipeline Natural Gas,NA,Combustion turbine,NA,Selective Catalytic Reduction,NA,NA,"ARP, NBP"
NY,23rd and 3rd,7910,2302,NA,2007,2569,2122.83,86259.9,NA,0.264,0.001,52200.08,0.0592,5.09,0.0246,878387.378,Pipeline Natural Gas,NA,Combustion turbine,NA,Selective Catalytic Reduction,NA,NA,"ARP, NBP"
NY,23rd and 3rd,7910,2302,NA,2008,2107,1701.17,66959.65,NA,0.204,0.001,40445.475,0.0592,3.77,0.0251,680553.472,Pipeline Natural Gas,NA,Combustion turbine,NA,Selective Catalytic Reduction,NA,NA,"ARP, CAIRNOX, CAIROS, NBP"
NY,23rd and 3rd,7910,2302,NA,2009,1004,806.89,32486.07,NA,0.093,0.001,18482.016,0.0593,1.603,0.022,310993.511,Pipeline Natural Gas,NA,Combustion turbine,NA,Selective Catalytic Reduction,NA,NA,"ARP, CAIRNOX, CAIROS, CAIRSO2, RGGI"
NY,23rd and 3rd,7910,2302,NA,2010,2179,1822.07,74953.81,NA,0.227,0.001,44988.604,0.0592,3.937,0.0242,757043.166,Pipeline Natural Gas,NA,Combustion turbine,NA,Selective Catalytic Reduction,NA,NA,"ARP, CAIRNOX, CAIROS, CAIRSO2, RGGI"
NY,23rd and 3rd,7910,2302,NA,2011,3010,2591.78,105002.92,NA,0.308,0.001,60922.997,0.0592,5.561,0.0229,1025157.913,Pipeline Natural Gas,NA,Combustion turbine,NA,Selective Catalytic Reduction,NA,NA,"ARP, CAIRNOX, CAIROS, CAIRSO2, RGGI"
NY,23rd and 3rd,7910,2302,NA,2012,2118,1781.01,70908.19,NA,0.203,0.001,40196.605,0.0593,3.627,0.022,676374.072,Pipeline Natural Gas,NA,Combustion turbine,NA,Selective Catalytic Reduction,NA,NA,"ARP, CAIRNOX, CAIROS, CAIRSO2, RGGI"
NY,23rd and 3rd,7910,2302,NA,2013,2569,2258.13,91407.18,NA,0.26,0.001,51552.689,0.0592,4.588,0.0178,867468.952,Pipeline Natural Gas,NA,Combustion turbine,NA,Selective Catalytic Reduction,NA,NA,"ARP, CAIRNOX, CAIROS, CAIRSO2, RGGI"
NY,23rd and 3rd,7910,2302,NA,2014,1284,1047.98,42080.97,NA,0.121,0.001,23942.101,0.0592,2.28,0.0282,402890.413,Pipeline Natural Gas,NA,Combustion turbine,NA,Selective Catalytic Reduction,NA,NA,"ARP, CAIRNOX, CAIROS, CAIRSO2, RGGI"
NY,23rd and 3rd,7910,2302,NA,2015,1761,1490.46,61485.33,NA,0.178,0.001,35269.287,0.0593,2.93,0.0237,593112.418,Pipeline Natural Gas,NA,Combustion turbine,NA,Selective Catalytic Reduction,NA,NA,"ARP, CSNOX, CSNOXOS, CSSO2G1, RGGI"
NY,23rd and 3rd,7910,2302,NA,2016,1734,1451.91,58536.9,NA,0.177,0.001,34968.334,0.0592,3.111,0.0228,588400.955,Pipeline Natural Gas,NA,Combustion turbine,NA,Selective Catalytic Reduction,NA,NA,"ARP, CSNOX, CSNOXOS, CSSO2G1, RGGI"
NY,23rd and 3rd,7910,2302,NA,2017,1182,977.55,39967.59,NA,0.123,0.001,24412.804,0.0592,2.014,0.0204,410823.505,Pipeline Natural Gas,NA,Combustion turbine,NA,Selective Catalytic Reduction,NA,NA,"ARP, CSNOX, CSOSG2, CSSO2G1, RGGI"
NY,23rd and 3rd,7910,2302,NA,2018,1505,1274.19,52252,NA,0.161,0.001,31807.194,0.0592,2.66,0.0184,535219.073,Pipeline Natural Gas,NA,Combustion turbine,NA,Selective Catalytic Reduction,NA,NA,"ARP, CSNOX, CSOSG2, CSSO2G1, RGGI"
NY,23rd and 3rd,7910,2302,NA,2019,1016,871.46,35913.34,NA,0.11,0.001,21804.344,0.0592,1.857,0.0194,366949.48,Pipeline Natural Gas,NA,Combustion turbine,NA,Selective Catalytic Reduction,NA,NA,"ARP, CSNOX, CSOSG2, CSSO2G1, RGGI"
NY,23rd and 3rd,7910,2302,NA,2020,1898,1581.58,64321.78,NA,0.197,0.001,38931.255,0.0592,3.622,0.0227,655055.729,Pipeline Natural Gas,NA,Combustion turbine,NA,Selective Catalytic Reduction,NA,NA,"ARP, CSNOX, CSOSG2, CSSO2G1, RGGI"
NY,23rd and 3rd,7910,2302,NA,2021,1240,1002.1,40744.11,NA,0.125,0.001,24732.85,0.0592,2.454,0.027,416190.514,Pipeline Natural Gas,NA,Combustion turbine,NA,Selective Catalytic Reduction,NA,NA,"ARP, CSNOX, CSOSG3, CSSO2G1, RGGI"
NY,23rd and 3rd,7910,2302,NA,2022,1786,1435.58,57855.87,NA,0.182,0.001,35975.531,0.0592,3.446,0.0282,605362.293,Pipeline Natural Gas,NA,Combustion turbine,NA,Selective Catalytic Reduction,NA,NA,"ARP, CSNOX, CSOSG3, CSSO2G1, RGGI"
NY,23rd and 3rd,7910,2302,NA,2023,915,716.89,28969.39,NA,0.087,0.001,17156.97,0.0592,1.452,0.0172,288714.295,Pipeline Natural Gas,NA,Combustion turbine,NA,Selective Catalytic Reduction,NA,NA,"ARP, CSNOX, CSOSG3, CSSO2G1, RGGI"
NY,23rd and 3rd,7910,2302,NA,2024,1548,1286.65,52228.85,NA,0.157,0.001,31030.543,0.0592,2.44,0.0133,522162.445,Pipeline Natural Gas,NA,Combustion turbine,NA,Selective Catalytic Reduction,NA,NA,"ARP, CSNOX, CSOSG2E, CSSO2G1, RGGI"
NY,Brentwood,7912,BW01,NA,2001,241,187.05,8488.37,NA,0.025,0.001,4922.595,0.0593,1.908,0.2075,82835.144,Pipeline Natural Gas,NA,"Combustion turbine (Started Jun 27, 2001)",NA,Selective Catalytic Reduction,NA,NA,ARP
NY,Brentwood,7912,BW01,NA,2002,2655,2179.77,99847.87,NA,0.289,0.001,57306.152,0.0592,8.167,0.0581,964289.989,Pipeline Natural Gas,NA,Combustion turbine,NA,Selective Catalytic Reduction,NA,NA,ARP
NY,Brentwood,7912,BW01,NA,2003,1404,1150.65,52414.81,NA,0.153,0.001,30233.133,0.0592,2.844,0.016,508715.093,Pipeline Natural Gas,NA,Combustion turbine,NA,Selective Catalytic Reduction,NA,NA,"ARP, NBP"
NY,Brentwood,7912,BW01,NA,2004,1119,881.08,39712.39,NA,0.117,0.001,23135.933,0.0592,2.091,0.0219,389308.592,Pipeline Natural Gas,NA,Combustion turbine,NA,Selective Catalytic Reduction,NA,NA,"ARP, NBP"
NY,Brentwood,7912,BW01,NA,2005,2612,2103.57,95845.03,NA,0.281,0.001,55597.892,0.0592,4.375,0.0238,935529.249,Pipeline Natural Gas,NA,Combustion turbine,NA,Selective Catalytic Reduction,NA,NA,"ARP, NBP"
NY,Brentwood,7912,BW01,NA,2006,3028,2465.35,109815.68,NA,0.326,0.001,64593.556,0.0592,5.034,0.0261,1086897.617,Pipeline Natural Gas,NA,Combustion turbine,NA,Selective Catalytic Reduction,NA,NA,"ARP, NBP"
NY,Brentwood,7912,BW01,NA,2007,2786,2364.99,107699.87,NA,0.305,0.001,60492.788,0.0592,4.547,0.0195,1017892.334,Pipeline Natural Gas,NA,Combustion turbine,NA,Selective Catalytic Reduction,NA,NA,"ARP, NBP"
NY,Brentwood,7912,BW01,NA,2008,2481,2003.91,91156.78,NA,0.258,0.001,51187.196,0.0592,3.97,0.0204,861356.756,Pipeline Natural Gas,NA,Combustion turbine,NA,Selective Catalytic Reduction,NA,NA,"ARP, CAIRNOX, CAIROS, NBP"
NY,Brentwood,7912,BW01,NA,2009,545,423.34,19233.85,NA,0.052,0.001,10332.528,0.0593,0.9,0.0306,173872.135,Pipeline Natural Gas,NA,Combustion turbine,NA,Selective Catalytic Reduction,NA,NA,"ARP, CAIRNOX, CAIROS, CAIRSO2, RGGI"
NY,Brentwood,7912,BW01,NA,2010,1837,1518.91,70249.35,NA,0.195,0.001,38525.567,0.0592,3.196,0.0304,648246.496,Pipeline Natural Gas,NA,Combustion turbine,NA,Selective Catalytic Reduction,NA,NA,"ARP, CAIRNOX, CAIROS, CAIRSO2, RGGI"
NY,Brentwood,7912,BW01,NA,2011,1962,1550.02,70836.16,NA,0.203,0.001,40229.849,0.0592,3.802,0.0395,676951.891,Pipeline Natural Gas,NA,Combustion turbine,NA,Selective Catalytic Reduction,NA,NA,"ARP, CAIRNOX, CAIROS, CAIRSO2, RGGI"
NY,Brentwood,7912,BW01,NA,2012,1953,1648.8,75379.23,NA,0.209,0.001,41371.273,0.0592,3.618,0.0302,696150.206,Pipeline Natural Gas,NA,Combustion turbine,NA,Selective Catalytic Reduction,NA,NA,"ARP, CAIRNOX, CAIROS, CAIRSO2, RGGI"
NY,Brentwood,7912,BW01,NA,2013,2170,1856.73,81337.66,NA,0.237,0.001,46876.744,0.0592,3.987,0.0287,788752.711,Pipeline Natural Gas,NA,Combustion turbine,NA,Selective Catalytic Reduction,NA,NA,"ARP, CAIRNOX, CAIROS, CAIRSO2, RGGI"
NY,Brentwood,7912,BW01,NA,2014,1250,999.19,44900.61,NA,0.122,0.001,24223.823,0.0592,2.23,0.0359,407609.072,Pipeline Natural Gas,NA,Combustion turbine,NA,Selective Catalytic Reduction,NA,NA,"ARP, CAIRNOX, CAIROS, CAIRSO2, RGGI"
NY,Brentwood,7912,BW01,NA,2015,1678,1358.01,61212.98,NA,0.174,0.001,34375.958,0.0592,2.994,0.0306,578419.914,Pipeline Natural Gas,NA,Combustion turbine,NA,Selective Catalytic Reduction,NA,NA,"ARP, CSNOX, CSNOXOS, CSSO2G1, RGGI"
NY,Brentwood,7912,BW01,NA,2016,1604,1295.84,55207.82,NA,0.157,0.001,31097.724,0.0593,2.615,0.0229,523263.319,Pipeline Natural Gas,NA,Combustion turbine,NA,Selective Catalytic Reduction,NA,NA,"ARP, CSNOX, CSNOXOS, CSSO2G1, RGGI"
NY,Brentwood,7912,BW01,NA,2017,1467,1173.26,51874.51,NA,0.149,0.001,29430.288,0.0592,2.357,0.0178,495225.702,Pipeline Natural Gas,NA,Combustion turbine,NA,Selective Catalytic Reduction,NA,NA,"ARP, CSNOX, CSOSG2, CSSO2G1, RGGI"
NY,Brentwood,7912,BW01,NA,2018,1820,1470.25,62062.76,NA,0.181,0.001,35882.299,0.0592,3.182,0.0205,603812.692,Pipeline Natural Gas,NA,Combustion turbine,NA,Selective Catalytic Reduction,NA,NA,"ARP, CSNOX, CSOSG2, CSSO2G1, RGGI"
NY,Brentwood,7912,BW01,NA,2019,1635,1262.95,55602.77,NA,0.163,0.001,32189.954,0.0592,3.317,0.0292,541649.263,Pipeline Natural Gas,NA,Combustion turbine,NA,Selective Catalytic Reduction,NA,NA,"ARP, CSNOX, CSOSG2, CSSO2G1, RGGI"
NY,Brentwood,7912,BW01,NA,2020,2328,1895.95,86154.81,NA,0.261,0.001,51758.055,0.0592,4.664,0.0223,870958.567,Pipeline Natural Gas,NA,Combustion turbine,NA,Selective Catalytic Reduction,NA,NA,"ARP, CSNOX, CSOSG2, CSSO2G1, RGGI"
NY,Brentwood,7912,BW01,NA,2021,1860,1496.62,67437.02,NA,0.2,0.001,39683.429,0.0592,3.514,0.0187,667723.485,Pipeline Natural Gas,NA,Combustion turbine,NA,Selective Catalytic Reduction,NA,NA,"ARP, CSNOX, CSOSG3, CSSO2G1, RGGI"
NY,Brentwood,7912,BW01,NA,2022,2055,1626.98,72985.11,NA,0.218,0.001,43153.837,0.0592,4.036,0.021,726157.871,Pipeline Natural Gas,NA,Combustion turbine,NA,Selective Catalytic Reduction,NA,NA,"ARP, CSNOX, CSOSG3, CSSO2G1, RGGI"
NY,Brentwood,7912,BW01,NA,2023,1195,890.8,38967.29,NA,0.116,0.001,22904.018,0.0592,1.995,0.0202,385382.236,Pipeline Natural Gas,NA,Combustion turbine,NA,Selective Catalytic Reduction,NA,NA,"ARP, CSNOX, CSOSG3, CSSO2G1, RGGI"
NY,Brentwood,7912,BW01,NA,2024,1203,923.06,41058.55,NA,0.123,0.001,24370.493,0.0592,2.138,0.0183,410083.018,Pipeline Natural Gas,NA,Combustion turbine,NA,Selective Catalytic Reduction,NA,NA,"ARP, CSNOX, CSOSG2E, CSSO2G1, RGGI"
NY,Hell Gate,7913,HG01,NA,2001,318,241,9005.1,NA,0.027,0.001,5415.357,0.0592,1.481,0.1751,91132.461,Pipeline Natural Gas,NA,"Combustion turbine (Started Jun 01, 2001)",NA,Selective Catalytic Reduction,NA,NA,ARP
NY,Hell Gate,7913,HG01,NA,2002,4109,3629.54,142132.87,NA,0.434,0.001,86059.555,0.0592,7.284,0.0212,1448076.036,Pipeline Natural Gas,NA,Combustion turbine,NA,Selective Catalytic Reduction,NA,NA,ARP
NY,Hell Gate,7913,HG01,NA,2003,3181,2813.85,112196.36,NA,0.348,0.001,68924.157,0.0592,6.331,0.0126,1159806.57,Pipeline Natural Gas,NA,Combustion turbine,NA,Selective Catalytic Reduction,NA,NA,"ARP, NBP"
NY,Hell Gate,7913,HG01,NA,2004,2176,1784.21,70830.2,NA,0.222,0.001,44072.452,0.0592,4.373,0.0198,741600.179,Pipeline Natural Gas,NA,Combustion turbine,NA,Selective Catalytic Reduction,NA,NA,"ARP, NBP"
NY,Hell Gate,7913,HG01,NA,2005,2190,1782.27,71211.06,NA,0.221,0.001,43799.046,0.0592,3.665,0.0196,737006.978,Pipeline Natural Gas,NA,Combustion turbine,NA,Selective Catalytic Reduction,NA,NA,"ARP, NBP"
NY,Hell Gate,7913,HG01,NA,2006,1174,922.33,37187.65,NA,0.11,0.001,21875.105,0.0592,1.975,0.022,368106.28,Pipeline Natural Gas,NA,Combustion turbine,NA,Selective Catalytic Reduction,NA,NA,"ARP, NBP"
NY,Hell Gate,7913,HG01,NA,2007,1699,1338.77,54126.69,NA,0.172,0.001,33984.887,0.0592,3.073,0.0224,571872.99,Pipeline Natural Gas,NA,Combustion turbine,NA,Selective Catalytic Reduction,NA,NA,"ARP, NBP"
NY,Hell Gate,7913,HG01,NA,2008,1737,1386,56452.7,NA,0.177,0.001,34983.931,0.0593,3.122,0.0205,588635.906,Pipeline Natural Gas,NA,Combustion turbine,NA,Selective Catalytic Reduction,NA,NA,"ARP, CAIRNOX, CAIROS, NBP"
NY,Hell Gate,7913,HG01,NA,2009,275,191.68,7546.23,NA,0.022,0.001,4369.45,0.0593,0.399,0.0268,73521.328,Pipeline Natural Gas,NA,Combustion turbine,NA,Selective Catalytic Reduction,NA,NA,"ARP, CAIRNOX, CAIROS, CAIRSO2, RGGI"
NY,Hell Gate,7913,HG01,NA,2010,675,508.74,20431.66,NA,0.059,0.001,11646.919,0.0593,0.935,0.0168,196014.409,Pipeline Natural Gas,NA,Combustion turbine,NA,Selective Catalytic Reduction,NA,NA,"ARP, CAIRNOX, CAIROS, CAIRSO2, RGGI"
NY,Hell Gate,7913,HG01,NA,2011,425,309.3,12435.63,NA,0.036,0.001,7156.778,0.0592,0.61,0.0196,120426.488,Pipeline Natural Gas,NA,Combustion turbine,NA,Selective Catalytic Reduction,NA,NA,"ARP, CAIRNOX, CAIROS, CAIRSO2, RGGI"
NY,Hell Gate,7913,HG01,NA,2012,1069,837.46,33985.07,NA,0.1,0.001,19899.424,0.0592,1.697,0.0177,334870.943,Pipeline Natural Gas,NA,Combustion turbine,NA,Selective Catalytic Reduction,NA,NA,"ARP, CAIRNOX, CAIROS, CAIRSO2, RGGI"
NY,Hell Gate,7913,HG01,NA,2013,706,526.84,21237.65,NA,0.062,0.001,12358.898,0.0593,1.15,0.0217,207965.796,Pipeline Natural Gas,NA,Combustion turbine,NA,Selective Catalytic Reduction,NA,NA,"ARP, CAIRNOX, CAIROS, CAIRSO2, RGGI"
NY,Hell Gate,7913,HG01,NA,2014,891,666.58,26540.71,NA,0.079,0.001,15634.158,0.0593,1.486,0.0256,263065.706,Pipeline Natural Gas,NA,Combustion turbine,NA,Selective Catalytic Reduction,NA,NA,"ARP, CAIRNOX, CAIROS, CAIRSO2, RGGI"
NY,Hell Gate,7913,HG01,NA,2015,791,605.78,24326.77,NA,0.073,0.001,14466.688,0.0593,1.365,0.0267,243427.512,Pipeline Natural Gas,NA,Combustion turbine,NA,Selective Catalytic Reduction,NA,NA,"ARP, CSNOX, CSNOXOS, CSSO2G1, RGGI"
NY,Hell Gate,7913,HG01,NA,2016,779,586.66,22958.06,NA,0.069,0.001,13742.772,0.0593,1.238,0.0202,231261.711,Pipeline Natural Gas,NA,Combustion turbine,NA,Selective Catalytic Reduction,NA,NA,"ARP, CSNOX, CSNOXOS, CSSO2G1, RGGI"
NY,Hell Gate,7913,HG01,NA,2017,580,434.98,17196.44,NA,0.052,0.001,10299.174,0.0592,1.04,0.0224,173311.543,Pipeline Natural Gas,NA,Combustion turbine,NA,Selective Catalytic Reduction,NA,NA,"ARP, CSNOX, CSOSG2, CSSO2G1, RGGI"
NY,Hell Gate,7913,HG01,NA,2018,869,688.69,27765.43,NA,0.084,0.001,16564.262,0.0592,1.444,0.0198,278724.113,Pipeline Natural Gas,NA,Combustion turbine,NA,Selective Catalytic Reduction,NA,NA,"ARP, CSNOX, CSOSG2, CSSO2G1, RGGI"
NY,Hell Gate,7913,HG01,NA,2019,617,463.15,18355.98,NA,0.055,0.001,10963.148,0.0592,1.068,0.0241,184488.762,Pipeline Natural Gas,NA,Combustion turbine,NA,Selective Catalytic Reduction,NA,NA,"ARP, CSNOX, CSOSG2, CSSO2G1, RGGI"
NY,Hell Gate,7913,HG01,NA,2020,1176,932.19,37631.77,NA,0.113,0.001,22376.565,0.0592,1.998,0.0198,376533.662,Pipeline Natural Gas,NA,Combustion turbine,NA,Selective Catalytic Reduction,NA,NA,"ARP, CSNOX, CSOSG2, CSSO2G1, RGGI"
NY,Hell Gate,7913,HG01,NA,2021,1267,1027.27,40965.53,NA,0.124,0.001,24640.639,0.0592,2.214,0.015,414699.876,Pipeline Natural Gas,NA,Combustion turbine,NA,Selective Catalytic Reduction,NA,NA,"ARP, CSNOX, CSOSG3, CSSO2G1, RGGI"
NY,Hell Gate,7913,HG01,NA,2022,1923,1611.98,65196.69,NA,0.198,0.001,39187.425,0.0592,3.271,0.013,659404.046,Pipeline Natural Gas,NA,Combustion turbine,NA,Selective Catalytic Reduction,NA,NA,"ARP, CSNOX, CSOSG3, CSSO2G1, RGGI"
NY,Hell Gate,7913,HG01,NA,2023,1885,1536.3,61999.02,NA,0.191,0.001,37882.33,0.0592,2.732,0.0124,637428.313,Pipeline Natural Gas,NA,Combustion turbine,NA,Selective Catalytic Reduction,NA,NA,"ARP, CSNOX, CSOSG3, CSSO2G1, RGGI"
NY,Hell Gate,7913,HG01,NA,2024,1832,1520.87,61522.37,NA,0.184,0.001,36452.332,0.0592,2.634,0.0121,613409.3,Pipeline Natural Gas,NA,Combustion turbine,NA,Selective Catalytic Reduction,NA,NA,"ARP, CSNOX, CSOSG2E, CSSO2G1, RGGI"
NY,Hell Gate,7913,HG02,NA,2001,420,314.2,11866.69,NA,0.035,0.001,6840.994,0.0593,1.711,0.1688,115109.836,Pipeline Natural Gas,NA,"Combustion turbine (Started Jun 07, 2001)",NA,Selective Catalytic Reduction,NA,NA,ARP
NY,Hell Gate,7913,HG02,NA,2002,3936,3442.8,138047.27,NA,0.405,0.001,80262.343,0.0592,6.873,0.0214,1350605.564,Pipeline Natural Gas,NA,Combustion turbine,NA,Selective Catalytic Reduction,NA,NA,ARP
NY,Hell Gate,7913,HG02,NA,2003,2868,2538.36,102912.67,NA,0.3,0.001,59422.872,0.0592,5.574,0.0134,999928.615,Pipeline Natural Gas,NA,Combustion turbine,NA,Selective Catalytic Reduction,NA,NA,"ARP, NBP"
NY,Hell Gate,7913,HG02,NA,2004,1998,1641.91,66459.83,NA,0.198,0.001,39133.001,0.0592,3.859,0.0183,658476.368,Pipeline Natural Gas,NA,Combustion turbine,NA,Selective Catalytic Reduction,NA,NA,"ARP, NBP"
NY,Hell Gate,7913,HG02,NA,2005,1977,1607.96,65730.94,NA,0.197,0.001,38948.553,0.0592,3.603,0.0197,655385.168,Pipeline Natural Gas,NA,Combustion turbine,NA,Selective Catalytic Reduction,NA,NA,"ARP, NBP"
NY,Hell Gate,7913,HG02,NA,2006,1177,930.06,38293.42,NA,0.114,0.001,22492.865,0.0592,2.237,0.0227,378500.739,Pipeline Natural Gas,NA,Combustion turbine,NA,Selective Catalytic Reduction,NA,NA,"ARP, NBP"
NY,Hell Gate,7913,HG02,NA,2007,1612,1278.19,52490.19,NA,0.165,0.001,32683.061,0.0592,3.159,0.0213,549941.22,Pipeline Natural Gas,NA,Combustion turbine,NA,Selective Catalytic Reduction,NA,NA,"ARP, NBP"
NY,Hell Gate,7913,HG02,NA,2008,1696,1348.72,54939.7,NA,0.176,0.001,34868.265,0.0592,3.605,0.0238,586722.419,Pipeline Natural Gas,NA,Combustion turbine,NA,Selective Catalytic Reduction,NA,NA,"ARP, CAIRNOX, CAIROS, NBP"
NY,Hell Gate,7913,HG02,NA,2009,348,241.31,9458.73,NA,0.028,0.001,5595.744,0.0593,0.616,0.0313,94160.456,Pipeline Natural Gas,NA,Combustion turbine,NA,Selective Catalytic Reduction,NA,NA,"ARP, CAIRNOX, CAIROS, CAIRSO2, RGGI"
NY,Hell Gate,7913,HG02,NA,2010,780,600.15,24651.53,NA,0.074,0.001,14743.841,0.0594,1.381,0.0223,248018.914,Pipeline Natural Gas,NA,Combustion turbine,NA,Selective Catalytic Reduction,NA,NA,"ARP, CAIRNOX, CAIROS, CAIRSO2, RGGI"
NY,Hell Gate,7913,HG02,NA,2011,637,487.85,20334.8,NA,0.063,0.001,12440.271,0.0592,1.077,0.0217,209347.32,Pipeline Natural Gas,NA,Combustion turbine,NA,Selective Catalytic Reduction,NA,NA,"ARP, CAIRNOX, CAIROS, CAIRSO2, RGGI"
NY,Hell Gate,7913,HG02,NA,2012,770,607.12,24851.73,NA,0.076,0.001,15146.978,0.0593,1.422,0.0225,254888.842,Pipeline Natural Gas,NA,Combustion turbine,NA,Selective Catalytic Reduction,NA,NA,"ARP, CAIRNOX, CAIROS, CAIRSO2, RGGI"
NY,Hell Gate,7913,HG02,NA,2013,842,675.17,27810.15,NA,0.084,0.001,16670.402,0.0593,1.578,0.0222,280505.699,Pipeline Natural Gas,NA,Combustion turbine,NA,Selective Catalytic Reduction,NA,NA,"ARP, CAIRNOX, CAIROS, CAIRSO2, RGGI"
NY,Hell Gate,7913,HG02,NA,2014,688,542.43,21996.5,NA,0.067,0.001,13286.475,0.0593,1.268,0.0245,223570.911,Pipeline Natural Gas,NA,Combustion turbine,NA,Selective Catalytic Reduction,NA,NA,"ARP, CAIRNOX, CAIROS, CAIRSO2, RGGI"
NY,Hell Gate,7913,HG02,NA,2015,782,604.58,24380.07,NA,0.075,0.001,14921.124,0.0592,1.418,0.0236,251077.914,Pipeline Natural Gas,NA,Combustion turbine,NA,Selective Catalytic Reduction,NA,NA,"ARP, CSNOX, CSNOXOS, CSSO2G1, RGGI"
NY,Hell Gate,7913,HG02,NA,2016,721,548.07,21199.23,NA,0.066,0.001,13106.986,0.0593,1.214,0.023,220546.469,Pipeline Natural Gas,NA,Combustion turbine,NA,Selective Catalytic Reduction,NA,NA,"ARP, CSNOX, CSNOXOS, CSSO2G1, RGGI"
NY,Hell Gate,7913,HG02,NA,2017,450,337.29,13435.45,NA,0.042,0.001,8278.236,0.0592,0.791,0.0237,139314.949,Pipeline Natural Gas,NA,Combustion turbine,NA,Selective Catalytic Reduction,NA,NA,"ARP, CSNOX, CSOSG2, CSSO2G1, RGGI"
NY,Hell Gate,7913,HG02,NA,2018,507,376.59,15017.75,NA,0.046,0.001,9186.773,0.0592,0.833,0.025,154577.197,Pipeline Natural Gas,NA,Combustion turbine,NA,Selective Catalytic Reduction,NA,NA,"ARP, CSNOX, CSOSG2, CSSO2G1, RGGI"
NY,Hell Gate,7913,HG02,NA,2019,416,307.37,12092.64,NA,0.039,0.001,7711.327,0.0593,0.749,0.0242,129754.01,Pipeline Natural Gas,NA,Combustion turbine,NA,Selective Catalytic Reduction,NA,NA,"ARP, CSNOX, CSOSG2, CSSO2G1, RGGI"
NY,Hell Gate,7913,HG02,NA,2020,887,692.3,27689.86,NA,0.089,0.001,17682.062,0.0592,1.48,0.0188,297531.482,Pipeline Natural Gas,NA,Combustion turbine,NA,Selective Catalytic Reduction,NA,NA,"ARP, CSNOX, CSOSG2, CSSO2G1, RGGI"
NY,Hell Gate,7913,HG02,NA,2021,1136,907.19,36159.13,NA,0.117,0.001,23110.835,0.0592,2.049,0.0154,388887.221,Pipeline Natural Gas,NA,Combustion turbine,NA,Selective Catalytic Reduction,NA,NA,"ARP, CSNOX, CSOSG3, CSSO2G1, RGGI"
NY,Hell Gate,7913,HG02,NA,2022,1623,1338.33,53781.94,NA,0.174,0.001,34445.661,0.0592,3.076,0.014,579630.362,Pipeline Natural Gas,NA,Combustion turbine,NA,Selective Catalytic Reduction,NA,NA,"ARP, CSNOX, CSOSG3, CSSO2G1, RGGI"
NY,Hell Gate,7913,HG02,NA,2023,1408,1148.81,46071.79,NA,0.146,0.001,28858.48,0.0592,2.175,0.0131,485686.635,Pipeline Natural Gas,NA,Combustion turbine,NA,Selective Catalytic Reduction,NA,NA,"ARP, CSNOX, CSOSG3, CSSO2G1, RGGI"
NY,Hell Gate,7913,HG02,NA,2024,1612,1306.81,52556.21,NA,0.157,0.001,31110.785,0.0592,2.28,0.0133,523489.026,Pipeline Natural Gas,NA,Combustion turbine,NA,Selective Catalytic Reduction,NA,NA,"ARP, CSNOX, CSOSG2E, CSSO2G1, RGGI"
NY,Harlem River Yard,7914,HR01,NA,2001,587,466.12,17430.13,NA,0.052,0.001,10318.213,0.0593,3.314,0.1097,173619.976,Pipeline Natural Gas,NA,"Combustion turbine (Started Jun 17, 2001)",NA,Selective Catalytic Reduction,NA,NA,ARP
NY,Harlem River Yard,7914,HR01,NA,2002,4127,3640.59,144053.27,NA,0.434,0.001,86059.128,0.0592,7.269,0.0168,1448085.293,Pipeline Natural Gas,NA,Combustion turbine,NA,Selective Catalytic Reduction,NA,NA,ARP
NY,Harlem River Yard,7914,HR01,NA,2003,2537,2237.32,89390.34,NA,0.266,0.001,52661.239,0.0592,4.893,0.0133,886167.425,Pipeline Natural Gas,NA,Combustion turbine,NA,Selective Catalytic Reduction,NA,NA,"ARP, NBP"
NY,Harlem River Yard,7914,HR01,NA,2004,2235,1851.18,73675.73,NA,0.221,0.001,43790.163,0.0592,4.117,0.0185,736868.878,Pipeline Natural Gas,NA,Combustion turbine,NA,Selective Catalytic Reduction,NA,NA,"ARP, NBP"
NY,Harlem River Yard,7914,HR01,NA,2005,1970,1587.75,63425.16,NA,0.191,0.001,37849.625,0.0592,3.148,0.0187,636882.731,Pipeline Natural Gas,NA,Combustion turbine,NA,Selective Catalytic Reduction,NA,NA,"ARP, NBP"
NY,Harlem River Yard,7914,HR01,NA,2006,1201,949.17,37280.95,NA,0.113,9e-4,22354.808,0.0592,2.143,0.0209,376192.827,Pipeline Natural Gas,NA,Combustion turbine,NA,Selective Catalytic Reduction,NA,NA,"ARP, NBP"
NY,Harlem River Yard,7914,HR01,NA,2007,1180,927.65,36631.71,NA,0.117,0.001,23101.118,0.0592,2.005,0.019,388716.426,Pipeline Natural Gas,NA,Combustion turbine,NA,Selective Catalytic Reduction,NA,NA,"ARP, NBP"
NY,Harlem River Yard,7914,HR01,NA,2008,1057,829.61,32201,NA,0.105,0.001,20881.213,0.0592,1.673,0.0171,351370.87,Pipeline Natural Gas,NA,Combustion turbine,NA,Selective Catalytic Reduction,NA,NA,"ARP, CAIRNOX, CAIROS, NBP"
NY,Harlem River Yard,7914,HR01,NA,2009,275,187.23,7123.48,NA,0.022,0.001,4324.905,0.0593,0.382,0.0213,72785.686,Pipeline Natural Gas,NA,Combustion turbine,NA,Selective Catalytic Reduction,NA,NA,"ARP, CAIRNOX, CAIROS, CAIRSO2, RGGI"
NY,Harlem River Yard,7914,HR01,NA,2010,678,535.6,21350.37,NA,0.066,0.001,13112.056,0.0592,0.943,0.0123,220637.893,Pipeline Natural Gas,NA,Combustion turbine,NA,Selective Catalytic Reduction,NA,NA,"ARP, CAIRNOX, CAIROS, CAIRSO2, RGGI"
NY,Harlem River Yard,7914,HR01,NA,2011,404,303.34,11789.29,NA,0.037,0.001,7348.14,0.0593,0.611,0.0141,123656.356,Pipeline Natural Gas,NA,Combustion turbine,NA,Selective Catalytic Reduction,NA,NA,"ARP, CAIRNOX, CAIROS, CAIRSO2, RGGI"
NY,Harlem River Yard,7914,HR01,NA,2012,762,588.83,23294.99,NA,0.073,0.001,14442.914,0.0592,1.23,0.0163,243047.181,Pipeline Natural Gas,NA,Combustion turbine,NA,Selective Catalytic Reduction,NA,NA,"ARP, CAIRNOX, CAIROS, CAIRSO2, RGGI"
NY,Harlem River Yard,7914,HR01,NA,2013,823,592.44,23180.74,NA,0.072,0.001,14195.889,0.0593,1.413,0.0226,238883.39,Pipeline Natural Gas,NA,Combustion turbine,NA,Selective Catalytic Reduction,NA,NA,"ARP, CAIRNOX, CAIROS, CAIRSO2, RGGI"
NY,Harlem River Yard,7914,HR01,NA,2014,1035,803.36,31772.48,NA,0.097,0.001,19290.693,0.0593,1.736,0.0217,324595.742,Pipeline Natural Gas,NA,Combustion turbine,NA,Selective Catalytic Reduction,NA,NA,"ARP, CAIRNOX, CAIROS, CAIRSO2, RGGI"
NY,Harlem River Yard,7914,HR01,NA,2015,847,638.42,25334.19,NA,0.078,0.001,15383.84,0.0593,1.333,0.0231,258867.841,Pipeline Natural Gas,NA,Combustion turbine,NA,Selective Catalytic Reduction,NA,NA,"ARP, CSNOX, CSNOXOS, CSSO2G1, RGGI"
NY,Harlem River Yard,7914,HR01,NA,2016,796,610,24111.66,NA,0.074,0.001,14731.349,0.0592,1.189,0.015,247905.446,Pipeline Natural Gas,NA,Combustion turbine,NA,Selective Catalytic Reduction,NA,NA,"ARP, CSNOX, CSNOXOS, CSSO2G1, RGGI"
NY,Harlem River Yard,7914,HR01,NA,2017,480,345.27,13448.97,NA,0.042,0.001,8335.883,0.0592,0.744,0.0216,140277.986,Pipeline Natural Gas,NA,Combustion turbine,NA,Selective Catalytic Reduction,NA,NA,"ARP, CSNOX, CSOSG2, CSSO2G1, RGGI"
NY,Harlem River Yard,7914,HR01,NA,2018,878,698.98,28243.85,NA,0.086,0.001,17110.57,0.0593,1.394,0.0152,287892.316,Pipeline Natural Gas,NA,Combustion turbine,NA,Selective Catalytic Reduction,NA,NA,"ARP, CSNOX, CSOSG2, CSSO2G1, RGGI"
NY,Harlem River Yard,7914,HR01,NA,2019,624,469.87,18534.66,NA,0.057,0.001,11348.23,0.0592,1.032,0.0195,190972.956,Pipeline Natural Gas,NA,Combustion turbine,NA,Selective Catalytic Reduction,NA,NA,"ARP, CSNOX, CSOSG2, CSSO2G1, RGGI"
NY,Harlem River Yard,7914,HR01,NA,2020,1140,920.83,37125.83,NA,0.112,0.001,22171.293,0.0592,1.859,0.0141,373063.459,Pipeline Natural Gas,NA,Combustion turbine,NA,Selective Catalytic Reduction,NA,NA,"ARP, CSNOX, CSOSG2, CSSO2G1, RGGI"
NY,Harlem River Yard,7914,HR01,NA,2021,1316,1033.69,41290.47,NA,0.127,0.001,25153.254,0.0592,2.188,0.0137,423236.52,Pipeline Natural Gas,NA,Combustion turbine,NA,Selective Catalytic Reduction,NA,NA,"ARP, CSNOX, CSOSG3, CSSO2G1, RGGI"
NY,Harlem River Yard,7914,HR01,NA,2022,1969,1631.95,65861.38,NA,0.201,0.001,39842.024,0.0592,3.332,0.0124,670406.447,Pipeline Natural Gas,NA,Combustion turbine,NA,Selective Catalytic Reduction,NA,NA,"ARP, CSNOX, CSOSG3, CSSO2G1, RGGI"
NY,Harlem River Yard,7914,HR01,NA,2023,1918,1569.66,62782.12,NA,0.187,0.001,37074.55,0.0592,3.063,0.0146,623843.296,Pipeline Natural Gas,NA,Combustion turbine,NA,Selective Catalytic Reduction,NA,NA,"ARP, CSNOX, CSOSG3, CSSO2G1, RGGI"
NY,Harlem River Yard,7914,HR01,NA,2024,1903,1564.61,62977.59,NA,0.188,0.001,37261.016,0.0592,3.163,0.0192,627029.977,Pipeline Natural Gas,NA,Combustion turbine,NA,Selective Catalytic Reduction,NA,NA,"ARP, CSNOX, CSOSG2E, CSSO2G1, RGGI"
NY,Harlem River Yard,7914,HR02,NA,2001,557,428.8,16421.19,NA,0.048,0.001,9575.702,0.0593,3.361,0.1197,161135.982,Pipeline Natural Gas,NA,"Combustion turbine (Started Jun 11, 2001)",NA,Selective Catalytic Reduction,NA,NA,ARP
NY,Harlem River Yard,7914,HR02,NA,2002,4029,3502.94,141613.76,NA,0.423,0.001,83735.59,0.0592,7.341,0.0203,1408973.636,Pipeline Natural Gas,NA,Combustion turbine,NA,Selective Catalytic Reduction,NA,NA,ARP
NY,Harlem River Yard,7914,HR02,NA,2003,2004,1698.04,68063.32,NA,0.209,0.001,41401.919,0.0592,4.145,0.014,696688.044,Pipeline Natural Gas,NA,Combustion turbine,NA,Selective Catalytic Reduction,NA,NA,"ARP, NBP"
NY,Harlem River Yard,7914,HR02,NA,2004,2115,1724.66,70303.62,NA,0.207,0.001,41102.358,0.0593,3.94,0.0186,691590.57,Pipeline Natural Gas,NA,Combustion turbine,NA,Selective Catalytic Reduction,NA,NA,"ARP, NBP"
NY,Harlem River Yard,7914,HR02,NA,2005,1870,1507.82,61727.7,NA,0.182,0.001,36022.965,0.0592,3.195,0.0192,606180.253,Pipeline Natural Gas,NA,Combustion turbine,NA,Selective Catalytic Reduction,NA,NA,"ARP, NBP"
NY,Harlem River Yard,7914,HR02,NA,2006,1159,923.07,37607.2,NA,0.11,0.001,21866.265,0.0592,1.766,0.0164,367954.729,Pipeline Natural Gas,NA,Combustion turbine,NA,Selective Catalytic Reduction,NA,NA,"ARP, NBP"
NY,Harlem River Yard,7914,HR02,NA,2007,1797,1424.53,58258.07,NA,0.189,0.001,37410.702,0.0592,3.082,0.0184,629508.801,Pipeline Natural Gas,NA,Combustion turbine,NA,Selective Catalytic Reduction,NA,NA,"ARP, NBP"
NY,Harlem River Yard,7914,HR02,NA,2008,1615,1243.77,49903.33,NA,0.162,0.001,32085.045,0.0592,2.963,0.0236,539883.621,Pipeline Natural Gas,NA,Combustion turbine,NA,Selective Catalytic Reduction,NA,NA,"ARP, CAIRNOX, CAIROS, NBP"
NY,Harlem River Yard,7914,HR02,NA,2009,326,212.37,8129.39,NA,0.024,0.001,4807.358,0.0593,0.563,0.0369,80886.483,Pipeline Natural Gas,NA,Combustion turbine,NA,Selective Catalytic Reduction,NA,NA,"ARP, CAIRNOX, CAIROS, CAIRSO2, RGGI"
NY,Harlem River Yard,7914,HR02,NA,2010,720,568.66,23007.56,NA,0.069,0.001,13667.537,0.0592,1.208,0.0206,229987.967,Pipeline Natural Gas,NA,Combustion turbine,NA,Selective Catalytic Reduction,NA,NA,"ARP, CAIRNOX, CAIROS, CAIRSO2, RGGI"
NY,Harlem River Yard,7914,HR02,NA,2011,676,518.63,21086.24,NA,0.064,0.001,12587.606,0.0592,1.055,0.021,211823.152,Pipeline Natural Gas,NA,Combustion turbine,NA,Selective Catalytic Reduction,NA,NA,"ARP, CAIRNOX, CAIROS, CAIRSO2, RGGI"
NY,Harlem River Yard,7914,HR02,NA,2012,897,699.43,27805.6,NA,0.083,0.001,16522.971,0.0593,1.462,0.0211,278006.972,Pipeline Natural Gas,NA,Combustion turbine,NA,Selective Catalytic Reduction,NA,NA,"ARP, CAIRNOX, CAIROS, CAIRSO2, RGGI"
NY,Harlem River Yard,7914,HR02,NA,2013,731,535.88,20908.46,NA,0.063,0.001,12422.12,0.0593,1.254,0.0256,209006.795,Pipeline Natural Gas,NA,Combustion turbine,NA,Selective Catalytic Reduction,NA,NA,"ARP, CAIRNOX, CAIROS, CAIRSO2, RGGI"
NY,Harlem River Yard,7914,HR02,NA,2014,830,636.41,25170.68,NA,0.076,0.001,14985.487,0.0593,1.587,0.0314,252153.888,Pipeline Natural Gas,NA,Combustion turbine,NA,Selective Catalytic Reduction,NA,NA,"ARP, CAIRNOX, CAIROS, CAIRSO2, RGGI"
NY,Harlem River Yard,7914,HR02,NA,2015,703,531.92,21444.87,NA,0.065,0.001,12932.117,0.0593,1.27,0.028,217579.61,Pipeline Natural Gas,NA,Combustion turbine,NA,Selective Catalytic Reduction,NA,NA,"ARP, CSNOX, CSNOXOS, CSSO2G1, RGGI"
NY,Harlem River Yard,7914,HR02,NA,2016,801,618.3,24696.67,NA,0.076,0.001,15031.344,0.0592,1.367,0.0223,252920.554,Pipeline Natural Gas,NA,Combustion turbine,NA,Selective Catalytic Reduction,NA,NA,"ARP, CSNOX, CSNOXOS, CSSO2G1, RGGI"
NY,Harlem River Yard,7914,HR02,NA,2017,405,289.85,11512.35,NA,0.035,0.001,6865.404,0.0592,0.679,0.0265,115522.86,Pipeline Natural Gas,NA,Combustion turbine,NA,Selective Catalytic Reduction,NA,NA,"ARP, CSNOX, CSOSG2, CSSO2G1, RGGI"
NY,Harlem River Yard,7914,HR02,NA,2018,532,401.8,16367.94,NA,0.048,0.001,9591.831,0.059,0.992,0.0247,161393.828,Pipeline Natural Gas,NA,Combustion turbine,NA,Selective Catalytic Reduction,NA,NA,"ARP, CSNOX, CSOSG2, CSSO2G1, RGGI"
NY,Harlem River Yard,7914,HR02,NA,2019,424,307.14,12348.17,NA,0.037,0.001,7309.829,0.0592,0.706,0.0255,123000.963,Pipeline Natural Gas,NA,Combustion turbine,NA,Selective Catalytic Reduction,NA,NA,"ARP, CSNOX, CSOSG2, CSSO2G1, RGGI"
NY,Harlem River Yard,7914,HR02,NA,2020,784,602.68,24182.78,NA,0.072,0.001,14253.406,0.0593,1.34,0.0207,239852.729,Pipeline Natural Gas,NA,Combustion turbine,NA,Selective Catalytic Reduction,NA,NA,"ARP, CSNOX, CSOSG2, CSSO2G1, RGGI"
NY,Harlem River Yard,7914,HR02,NA,2021,1090,865.41,35253.22,NA,0.104,0.001,20675.161,0.0592,1.802,0.0171,347903.43,Pipeline Natural Gas,NA,Combustion turbine,NA,Selective Catalytic Reduction,NA,NA,"ARP, CSNOX, CSOSG3, CSSO2G1, RGGI"
NY,Harlem River Yard,7914,HR02,NA,2022,1774,1458.23,59274.08,NA,0.175,0.001,34667.08,0.0592,3.065,0.0175,583347.708,Pipeline Natural Gas,NA,Combustion turbine,NA,Selective Catalytic Reduction,NA,NA,"ARP, CSNOX, CSOSG3, CSSO2G1, RGGI"
NY,Harlem River Yard,7914,HR02,NA,2023,1155,936.88,37785.85,NA,0.111,0.001,22061.463,0.0592,1.883,0.0195,371223.425,Pipeline Natural Gas,NA,Combustion turbine,NA,Selective Catalytic Reduction,NA,NA,"ARP, CSNOX, CSOSG3, CSSO2G1, RGGI"
NY,Harlem River Yard,7914,HR02,NA,2024,1719,1383.97,55890.79,NA,0.166,0.001,32856.39,0.0592,2.848,0.0194,552868.647,Pipeline Natural Gas,NA,Combustion turbine,NA,Selective Catalytic Reduction,NA,NA,"ARP, CSNOX, CSOSG2E, CSSO2G1, RGGI"
NY,North 1st,7915,NO1,NA,2001,185,140.5,6046.21,NA,0.017,0.001,3412.998,0.0593,1.663,0.2554,57424.018,Pipeline Natural Gas,NA,"Combustion turbine (Started Aug 07, 2001)",NA,Selective Catalytic Reduction,NA,NA,ARP
NY,North 1st,7915,NO1,NA,2002,3219,2624.3,120191.15,NA,0.349,0.001,69176.575,0.0592,8.034,0.0446,1164033.542,Pipeline Natural Gas,NA,Combustion turbine,NA,Selective Catalytic Reduction,NA,NA,ARP
NY,North 1st,7915,NO1,NA,2003,2067,1797.66,81968.67,NA,0.238,0.001,47213.047,0.0592,4.938,0.0154,794455.519,Pipeline Natural Gas,NA,Combustion turbine,NA,Selective Catalytic Reduction,NA,NA,"ARP, NBP"
NY,North 1st,7915,NO1,NA,2004,2113,1756.71,79879.14,NA,0.235,0.001,46571.08,0.0592,4.907,0.0235,783651.64,Pipeline Natural Gas,NA,Combustion turbine,NA,Selective Catalytic Reduction,NA,NA,"ARP, NBP"
NY,North 1st,7915,NO1,NA,2005,2936,2413.97,111166.25,NA,0.324,0.001,64192.584,0.0592,5.294,0.0256,1080205.998,Pipeline Natural Gas,NA,Combustion turbine,NA,Selective Catalytic Reduction,NA,NA,"ARP, NBP"
NY,North 1st,7915,NO1,NA,2006,2378,1932.95,87217.82,NA,0.255,0.001,50522.95,0.0592,4.064,0.0227,850143.686,Pipeline Natural Gas,NA,Combustion turbine,NA,Selective Catalytic Reduction,NA,NA,"ARP, NBP"
NY,North 1st,7915,NO1,NA,2007,3088,2600.18,120188.66,NA,0.356,0.001,70610.255,0.0592,5.418,0.0192,1188120.086,Pipeline Natural Gas,NA,Combustion turbine,NA,Selective Catalytic Reduction,NA,NA,"ARP, NBP"
NY,North 1st,7915,NO1,NA,2008,2145,1800.64,79903.48,NA,0.241,0.001,47715.467,0.0592,4.173,0.0255,802899.057,Pipeline Natural Gas,NA,Combustion turbine,NA,Selective Catalytic Reduction,NA,NA,"ARP, CAIRNOX, CAIROS, NBP"
NY,North 1st,7915,NO1,NA,2009,433,308.38,13687.71,NA,0.038,0.001,7565.974,0.0593,0.754,0.0324,127312.493,Pipeline Natural Gas,NA,Combustion turbine,NA,Selective Catalytic Reduction,NA,NA,"ARP, CAIRNOX, CAIROS, CAIRSO2, RGGI"
NY,North 1st,7915,NO1,NA,2010,1563,1260.13,57962.93,NA,0.16,0.001,31757.866,0.0592,2.887,0.0249,534363.475,Pipeline Natural Gas,NA,Combustion turbine,NA,Selective Catalytic Reduction,NA,NA,"ARP, CAIRNOX, CAIROS, CAIRSO2, RGGI"
NY,North 1st,7915,NO1,NA,2011,2499,2029.31,88478.33,NA,0.252,0.001,49923.935,0.0592,4.453,0.024,840080.244,Pipeline Natural Gas,NA,Combustion turbine,NA,Selective Catalytic Reduction,NA,NA,"ARP, CAIRNOX, CAIROS, CAIRSO2, RGGI"
NY,North 1st,7915,NO1,NA,2012,1460,1202.83,51912.34,NA,0.149,0.001,29434.865,0.0592,2.583,0.022,495296.828,Pipeline Natural Gas,NA,Combustion turbine,NA,Selective Catalytic Reduction,NA,NA,"ARP, CAIRNOX, CAIROS, CAIRSO2, RGGI"
NY,North 1st,7915,NO1,NA,2013,1385,1162.05,53369.69,NA,0.147,0.001,29133.695,0.0592,2.618,0.0227,490244.953,Pipeline Natural Gas,NA,Combustion turbine,NA,Selective Catalytic Reduction,NA,NA,"ARP, CAIRNOX, CAIROS, CAIRSO2, RGGI"
NY,North 1st,7915,NO1,NA,2014,1178,928.91,42154.98,NA,0.115,0.001,22836.469,0.0592,2.378,0.0307,384262.576,Pipeline Natural Gas,NA,Combustion turbine,NA,Selective Catalytic Reduction,NA,NA,"ARP, CAIRNOX, CAIROS, CAIRSO2, RGGI"
NY,North 1st,7915,NO1,NA,2015,1044,839.05,37579.02,NA,0.103,0.001,20358.663,0.0592,2.048,0.0316,342582.908,Pipeline Natural Gas,NA,Combustion turbine,NA,Selective Catalytic Reduction,NA,NA,"ARP, CSNOX, CSNOXOS, CSSO2G1, RGGI"
NY,North 1st,7915,NO1,NA,2016,1341,1082.16,49612.43,NA,0.147,0.001,29026.896,0.0592,3.164,0.0257,488432.611,Pipeline Natural Gas,NA,Combustion turbine,NA,Selective Catalytic Reduction,NA,NA,"ARP, CSNOX, CSNOXOS, CSSO2G1, RGGI"
NY,North 1st,7915,NO1,NA,2017,1115,914.61,41292.43,NA,0.125,0.001,24708.674,0.0592,2.21,0.0181,415751.289,Pipeline Natural Gas,NA,Combustion turbine,NA,Selective Catalytic Reduction,NA,NA,"ARP, CSNOX, CSOSG2, CSSO2G1, RGGI"
NY,North 1st,7915,NO1,NA,2018,1462,1233.83,56771.31,NA,0.172,0.001,34161.247,0.0592,2.918,0.0155,574802.141,Pipeline Natural Gas,NA,Combustion turbine,NA,Selective Catalytic Reduction,NA,NA,"ARP, CSNOX, CSOSG2, CSSO2G1, RGGI"
NY,North 1st,7915,NO1,NA,2019,922,754.12,33613.53,NA,0.102,0.001,20278.177,0.0592,1.721,0.0184,341197.426,Pipeline Natural Gas,NA,Combustion turbine,NA,Selective Catalytic Reduction,NA,NA,"ARP, CSNOX, CSOSG2, CSSO2G1, RGGI"
NY,North 1st,7915,NO1,NA,2020,1378,1123.56,51542.85,NA,0.156,0.001,30911.431,0.0592,2.755,0.0178,520139.494,Pipeline Natural Gas,NA,Combustion turbine,NA,Selective Catalytic Reduction,NA,NA,"ARP, CSNOX, CSOSG2, CSSO2G1, RGGI"
NY,North 1st,7915,NO1,NA,2021,1029,809.7,37467.77,NA,0.113,0.001,22382.226,0.0592,2.101,0.0196,376628.12,Pipeline Natural Gas,NA,Combustion turbine,NA,Selective Catalytic Reduction,NA,NA,"ARP, CSNOX, CSOSG3, CSSO2G1, RGGI"
NY,North 1st,7915,NO1,NA,2022,2072,1685.43,76113.77,NA,0.23,0.001,45636.231,0.0592,4.082,0.0187,767899.349,Pipeline Natural Gas,NA,Combustion turbine,NA,Selective Catalytic Reduction,NA,NA,"ARP, CSNOX, CSOSG3, CSSO2G1, RGGI"
NY,North 1st,7915,NO1,NA,2023,989,777.33,34991.52,NA,0.104,0.001,20605.69,0.0592,1.803,0.0188,346737.051,Pipeline Natural Gas,NA,Combustion turbine,NA,Selective Catalytic Reduction,NA,NA,"ARP, CSNOX, CSOSG3, CSSO2G1, RGGI"
NY,North 1st,7915,NO1,NA,2024,1980,1616.71,72638.9,NA,0.215,0.001,42498.963,0.0592,3.315,0.0141,715112.124,Pipeline Natural Gas,NA,Combustion turbine,NA,Selective Catalytic Reduction,NA,NA,"ARP, CSNOX, CSOSG2E, CSSO2G1, RGGI"
NY,Roseton Generating LLC,8006,1,NA,1995,2013,1988.75,NA,NA,1607,NA,1170874,NA,588,NA,7175269,Residual Oil,Pipeline Natural Gas,Tangentially-fired,NA,Other,Cyclone,NA,ARP
NY,Roseton Generating LLC,8006,1,NA,1996,1457,1454.5,NA,NA,2903,NA,487370,NA,662,NA,6148402,Residual Oil,Pipeline Natural Gas,Tangentially-fired,NA,Other,Cyclone,NA,ARP
NY,Roseton Generating LLC,8006,1,NA,1997,2678,2671.25,803601,NA,4378.495,0.9431,714061.275,0.074,858.169,0.1638,9523411.025,Residual Oil,Pipeline Natural Gas,Tangentially-fired,NA,Other,Cyclone,NA,ARP
NY,Roseton Generating LLC,8006,1,NA,1998,6114,6096.75,1647725.75,NA,10537.546,0.9842,1545116.6,0.0767,1970.195,0.186,19694318.275,Residual Oil,Pipeline Natural Gas,Tangentially-fired,NA,Other,Cyclone,NA,ARP
NY,Roseton Generating LLC,8006,1,NA,1999,6481,6454.75,1895727.75,NA,11254.695,0.8722,1771470.55,0.0754,2025.69,0.1563,23028379.275,Residual Oil,Pipeline Natural Gas,Tangentially-fired,NA,Other,Cyclone,NA,"ARP, OTC"
NY,Roseton Generating LLC,8006,1,NA,2000,5035,4991.5,1367855.5,NA,7408.291,0.7354,1383197.875,0.0771,1650.382,0.1664,17430740.425,Residual Oil,Pipeline Natural Gas,Tangentially-fired,NA,Other,Cyclone,NA,"ARP, OTC"
NY,Roseton Generating LLC,8006,1,NA,2001,3847,3821.25,1035204.75,NA,6032.356,0.876,1035479.575,0.0785,1381.571,0.1887,13031244.2,Residual Oil,Pipeline Natural Gas,Tangentially-fired,NA,Other,Cyclone,NA,"ARP, OTC"
NY,Roseton Generating LLC,8006,1,NA,2002,3070,3041.25,721784.75,NA,3825.09,0.7685,715080.725,0.0778,901.999,0.1729,9029915.85,Residual Oil,Pipeline Natural Gas,Tangentially-fired,NA,Other,Cyclone,NA,"ARP, OTC"
NY,Roseton Generating LLC,8006,1,NA,2003,5338,5308,1660294,NA,9066.027,0.8822,1601098.4,0.0804,2044.358,0.1929,19794347.35,Residual Oil,Pipeline Natural Gas,Tangentially-fired,NA,Other,Cyclone,NA,"ARP, NBP"
NY,Roseton Generating LLC,8006,1,NA,2004,5949,5916.5,2064488,NA,11661.07,0.995,1828128.525,0.0802,2570.803,0.2091,22588494.9,Residual Oil,Pipeline Natural Gas,Tangentially-fired,NA,Other,Cyclone,NA,"ARP, NBP"
NY,Roseton Generating LLC,8006,1,NA,2005,5538,5525.25,1785214.75,NA,8748.297,0.9706,1420060.025,0.0809,1904.146,0.2025,17520768.525,Residual Oil,Pipeline Natural Gas,Tangentially-fired,NA,Other,Cyclone,NA,"ARP, NBP"
NY,Roseton Generating LLC,8006,1,NA,2006,1010,998.75,238396.5,NA,1093.98,0.7901,189849.6,0.0765,244.183,0.1719,2407117.675,Residual Oil,Pipeline Natural Gas,Tangentially-fired,NA,Other,Cyclone,NA,"ARP, NBP"
NY,Roseton Generating LLC,8006,1,NA,2007,1315,1289.19,413658.16,NA,1661.178,0.6947,321251.828,0.0765,440.453,0.1837,4055159.859,Residual Oil,Pipeline Natural Gas,Tangentially-fired,NA,Other,Cyclone,NA,"ARP, NBP"
NY,Roseton Generating LLC,8006,1,NA,2008,580,567.55,153334.59,NA,594.119,0.5819,118617.139,0.0738,142.231,0.1429,1516634.221,Residual Oil,Pipeline Natural Gas,Tangentially-fired,NA,Other,Cyclone,NA,"ARP, CAIRNOX, CAIROS, NBP"
NY,Roseton Generating LLC,8006,1,NA,2009,734,721.65,220978.57,NA,756.3,0.5143,169262.55,0.0716,210.699,0.1424,2233028.224,Residual Oil,Pipeline Natural Gas,Tangentially-fired,NA,Other,Cyclone,NA,"ARP, CAIRNOX, CAIROS, CAIRSO2, RGGI"
NY,Roseton Generating LLC,8006,1,NA,2010,1141,1097.42,261253.46,NA,102.181,0.0493,174655.949,0.0602,132.535,0.0742,2865301.637,Residual Oil,Pipeline Natural Gas,Tangentially-fired,NA,Other,Cyclone,NA,"ARP, CAIRNOX, CAIROS, CAIRSO2, RGGI"
NY,Roseton Generating LLC,8006,1,NA,2011,463,448.75,108240.19,NA,142.221,0.1436,74779.2,0.0623,69.781,0.0919,1149592.133,Residual Oil,Pipeline Natural Gas,Tangentially-fired,NA,Other,Cyclone,NA,"ARP, CAIRNOX, CAIROS, CAIRSO2, RGGI"
NY,Roseton Generating LLC,8006,1,NA,2012,1023,989.35,240653.59,NA,34.978,0.0278,162773.547,0.0598,108.279,0.0684,2709301.937,Residual Oil,Pipeline Natural Gas,Tangentially-fired,NA,Other,Cyclone,NA,"ARP, CAIRNOX, CAIROS, CAIRSO2, RGGI"
NY,Roseton Generating LLC,8006,1,NA,2013,750,723.09,153336.94,NA,17.682,0.0107,106322.334,0.0593,77.363,0.0687,1774187.389,Residual Oil,Pipeline Natural Gas,Tangentially-fired,NA,Other,Cyclone,NA,"ARP, CAIRNOX, CAIROS, CAIRSO2, RGGI"
NY,Roseton Generating LLC,8006,1,NA,2014,859,840.85,183150.88,NA,286.093,0.2319,137275.241,0.0686,133.608,0.1052,1916870.835,Residual Oil,Pipeline Natural Gas,Tangentially-fired,NA,Other,Cyclone,NA,"ARP, CAIRNOX, CAIROS, CAIRSO2, RGGI"
NY,Roseton Generating LLC,8006,1,NA,2015,1135,1107.14,249763.2,NA,367.421,0.2083,185258.432,0.0684,187.214,0.1131,2574258.774,Residual Oil,Pipeline Natural Gas,Tangentially-fired,NA,Other,Cyclone,NA,"ARP, CSNOX, CSNOXOS, CSSO2G1, MATS, RGGI"
NY,Roseton Generating LLC,8006,1,NA,2016,727,703.64,137441.98,NA,77.147,0.0684,93348.534,0.0621,88.008,0.0911,1456759.622,Residual Oil,Pipeline Natural Gas,Tangentially-fired,NA,Other,Cyclone,NA,"ARP, CSNOX, CSNOXOS, CSSO2G1, MATS, RGGI"
NY,Roseton Generating LLC,8006,1,NA,2017,499,490.46,120477.49,NA,108.435,0.0913,86378.634,0.0628,89.298,0.0987,1306046.951,Residual Oil,Pipeline Natural Gas,Tangentially-fired,NA,Other,Cyclone,NA,"ARP, CSNOX, CSOSG2, CSSO2G1, MATS, RGGI"
NY,Roseton Generating LLC,8006,1,NA,2018,997,969.22,279415.87,NA,383.313,0.148,193274.336,0.065,247.317,0.1339,2730405.508,Residual Oil,Pipeline Natural Gas,Tangentially-fired,NA,Other,Cyclone,NA,"ARP, CSNOX, CSOSG2, CSSO2G1, MATS, RGGI"
NY,Roseton Generating LLC,8006,1,NA,2019,328,315.3,63288.38,NA,7.116,0.0129,41051.795,0.0594,39.875,0.0827,681251.703,Residual Oil,Pipeline Natural Gas,Tangentially-fired,NA,Other,Cyclone,NA,"ARP, CSNOX, CSOSG2, CSSO2G1, MATS, RGGI"
NY,Roseton Generating LLC,8006,1,NA,2020,254,246.41,46129.66,NA,3.441,0.0093,29932.879,0.0594,22.526,0.0672,499149.429,Residual Oil,Pipeline Natural Gas,Tangentially-fired,NA,Other,Cyclone,NA,"ARP, CSNOX, CSOSG2, CSSO2G1, MATS, RGGI"
NY,Roseton Generating LLC,8006,1,NA,2021,368,341.11,56445.58,NA,4.199,0.0071,36837.033,0.0591,33.087,0.0744,614240.685,Residual Oil,Pipeline Natural Gas,Tangentially-fired,NA,Other,Cyclone,NA,"ARP, CSNOX, CSOSG3, CSSO2G1, MATS, RGGI"
NY,Roseton Generating LLC,8006,1,NA,2022,1009,976.76,280219.13,NA,521.464,0.2783,208110.44,0.0706,266.528,0.1499,2786086.487,Residual Oil,Pipeline Natural Gas,Tangentially-fired,NA,Other,Cyclone,NA,"ARP, CSNOX, CSOSG3, CSSO2G1, MATS, RGGI"
NY,Roseton Generating LLC,8006,1,NA,2023,459,429.32,83196.02,NA,57.781,0.0741,54544.258,0.062,63.319,0.1066,841225.188,Residual Oil,Pipeline Natural Gas,Tangentially-fired,NA,Other,Cyclone,NA,"ARP, CSNOX, CSOSG3, CSSO2G1, MATS, RGGI"
NY,Roseton Generating LLC,8006,1,NA,2024,651,625.21,129377.42,NA,27.919,0.04,83007.188,0.0606,67.748,0.0878,1359783.857,Residual Oil,Pipeline Natural Gas,Tangentially-fired,NA,Other,Cyclone,NA,"ARP, CSNOX, CSOSG2E, CSSO2G1, MATS, RGGI"
NY,Roseton Generating LLC,8006,2,NA,1995,2722,2720.5,NA,NA,2381,NA,719378,NA,1488,NA,10692101,Residual Oil,Pipeline Natural Gas,Tangentially-fired,NA,Other,Cyclone,NA,ARP
NY,Roseton Generating LLC,8006,2,NA,1996,2118,2101.5,NA,NA,4020.7,NA,602600,NA,900,NA,7670038,Residual Oil,Pipeline Natural Gas,Tangentially-fired,NA,Other,Cyclone,NA,ARP
NY,Roseton Generating LLC,8006,2,NA,1997,4654,4640,1356424.5,NA,7128.893,1.0051,1205568.225,0.0726,1495.781,0.17,16206426.8,Residual Oil,Pipeline Natural Gas,Tangentially-fired,NA,Other,Cyclone,NA,ARP
NY,Roseton Generating LLC,8006,2,NA,1998,7021,7009.75,2157904.25,NA,14191.737,1.017,2069444.3,0.0768,2744.227,0.1973,26363992.225,Residual Oil,Pipeline Natural Gas,Tangentially-fired,NA,Other,Cyclone,NA,ARP
NY,Roseton Generating LLC,8006,2,NA,1999,6898,6870.25,2232046,NA,13934.816,0.9404,2086889.575,0.0764,2456.431,0.1652,26891178.675,Residual Oil,Pipeline Natural Gas,Tangentially-fired,NA,Other,Cyclone,NA,"ARP, OTC"
NY,Roseton Generating LLC,8006,2,NA,2000,5422,5379,1690855,NA,9255.816,0.7974,1642272.175,0.0777,2125.324,0.182,20581290.125,Residual Oil,Pipeline Natural Gas,Tangentially-fired,NA,Other,Cyclone,NA,"ARP, OTC"
NY,Roseton Generating LLC,8006,2,NA,2001,5191,5177.25,1600908.75,NA,9558.453,0.8911,1648893.1,0.0796,2256.443,0.2005,20536889.325,Residual Oil,Pipeline Natural Gas,Tangentially-fired,NA,Other,Cyclone,NA,"ARP, OTC"
NY,Roseton Generating LLC,8006,2,NA,2002,2768,2741.5,570507.25,NA,2995.937,0.6929,582252.375,0.0755,749.787,0.1632,7460914.45,Residual Oil,Pipeline Natural Gas,Tangentially-fired,NA,Other,Cyclone,NA,"ARP, OTC"
NY,Roseton Generating LLC,8006,2,NA,2003,5457,5426.25,1767821,NA,9813.809,0.8681,1737678.875,0.0802,2299.349,0.1987,21489508.5,Residual Oil,Pipeline Natural Gas,Tangentially-fired,NA,Other,Cyclone,NA,"ARP, NBP"
NY,Roseton Generating LLC,8006,2,NA,2004,5491,5457.25,1945724.75,NA,11499.693,1.0187,1756689.25,0.0802,2543.795,0.2148,21708582.1,Residual Oil,Pipeline Natural Gas,Tangentially-fired,NA,Other,Cyclone,NA,"ARP, NBP"
NY,Roseton Generating LLC,8006,2,NA,2005,5687,5658.5,1910633.5,NA,9302.196,0.9751,1495431.2,0.0803,2029.204,0.2003,18453787.975,Residual Oil,Pipeline Natural Gas,Tangentially-fired,NA,Other,Cyclone,NA,"ARP, NBP"
NY,Roseton Generating LLC,8006,2,NA,2006,1017,1002.75,228158,NA,1093.829,0.7932,188753.875,0.0759,234.297,0.1611,2413631.325,Residual Oil,Pipeline Natural Gas,Tangentially-fired,NA,Other,Cyclone,NA,"ARP, NBP"
NY,Roseton Generating LLC,8006,2,NA,2007,2477,2454.99,720393.92,NA,2993.462,0.7443,577422.786,0.078,736.406,0.1702,7237117.528,Residual Oil,Pipeline Natural Gas,Tangentially-fired,NA,Other,Cyclone,NA,"ARP, NBP"
NY,Roseton Generating LLC,8006,2,NA,2008,1337,1320.91,317255.96,NA,1165.777,0.5365,252320.17,0.0731,269.106,0.1181,3264311.135,Residual Oil,Pipeline Natural Gas,Tangentially-fired,NA,Other,Cyclone,NA,"ARP, CAIRNOX, CAIROS, NBP"
NY,Roseton Generating LLC,8006,2,NA,2009,848,835.11,234908.23,NA,811.593,0.5131,178304.244,0.0716,210.258,0.1341,2343983.002,Residual Oil,Pipeline Natural Gas,Tangentially-fired,NA,Other,Cyclone,NA,"ARP, CAIRNOX, CAIROS, CAIRSO2, RGGI"
NY,Roseton Generating LLC,8006,2,NA,2010,1070,1021.28,233528.82,NA,105.89,0.0489,157946.036,0.0602,82.495,0.0479,2582815.954,Residual Oil,Pipeline Natural Gas,Tangentially-fired,NA,Other,Cyclone,NA,"ARP, CAIRNOX, CAIROS, CAIRSO2, RGGI"
NY,Roseton Generating LLC,8006,2,NA,2011,889,862.36,208583.77,NA,138.86,0.0783,140315.557,0.0609,97.963,0.0704,2254993.007,Residual Oil,Pipeline Natural Gas,Tangentially-fired,NA,Other,Cyclone,NA,"ARP, CAIRNOX, CAIROS, CAIRSO2, RGGI"
NY,Roseton Generating LLC,8006,2,NA,2012,887,856.76,208563.62,NA,29.072,0.0147,135363.572,0.0595,67.184,0.0486,2253055.613,Residual Oil,Pipeline Natural Gas,Tangentially-fired,NA,Other,Cyclone,NA,"ARP, CAIRNOX, CAIROS, CAIRSO2, RGGI"
NY,Roseton Generating LLC,8006,2,NA,2013,799,775.4,165855.82,NA,98.439,0.0811,111566.223,0.0612,89.479,0.0777,1792286.91,Residual Oil,Pipeline Natural Gas,Tangentially-fired,NA,Other,Cyclone,NA,"ARP, CAIRNOX, CAIROS, CAIRSO2, RGGI"
NY,Roseton Generating LLC,8006,2,NA,2014,925,905.62,213374.45,NA,321.613,0.2244,158225.506,0.0684,174.902,0.1228,2217694.602,Residual Oil,Pipeline Natural Gas,Tangentially-fired,NA,Other,Cyclone,NA,"ARP, CAIRNOX, CAIROS, CAIRSO2, RGGI"
NY,Roseton Generating LLC,8006,2,NA,2015,1084,1059.68,255652.67,NA,375.347,0.1983,191689.015,0.0678,207.955,0.12,2671514.956,Residual Oil,Pipeline Natural Gas,Tangentially-fired,NA,Other,Cyclone,NA,"ARP, CSNOX, CSNOXOS, CSSO2G1, MATS, RGGI"
NY,Roseton Generating LLC,8006,2,NA,2016,886,856.32,184026.16,NA,80.406,0.0599,120642.471,0.0617,111.511,0.0905,1911384.088,Residual Oil,Pipeline Natural Gas,Tangentially-fired,NA,Other,Cyclone,NA,"ARP, CSNOX, CSNOXOS, CSSO2G1, MATS, RGGI"
NY,Roseton Generating LLC,8006,2,NA,2017,908,881.02,215082.9,NA,155.36,0.066,145536.453,0.0618,162.655,0.099,2237943.968,Residual Oil,Pipeline Natural Gas,Tangentially-fired,NA,Other,Cyclone,NA,"ARP, CSNOX, CSOSG2, CSSO2G1, MATS, RGGI"
NY,Roseton Generating LLC,8006,2,NA,2018,975,953.04,267139.09,NA,380.515,0.151,191255.193,0.0651,256.2,0.1223,2700264.198,Residual Oil,Pipeline Natural Gas,Tangentially-fired,NA,Other,Cyclone,NA,"ARP, CSNOX, CSOSG2, CSSO2G1, MATS, RGGI"
NY,Roseton Generating LLC,8006,2,NA,2019,538,526.44,91551.48,NA,7.527,0.0109,60146.599,0.0587,36.437,0.0601,1002123.148,Residual Oil,Pipeline Natural Gas,Tangentially-fired,NA,Other,Cyclone,NA,"ARP, CSNOX, CSOSG2, CSSO2G1, MATS, RGGI"
NY,Roseton Generating LLC,8006,2,NA,2020,362,354.32,70728.7,NA,6.896,0.0122,44479.305,0.0595,35.732,0.0746,739243.316,Residual Oil,Pipeline Natural Gas,Tangentially-fired,NA,Other,Cyclone,NA,"ARP, CSNOX, CSOSG2, CSSO2G1, MATS, RGGI"
NY,Roseton Generating LLC,8006,2,NA,2021,501,486.7,91493.65,NA,23.31,0.0392,61542.964,0.0607,67.955,0.1004,1004159.055,Residual Oil,Pipeline Natural Gas,Tangentially-fired,NA,Other,Cyclone,NA,"ARP, CSNOX, CSOSG3, CSSO2G1, MATS, RGGI"
NY,Roseton Generating LLC,8006,2,NA,2022,885,864.82,228133.74,NA,229.361,0.1474,151146.759,0.0651,189.784,0.126,2228486.076,Residual Oil,Pipeline Natural Gas,Tangentially-fired,NA,Other,Cyclone,NA,"ARP, CSNOX, CSOSG3, CSSO2G1, MATS, RGGI"
NY,Roseton Generating LLC,8006,2,NA,2023,715,693.5,124615.67,NA,48.715,0.0348,79230.18,0.0604,76.923,0.0929,1269080.892,Residual Oil,Pipeline Natural Gas,Tangentially-fired,NA,Other,Cyclone,NA,"ARP, CSNOX, CSOSG3, CSSO2G1, MATS, RGGI"
NY,Roseton Generating LLC,8006,2,NA,2024,690,671.79,126302.69,NA,28.327,0.0402,78599.651,0.0606,58.819,0.0793,1285009.342,Residual Oil,Pipeline Natural Gas,Tangentially-fired,NA,Other,Cyclone,NA,"ARP, CSNOX, CSOSG2E, CSSO2G1, MATS, RGGI"
NY,Holtsville Facility,8007,U00001,NA,1999,380,380,5791,NA,NA,NA,NA,NA,27.195,0.7,77720,Diesel Oil,NA,Combustion turbine,NA,NA,NA,NA,OTC
NY,Holtsville Facility,8007,U00001,NA,2000,395,395,7108,NA,NA,NA,NA,NA,33.123,0.7001,94629.6,Diesel Oil,NA,Combustion turbine,NA,NA,NA,NA,OTC
NY,Holtsville Facility,8007,U00001,NA,2001,356,356,6354,NA,NA,NA,NA,NA,28.456,0.6443,88278.2,Diesel Oil,NA,Combustion turbine,NA,NA,NA,NA,OTC
NY,Holtsville Facility,8007,U00001,NA,2002,572,572,9956,NA,0,0,0,0,40.983,0.6435,127340.9,Diesel Oil,NA,Combustion turbine,NA,"Water Injection (Began May 01, 2002)",NA,NA,OTC
NY,Holtsville Facility,8007,U00001,NA,2003,362,362,11099,NA,NA,NA,NA,NA,24.958,0.6456,77223.6,Diesel Oil,NA,Combustion turbine,NA,"Water Injection (Retired Apr 30, 2003)",NA,NA,NBP
NY,Holtsville Facility,8007,U00001,NA,2004,174,174,5645,NA,NA,NA,NA,NA,13.015,0.7096,36645,Diesel Oil,NA,Combustion turbine,NA,NA,NA,NA,NBP
NY,Holtsville Facility,8007,U00001,NA,2005,212,212,5328,NA,NA,NA,NA,NA,13.164,0.7074,37145.2,Diesel Oil,NA,Combustion turbine,NA,NA,NA,NA,NBP
NY,Holtsville Facility,8007,U00001,NA,2006,158,158,2735,NA,NA,NA,NA,NA,13.41,0.7127,37554.7,Diesel Oil,NA,Combustion turbine,NA,NA,NA,NA,NBP
NY,Holtsville Facility,8007,U00001,NA,2007,148,148,2747,NA,NA,NA,NA,NA,16.142,0.8407,38363.4,Diesel Oil,NA,Combustion turbine,NA,NA,NA,NA,NBP
NY,Holtsville Facility,8007,U00001,NA,2008,134,134,2227,NA,NA,NA,NA,NA,11.131,0.7186,31025.9,Diesel Oil,NA,Combustion turbine,NA,NA,NA,NA,"CAIRNOX, CAIROS, NBP"
NY,Holtsville Facility,8007,U00001,CP001,2009,121,121,2212,NA,7.743,0.5001,2507.2,0.0809,15.48,0.9915,30965.8,Diesel Oil,NA,Combustion turbine,NA,NA,NA,NA,"CAIRNOX, CAIROS, CAIRSO2, RGGI"
NY,Holtsville Facility,8007,U00001,CP001,2010,175,175,2583,NA,8.746,0.5001,2831.7,0.0809,16.878,0.9637,34976.8,Diesel Oil,NA,Combustion turbine,NA,NA,NA,NA,"CAIRNOX, CAIROS, CAIRSO2, RGGI"
NY,Holtsville Facility,8007,U00001,CP001,2011,147,147,2318,NA,8.101,0.5001,2624.4,0.081,15.705,0.9667,32394.3,Diesel Oil,NA,Combustion turbine,NA,NA,NA,NA,"CAIRNOX, CAIROS, CAIRSO2, RGGI"
NY,Holtsville Facility,8007,U00001,CP001,2012,127,127,2074,NA,7.187,0.5002,2327.9,0.081,13.875,0.9625,28740.5,Diesel Oil,NA,Combustion turbine,NA,NA,NA,NA,"CAIRNOX, CAIROS, CAIRSO2, RGGI"
NY,Holtsville Facility,8007,U00001,CP001,2013,182,182,3146,NA,10.296,0.5002,3335.6,0.0809,19.718,0.9551,41172.9,Diesel Oil,NA,Combustion turbine,NA,"Water Injection (Began Jul 09, 2013)",NA,NA,"CAIRNOX, CAIROS, CAIRSO2, RGGI"
NY,Holtsville Facility,8007,U00001,CP001,2014,109,109,1303,NA,4.594,0.5003,1488.4,0.0809,8.8,0.98740000000000006,18368.4,Diesel Oil,NA,Combustion turbine,NA,Water Injection,NA,NA,"CAIRNOX, CAIROS, CAIRSO2, RGGI"
NY,Holtsville Facility,8007,U00001,CP001,2015,62,62,540,NA,2.146,0.5005,695.2,0.0812,3.579,0.9084,8579.2,Diesel Oil,NA,Combustion turbine,NA,Water Injection,NA,NA,"CSNOX, CSNOXOS, CSSO2G1, RGGI"
NY,Holtsville Facility,8007,U00001,CP001,2016,87,87,677,NA,2.911,0.4833,963.3,0.0808,2.769,0.5171,11893.6,Diesel Oil,NA,Combustion turbine,NA,Water Injection,NA,NA,"CSNOX, CSNOXOS, CSSO2G1, RGGI"
NY,Holtsville Facility,8007,U00001,CP001,2017,28,28,222,NA,0.003,0.0014,318.2,0.0809,1.193,0.6123,3929.3,Diesel Oil,NA,Combustion turbine,NA,Water Injection,NA,NA,"CSNOX, CSOSG2, CSSO2G1, RGGI"
NY,Holtsville Facility,8007,U00001,CP001,2018,63,63,559,NA,0.007,0.0016,712.2,0.081,3.708,0.8334,8790.2,Diesel Oil,NA,Combustion turbine,NA,"Water Injection (Retired Dec 12, 2018)|Water Injection (Began Dec 13, 2018)",NA,NA,"CSNOX, CSOSG2, CSSO2G1, RGGI"
NY,Holtsville Facility,8007,U00001,CP001,2019,54,54,428,NA,0.003,0.0011,605.1,0.081,1.33,0.4226,7474.1,Diesel Oil,NA,Combustion turbine,NA,Water Injection,NA,NA,"CSNOX, CSOSG2, CSSO2G1, RGGI"
NY,Holtsville Facility,8007,U00001,CP001,2020,349,349,5499,NA,0.025,8e-4,6214.7,0.081,13.932,0.4225,76733.4,Diesel Oil,NA,Combustion turbine,NA,Water Injection,NA,NA,"CSNOX, CSOSG2, CSSO2G1, RGGI"
NY,Holtsville Facility,8007,U00001,CP001,2021,246,246,3595,NA,0.016,7e-4,3858.6,0.0808,11.393,0.5441,47633.5,Diesel Oil,NA,Combustion turbine,NA,Water Injection,NA,NA,"CSNOX, CSOSG3, CSSO2G1, RGGI"
NY,Holtsville Facility,8007,U00001,CP001,2022,110,110,1467,NA,0.007,6e-4,1593.4,0.0815,6.913,0.7456,19662.9,Diesel Oil,NA,Combustion turbine,NA,Water Injection,NA,NA,"CSNOX, CSOSG3, CSSO2G1, RGGI"
NY,Holtsville Facility,8007,U00001,CP001,2023,87,87,1641,NA,0.007,7e-4,1486.1,0.0811,4.038,0.4555,18351,Diesel Oil,NA,Combustion turbine,NA,Water Injection,NA,NA,"CSNOX, CSOSG3, CSSO2G1, RGGI"
NY,Holtsville Facility,8007,U00001,CP001,2024,182,182,2542,NA,0.013,7e-4,3056.5,0.0808,8.018,0.4197,37759.6,Diesel Oil,NA,Combustion turbine,NA,Water Injection,NA,NA,"CSNOX, CSOSG2E, CSSO2G1, RGGI"
NY,Holtsville Facility,8007,U00002,NA,1999,380,380,5791,NA,NA,NA,NA,NA,27.195,0.7,77720,Diesel Oil,NA,Combustion turbine,NA,NA,NA,NA,OTC
NY,Holtsville Facility,8007,U00002,NA,2000,395,395,7108,NA,NA,NA,NA,NA,33.123,0.7001,94629.6,Diesel Oil,NA,Combustion turbine,NA,NA,NA,NA,OTC
NY,Holtsville Facility,8007,U00002,NA,2001,356,356,6354,NA,NA,NA,NA,NA,28.456,0.6443,88278.2,Diesel Oil,NA,Combustion turbine,NA,NA,NA,NA,OTC
NY,Holtsville Facility,8007,U00002,NA,2002,572,572,9956,NA,0,0,0,0,40.983,0.6435,127340.9,Diesel Oil,NA,Combustion turbine,NA,"Water Injection (Began May 01, 2002)",NA,NA,OTC
NY,Holtsville Facility,8007,U00002,NA,2003,362,362,11099,NA,NA,NA,NA,NA,24.958,0.6456,77223.6,Diesel Oil,NA,Combustion turbine,NA,"Water Injection (Retired Apr 30, 2003)",NA,NA,NBP
NY,Holtsville Facility,8007,U00002,NA,2004,174,174,5645,NA,NA,NA,NA,NA,13.015,0.7096,36645,Diesel Oil,NA,Combustion turbine,NA,NA,NA,NA,NBP
NY,Holtsville Facility,8007,U00002,NA,2005,212,212,5328,NA,NA,NA,NA,NA,13.164,0.7074,37145.2,Diesel Oil,NA,Combustion turbine,NA,NA,NA,NA,NBP
NY,Holtsville Facility,8007,U00002,NA,2006,158,158,2735,NA,NA,NA,NA,NA,13.41,0.7127,37554.7,Diesel Oil,NA,Combustion turbine,NA,NA,NA,NA,NBP
NY,Holtsville Facility,8007,U00002,NA,2007,148,148,2747,NA,NA,NA,NA,NA,16.142,0.8407,38363.4,Diesel Oil,NA,Combustion turbine,NA,NA,NA,NA,NBP
NY,Holtsville Facility,8007,U00002,NA,2008,134,134,2227,NA,NA,NA,NA,NA,11.131,0.7186,31025.9,Diesel Oil,NA,Combustion turbine,NA,NA,NA,NA,"CAIRNOX, CAIROS, NBP"
NY,Holtsville Facility,8007,U00002,CP001,2009,121,121,2212,NA,7.743,0.5001,2507.2,0.0809,15.48,0.9915,30965.8,Diesel Oil,NA,Combustion turbine,NA,NA,NA,NA,"CAIRNOX, CAIROS, CAIRSO2, RGGI"
NY,Holtsville Facility,8007,U00002,CP001,2010,175,175,2583,NA,8.746,0.5001,2831.7,0.0809,16.878,0.9637,34976.8,Diesel Oil,NA,Combustion turbine,NA,NA,NA,NA,"CAIRNOX, CAIROS, CAIRSO2, RGGI"
NY,Holtsville Facility,8007,U00002,CP001,2011,147,147,2318,NA,8.101,0.5001,2624.4,0.081,15.705,0.9667,32394.3,Diesel Oil,NA,Combustion turbine,NA,NA,NA,NA,"CAIRNOX, CAIROS, CAIRSO2, RGGI"
NY,Holtsville Facility,8007,U00002,CP001,2012,127,127,2074,NA,7.187,0.5002,2327.9,0.081,13.875,0.9625,28740.5,Diesel Oil,NA,Combustion turbine,NA,NA,NA,NA,"CAIRNOX, CAIROS, CAIRSO2, RGGI"
NY,Holtsville Facility,8007,U00002,CP001,2013,182,182,3146,NA,10.296,0.5002,3335.6,0.0809,19.718,0.9551,41172.9,Diesel Oil,NA,Combustion turbine,NA,"Water Injection (Began Jul 09, 2013)",NA,NA,"CAIRNOX, CAIROS, CAIRSO2, RGGI"
NY,Holtsville Facility,8007,U00002,CP001,2014,109,109,1299,NA,4.575,0.5003,1482.2,0.0809,8.634,0.9518,18293,Diesel Oil,NA,Combustion turbine,NA,Water Injection,NA,NA,"CAIRNOX, CAIROS, CAIRSO2, RGGI"
NY,Holtsville Facility,8007,U00002,CP001,2015,62,62,541,NA,2.149,0.5005,696.4,0.0812,3.602,0.8751,8593.3,Diesel Oil,NA,Combustion turbine,NA,Water Injection,NA,NA,"CSNOX, CSNOXOS, CSSO2G1, RGGI"
NY,Holtsville Facility,8007,U00002,CP001,2016,87,87,682,NA,2.933,0.4833,970.5,0.0808,2.8,0.5363,11982.1,Diesel Oil,NA,Combustion turbine,NA,Water Injection,NA,NA,"CSNOX, CSNOXOS, CSSO2G1, RGGI"
NY,Holtsville Facility,8007,U00002,CP001,2017,28,28,222,NA,0.003,0.0014,318.2,0.0809,1.193,0.6123,3929.3,Diesel Oil,NA,Combustion turbine,NA,Water Injection,NA,NA,"CSNOX, CSOSG2, CSSO2G1, RGGI"
NY,Holtsville Facility,8007,U00002,CP001,2018,63,63,559,NA,0.007,0.0016,712.2,0.081,3.708,0.8334,8790.2,Diesel Oil,NA,Combustion turbine,NA,"Water Injection (Retired Dec 12, 2018)|Water Injection (Began Dec 13, 2018)",NA,NA,"CSNOX, CSOSG2, CSSO2G1, RGGI"
NY,Holtsville Facility,8007,U00002,CP001,2019,53,53,424,NA,0.003,0.0011,599.5,0.081,1.452,0.4565,7405,Diesel Oil,NA,Combustion turbine,NA,Water Injection,NA,NA,"CSNOX, CSOSG2, CSSO2G1, RGGI"
NY,Holtsville Facility,8007,U00002,CP001,2020,350,350,5500,NA,0.025,8e-4,6215.8,0.081,13.593,0.4051,76747.3,Diesel Oil,NA,Combustion turbine,NA,Water Injection,NA,NA,"CSNOX, CSOSG2, CSSO2G1, RGGI"
NY,Holtsville Facility,8007,U00002,CP001,2021,246,246,3595,NA,0.016,7e-4,3858.6,0.0808,11.54,0.5542,47633.5,Diesel Oil,NA,Combustion turbine,NA,Water Injection,NA,NA,"CSNOX, CSOSG3, CSSO2G1, RGGI"
NY,Holtsville Facility,8007,U00002,CP001,2022,111,111,1468,NA,0.007,6e-4,1594.5,0.0815,6.349,0.6786,19676,Diesel Oil,NA,Combustion turbine,NA,Water Injection,NA,NA,"CSNOX, CSOSG3, CSSO2G1, RGGI"
NY,Holtsville Facility,8007,U00002,CP001,2023,86,86,1619,NA,0.007,8e-4,1468.9,0.0811,3.989,0.4557,18138.2,Diesel Oil,NA,Combustion turbine,NA,Water Injection,NA,NA,"CSNOX, CSOSG3, CSSO2G1, RGGI"
NY,Holtsville Facility,8007,U00002,CP001,2024,183,183,2545,NA,0.013,7e-4,3059.9,0.0808,8.468,0.4505,37802.8,Diesel Oil,NA,Combustion turbine,NA,Water Injection,NA,NA,"CSNOX, CSOSG2E, CSSO2G1, RGGI"
NY,Holtsville Facility,8007,U00003,NA,1999,561,561,9242,NA,NA,NA,NA,NA,43.445,0.7,124151,Diesel Oil,NA,Combustion turbine,NA,NA,NA,NA,OTC
NY,Holtsville Facility,8007,U00003,NA,2000,513,513,9362,NA,NA,NA,NA,NA,43.627,0.7001,124637.2,Diesel Oil,NA,Combustion turbine,NA,NA,NA,NA,OTC
NY,Holtsville Facility,8007,U00003,NA,2001,276,276,4964,NA,NA,NA,NA,NA,22.234,0.6457,68774.6,Diesel Oil,NA,Combustion turbine,NA,NA,NA,NA,OTC
NY,Holtsville Facility,8007,U00003,NA,2002,376,376,6455,NA,0,0,0,0,26.546,0.6435,82474.3,Diesel Oil,NA,Combustion turbine,NA,"Water Injection (Began May 01, 2002)",NA,NA,OTC
NY,Holtsville Facility,8007,U00003,NA,2003,511,511,16716,NA,NA,NA,NA,NA,40.294,0.6939,116281.5,Diesel Oil,NA,Combustion turbine,NA,"Water Injection (Retired Apr 30, 2003)",NA,NA,NBP
NY,Holtsville Facility,8007,U00003,NA,2004,218,218,6989,NA,NA,NA,NA,NA,18.424,0.7946,45895.7,Diesel Oil,NA,Combustion turbine,NA,NA,NA,NA,NBP
NY,Holtsville Facility,8007,U00003,NA,2005,256,256,7927,NA,NA,NA,NA,NA,22.443,0.8067,55563.6,Diesel Oil,NA,Combustion turbine,NA,NA,NA,NA,NBP
NY,Holtsville Facility,8007,U00003,NA,2006,196,196,3363,NA,NA,NA,NA,NA,18.927,0.8165,46166.5,Diesel Oil,NA,Combustion turbine,NA,NA,NA,NA,NBP
NY,Holtsville Facility,8007,U00003,NA,2007,137,137,2382,NA,NA,NA,NA,NA,13.478,0.8041,33378.7,Diesel Oil,NA,Combustion turbine,NA,NA,NA,NA,NBP
NY,Holtsville Facility,8007,U00003,NA,2008,156,156,2287,NA,NA,NA,NA,NA,11.734,0.7348,32056.4,Diesel Oil,NA,Combustion turbine,NA,NA,NA,NA,"CAIRNOX, CAIROS, NBP"
NY,Holtsville Facility,8007,U00003,CP001,2009,101,101,1441,NA,5.026,0.5002,1627,0.0809,9.778,0.9664,20096.5,Diesel Oil,NA,Combustion turbine,NA,NA,NA,NA,"CAIRNOX, CAIROS, CAIRSO2, RGGI"
NY,Holtsville Facility,8007,U00003,CP001,2010,127,127,1981,NA,6.873,0.5001,2226.3,0.0809,13.305,0.9682,27491,Diesel Oil,NA,Combustion turbine,NA,NA,NA,NA,"CAIRNOX, CAIROS, CAIRSO2, RGGI"
NY,Holtsville Facility,8007,U00003,CP001,2011,105,105,1576,NA,5.464,0.5001,1769.1,0.081,9.419,0.8652,21849.1,Diesel Oil,NA,Combustion turbine,NA,NA,NA,NA,"CAIRNOX, CAIROS, CAIRSO2, RGGI"
NY,Holtsville Facility,8007,U00003,CP001,2012,102,102,1365,NA,4.752,0.5003,1540,0.081,7.856,0.8249,19003.6,Diesel Oil,NA,Combustion turbine,NA,NA,NA,NA,"CAIRNOX, CAIROS, CAIRSO2, RGGI"
NY,Holtsville Facility,8007,U00003,CP001,2013,158,158,2401,NA,7.886,0.5002,2555,0.081,13.077,0.8263,31534.3,Diesel Oil,NA,Combustion turbine,NA,"Water Injection (Began Jul 09, 2013)",NA,NA,"CAIRNOX, CAIROS, CAIRSO2, RGGI"
NY,Holtsville Facility,8007,U00003,CP001,2014,109,109,1264,NA,4.508,0.5005,1460.6,0.0812,8.861,1.0231,18025.7,Diesel Oil,NA,Combustion turbine,NA,Water Injection,NA,NA,"CAIRNOX, CAIROS, CAIRSO2, RGGI"
NY,Holtsville Facility,8007,U00003,CP001,2015,122,122,827,NA,3.51,0.5006,1137.5,0.0812,4.655,0.735,14032,Diesel Oil,NA,Combustion turbine,NA,Water Injection,NA,NA,"CSNOX, CSNOXOS, CSSO2G1, RGGI"
NY,Holtsville Facility,8007,U00003,CP001,2016,79,79,531,NA,2.304,0.494,747.7,0.0809,2.225,0.5315,9243.7,Diesel Oil,NA,Combustion turbine,NA,Water Injection,NA,NA,"CSNOX, CSNOXOS, CSSO2G1, RGGI"
NY,Holtsville Facility,8007,U00003,CP001,2017,26,26,170,NA,0.003,0.0016,242.8,0.081,0.97,0.757,2999.8,Diesel Oil,NA,Combustion turbine,NA,Water Injection,NA,NA,"CSNOX, CSOSG2, CSSO2G1, RGGI"
NY,Holtsville Facility,8007,U00003,CP001,2018,52,52,401,NA,0.005,0.0015,517.1,0.0808,2.859,0.9177,6380,Diesel Oil,NA,Combustion turbine,NA,"Water Injection (Retired Dec 12, 2018)|Water Injection (Began Dec 13, 2018)",NA,NA,"CSNOX, CSOSG2, CSSO2G1, RGGI"
NY,Holtsville Facility,8007,U00003,CP001,2019,33,33,230,NA,0.002,0.0012,321.5,0.081,1.044,0.58,3968.8,Diesel Oil,NA,Combustion turbine,NA,Water Injection,NA,NA,"CSNOX, CSOSG2, CSSO2G1, RGGI"
NY,Holtsville Facility,8007,U00003,CP001,2020,73,73,939,NA,0.004,7e-4,1050.1,0.0811,3.691,0.6718,12968.6,Diesel Oil,NA,Combustion turbine,NA,Water Injection,NA,NA,"CSNOX, CSOSG2, CSSO2G1, RGGI"
NY,Holtsville Facility,8007,U00003,CP001,2021,98,98,1546,NA,0.007,7e-4,1669,0.0807,5.503,0.5527,20592.1,Diesel Oil,NA,Combustion turbine,NA,Water Injection,NA,NA,"CSNOX, CSOSG3, CSSO2G1, RGGI"
NY,Holtsville Facility,8007,U00003,CP001,2022,86,86,1392,NA,0.006,7e-4,1553.1,0.0812,5.489,0.6048,19169,Diesel Oil,NA,Combustion turbine,NA,Water Injection,NA,NA,"CSNOX, CSOSG3, CSSO2G1, RGGI"
NY,Holtsville Facility,8007,U00003,CP001,2023,62,62,1143,NA,0.004,6e-4,1008,0.081,3.211,0.5117,12448.9,Diesel Oil,NA,Combustion turbine,NA,Water Injection,NA,NA,"CSNOX, CSOSG3, CSSO2G1, RGGI"
NY,Holtsville Facility,8007,U00003,CP001,2024,66,66,871,NA,0.004,6e-4,1052.4,0.0808,3.02,0.4611,12999.5,Diesel Oil,NA,Combustion turbine,NA,Water Injection,NA,NA,"CSNOX, CSOSG2E, CSSO2G1, RGGI"
NY,Holtsville Facility,8007,U00004,NA,1999,561,561,9242,NA,NA,NA,NA,NA,43.445,0.7,124151,Diesel Oil,NA,Combustion turbine,NA,NA,NA,NA,OTC
NY,Holtsville Facility,8007,U00004,NA,2000,513,513,9362,NA,NA,NA,NA,NA,43.627,0.7001,124637.2,Diesel Oil,NA,Combustion turbine,NA,NA,NA,NA,OTC
NY,Holtsville Facility,8007,U00004,NA,2001,276,276,4964,NA,NA,NA,NA,NA,22.234,0.6457,68774.6,Diesel Oil,NA,Combustion turbine,NA,NA,NA,NA,OTC
NY,Holtsville Facility,8007,U00004,NA,2002,376,376,6455,NA,0,0,0,0,26.546,0.6435,82474.3,Diesel Oil,NA,Combustion turbine,NA,"Water Injection (Began May 01, 2002)",NA,NA,OTC
NY,Holtsville Facility,8007,U00004,NA,2003,511,511,16716,NA,NA,NA,NA,NA,40.294,0.6939,116281.5,Diesel Oil,NA,Combustion turbine,NA,"Water Injection (Retired Apr 30, 2003)",NA,NA,NBP
NY,Holtsville Facility,8007,U00004,NA,2004,218,218,6989,NA,NA,NA,NA,NA,18.424,0.7946,45895.7,Diesel Oil,NA,Combustion turbine,NA,NA,NA,NA,NBP
NY,Holtsville Facility,8007,U00004,NA,2005,256,256,7927,NA,NA,NA,NA,NA,22.443,0.8067,55563.6,Diesel Oil,NA,Combustion turbine,NA,NA,NA,NA,NBP
NY,Holtsville Facility,8007,U00004,NA,2006,196,196,3363,NA,NA,NA,NA,NA,18.927,0.8165,46166.5,Diesel Oil,NA,Combustion turbine,NA,NA,NA,NA,NBP
NY,Holtsville Facility,8007,U00004,NA,2007,137,137,2382,NA,NA,NA,NA,NA,13.478,0.8041,33378.7,Diesel Oil,NA,Combustion turbine,NA,NA,NA,NA,NBP
NY,Holtsville Facility,8007,U00004,NA,2008,156,156,2287,NA,NA,NA,NA,NA,11.734,0.7348,32056.4,Diesel Oil,NA,Combustion turbine,NA,NA,NA,NA,"CAIRNOX, CAIROS, NBP"
NY,Holtsville Facility,8007,U00004,CP001,2009,101,101,1441,NA,5.026,0.5002,1627,0.0809,9.778,0.9664,20096.5,Diesel Oil,NA,Combustion turbine,NA,NA,NA,NA,"CAIRNOX, CAIROS, CAIRSO2, RGGI"
NY,Holtsville Facility,8007,U00004,CP001,2010,127,127,1981,NA,6.873,0.5001,2226.3,0.0809,13.305,0.9682,27491,Diesel Oil,NA,Combustion turbine,NA,NA,NA,NA,"CAIRNOX, CAIROS, CAIRSO2, RGGI"
NY,Holtsville Facility,8007,U00004,CP001,2011,105,105,1576,NA,5.464,0.5001,1769.1,0.081,9.419,0.8652,21849.1,Diesel Oil,NA,Combustion turbine,NA,NA,NA,NA,"CAIRNOX, CAIROS, CAIRSO2, RGGI"
NY,Holtsville Facility,8007,U00004,CP001,2012,102,102,1365,NA,4.752,0.5003,1540,0.081,7.856,0.8249,19003.6,Diesel Oil,NA,Combustion turbine,NA,NA,NA,NA,"CAIRNOX, CAIROS, CAIRSO2, RGGI"
NY,Holtsville Facility,8007,U00004,CP001,2013,158,158,2401,NA,7.886,0.5002,2555,0.081,13.077,0.8263,31534.3,Diesel Oil,NA,Combustion turbine,NA,"Water Injection (Began Jul 09, 2013)",NA,NA,"CAIRNOX, CAIROS, CAIRSO2, RGGI"
NY,Holtsville Facility,8007,U00004,CP001,2014,109,109,1264,NA,4.508,0.5005,1460.6,0.0812,8.861,1.0231,18025.7,Diesel Oil,NA,Combustion turbine,NA,Water Injection,NA,NA,"CAIRNOX, CAIROS, CAIRSO2, RGGI"
NY,Holtsville Facility,8007,U00004,CP001,2015,122,122,811,NA,3.453,0.5007,1119.2,0.0813,4.618,0.7594,13805.1,Diesel Oil,NA,Combustion turbine,NA,Water Injection,NA,NA,"CSNOX, CSNOXOS, CSSO2G1, RGGI"
NY,Holtsville Facility,8007,U00004,CP001,2016,79,79,530,NA,2.299,0.4941,746.2,0.0808,2.157,0.5155,9226,Diesel Oil,NA,Combustion turbine,NA,Water Injection,NA,NA,"CSNOX, CSNOXOS, CSSO2G1, RGGI"
NY,Holtsville Facility,8007,U00004,CP001,2017,26,26,170,NA,0.003,0.0016,242.8,0.081,0.971,0.817,2999.8,Diesel Oil,NA,Combustion turbine,NA,Water Injection,NA,NA,"CSNOX, CSOSG2, CSSO2G1, RGGI"
NY,Holtsville Facility,8007,U00004,CP001,2018,52,52,472,NA,0.006,0.0015,606.7,0.0809,3.033,0.8801,7484.2,Diesel Oil,NA,Combustion turbine,NA,"Water Injection (Retired Dec 12, 2018)|Water Injection (Began Dec 13, 2018)",NA,NA,"CSNOX, CSOSG2, CSSO2G1, RGGI"
NY,Holtsville Facility,8007,U00004,CP001,2019,33,33,230,NA,0.002,0.0012,321.5,0.081,1.306,0.7541,3968.8,Diesel Oil,NA,Combustion turbine,NA,Water Injection,NA,NA,"CSNOX, CSOSG2, CSSO2G1, RGGI"
NY,Holtsville Facility,8007,U00004,CP001,2020,75,75,901,NA,0.004,6e-4,1005.4,0.0811,4.165,0.8579,12416.1,Diesel Oil,NA,Combustion turbine,NA,Water Injection,NA,NA,"CSNOX, CSOSG2, CSSO2G1, RGGI"
NY,Holtsville Facility,8007,U00004,CP001,2021,97,97,1545,NA,0.007,7e-4,1667.9,0.0807,6.419,0.6543,20578.2,Diesel Oil,NA,Combustion turbine,NA,Water Injection,NA,NA,"CSNOX, CSOSG3, CSSO2G1, RGGI"
NY,Holtsville Facility,8007,U00004,CP001,2022,87,87,1393,NA,0.006,7e-4,1554.2,0.0812,5.553,0.6061,19182.5,Diesel Oil,NA,Combustion turbine,NA,Water Injection,NA,NA,"CSNOX, CSOSG3, CSSO2G1, RGGI"
NY,Holtsville Facility,8007,U00004,CP001,2023,62,62,1143,NA,0.004,6e-4,1008,0.081,3.195,0.4994,12448.9,Diesel Oil,NA,Combustion turbine,NA,Water Injection,NA,NA,"CSNOX, CSOSG3, CSSO2G1, RGGI"
NY,Holtsville Facility,8007,U00004,CP001,2024,68,68,874,NA,0.004,6e-4,1055.9,0.0808,3.029,0.4604,13042.4,Diesel Oil,NA,Combustion turbine,NA,Water Injection,NA,NA,"CSNOX, CSOSG2E, CSSO2G1, RGGI"
NY,Holtsville Facility,8007,U00005,NA,1999,405,405,7484,NA,NA,NA,NA,NA,37.043,0.74,100131.4,Diesel Oil,NA,Combustion turbine,NA,NA,NA,NA,OTC
NY,Holtsville Facility,8007,U00005,NA,2000,347,347,6374,NA,NA,NA,NA,NA,33.072,0.78,84795.6,Diesel Oil,NA,Combustion turbine,NA,NA,NA,NA,OTC
NY,Holtsville Facility,8007,U00005,NA,2001,518,518,8609,NA,NA,NA,NA,NA,42.633,0.7105,119314.6,Diesel Oil,NA,Combustion turbine,NA,NA,NA,NA,OTC
NY,Holtsville Facility,8007,U00005,NA,2002,473,473,8969,NA,0,0,0,0,40.136,0.7029,114168.2,Diesel Oil,NA,Combustion turbine,NA,"Water Injection (Began May 01, 2002)",NA,NA,OTC
NY,Holtsville Facility,8007,U00005,NA,2003,664,664,24887,NA,NA,NA,NA,NA,60.993,0.7041,173150.3,Diesel Oil,NA,Combustion turbine,NA,"Water Injection (Retired Apr 30, 2003)",NA,NA,NBP
NY,Holtsville Facility,8007,U00005,NA,2004,275,275,9639,NA,NA,NA,NA,NA,26.383,0.8695,60007,Diesel Oil,NA,Combustion turbine,NA,NA,NA,NA,NBP
NY,Holtsville Facility,8007,U00005,NA,2005,437,305.22,5925.84,NA,NA,NA,NA,NA,32.125,0.7905,80011.232,Diesel Oil,NA,Combustion turbine,NA,NA,NA,NA,NBP
NY,Holtsville Facility,8007,U00005,NA,2006,250,170.63,3148.41,NA,NA,NA,NA,NA,13.593,0.5651,44329.427,Diesel Oil,NA,Combustion turbine,NA,NA,NA,NA,NBP
NY,Holtsville Facility,8007,U00005,NA,2007,224,147.7,2856.19,NA,NA,NA,NA,NA,13.566,0.5993,39248.913,Diesel Oil,NA,Combustion turbine,NA,NA,NA,NA,NBP
NY,Holtsville Facility,8007,U00005,NA,2008,142,104.28,1941.02,NA,NA,NA,NA,NA,8.578,0.577,27750.71,Diesel Oil,NA,Combustion turbine,NA,NA,NA,NA,"CAIRNOX, CAIROS, NBP"
NY,Holtsville Facility,8007,U00005,CP001,2009,168,106.81,2036.6,NA,0.422,0.0289,2265.624,0.0811,9.424,0.589,27921.855,Diesel Oil,NA,Combustion turbine,NA,NA,NA,NA,"CAIRNOX, CAIROS, CAIRSO2, RGGI"
NY,Holtsville Facility,8007,U00005,CP001,2010,166,166,2746,NA,9.511,0.5001,3080.5,0.081,18.384,0.9649,38037.8,Diesel Oil,NA,Combustion turbine,NA,NA,NA,NA,"CAIRNOX, CAIROS, CAIRSO2, RGGI"
NY,Holtsville Facility,8007,U00005,CP001,2011,113,113,1738,NA,6.134,0.5001,1986.4,0.081,11.917,0.9694,24528,Diesel Oil,NA,Combustion turbine,NA,NA,NA,NA,"CAIRNOX, CAIROS, CAIRSO2, RGGI"
NY,Holtsville Facility,8007,U00005,CP001,2012,113,113,1590,NA,5.554,0.5002,1798.9,0.0811,10.763,0.9643,22209.4,Diesel Oil,NA,Combustion turbine,NA,NA,NA,NA,"CAIRNOX, CAIROS, CAIRSO2, RGGI"
NY,Holtsville Facility,8007,U00005,CP001,2013,121,121,1957,NA,6.538,0.5002,2117.9,0.081,12.528,0.955,26143.4,Diesel Oil,NA,Combustion turbine,NA,"Water Injection (Began Jul 09, 2013)",NA,NA,"CAIRNOX, CAIROS, CAIRSO2, RGGI"
NY,Holtsville Facility,8007,U00005,CP001,2014,75,75,801,NA,3.083,0.5005,998.3,0.0809,5.806,0.948,12328.2,Diesel Oil,NA,Combustion turbine,NA,Water Injection,NA,NA,"CAIRNOX, CAIROS, CAIRSO2, RGGI"
NY,Holtsville Facility,8007,U00005,CP001,2015,90,90,659,NA,2.656,0.5007,860.5,0.0813,4.235,0.8918,10620.8,Diesel Oil,NA,Combustion turbine,NA,Water Injection,NA,NA,"CSNOX, CSNOXOS, CSSO2G1, RGGI"
NY,Holtsville Facility,8007,U00005,CP001,2016,134,134,962,NA,4.14,0.4817,1374,0.0808,3.887,0.4891,16993.1,Diesel Oil,NA,Combustion turbine,NA,Water Injection,NA,NA,"CSNOX, CSNOXOS, CSSO2G1, RGGI"
NY,Holtsville Facility,8007,U00005,CP001,2017,48,48,329,NA,0.005,0.0015,470.2,0.0809,1.987,0.7036,5809.6,Diesel Oil,NA,Combustion turbine,NA,Water Injection,NA,NA,"CSNOX, CSOSG2, CSSO2G1, RGGI"
NY,Holtsville Facility,8007,U00005,CP001,2018,57,57,342,NA,0.005,0.0015,436.9,0.0809,1.945,0.8216,5391.8,Diesel Oil,NA,Combustion turbine,NA,"Water Injection (Retired Dec 12, 2018)|Water Injection (Began Dec 13, 2018)",NA,NA,"CSNOX, CSOSG2, CSSO2G1, RGGI"
NY,Holtsville Facility,8007,U00005,CP001,2019,80,80,534,NA,0.004,9e-4,756,0.0811,2.29,0.5148,9332.7,Diesel Oil,NA,Combustion turbine,NA,Water Injection,NA,NA,"CSNOX, CSOSG2, CSSO2G1, RGGI"
NY,Holtsville Facility,8007,U00005,CP001,2020,171,171,2453,NA,0.011,7e-4,2762.8,0.081,7.758,0.5174,34116.2,Diesel Oil,NA,Combustion turbine,NA,Water Injection,NA,NA,"CSNOX, CSOSG2, CSSO2G1, RGGI"
NY,Holtsville Facility,8007,U00005,CP001,2021,152,152,2078,NA,0.01,7e-4,2261.5,0.0808,7.333,0.5961,27915.3,Diesel Oil,NA,Combustion turbine,NA,Water Injection,NA,NA,"CSNOX, CSOSG3, CSSO2G1, RGGI"
NY,Holtsville Facility,8007,U00005,CP001,2022,105,105,1503,NA,0.007,7e-4,1675.3,0.0812,4.932,0.5635,20684.3,Diesel Oil,NA,Combustion turbine,NA,Water Injection,NA,NA,"CSNOX, CSOSG3, CSSO2G1, RGGI"
NY,Holtsville Facility,8007,U00005,CP001,2023,62,62,1176,NA,0.004,6e-4,1063.5,0.0809,3.098,0.4882,13131.8,Diesel Oil,NA,Combustion turbine,NA,Water Injection,NA,NA,"CSNOX, CSOSG3, CSSO2G1, RGGI"
NY,Holtsville Facility,8007,U00005,CP001,2024,104,104,1390,NA,0.007,7e-4,1676.4,0.0808,4.713,0.4527,20709.3,Diesel Oil,NA,Combustion turbine,NA,Water Injection,NA,NA,"CSNOX, CSOSG2E, CSSO2G1, RGGI"
NY,Holtsville Facility,8007,U00006,NA,1999,405,405,7484,NA,NA,NA,NA,NA,37.043,0.74,100131.4,Diesel Oil,NA,Combustion turbine,NA,NA,NA,NA,OTC
NY,Holtsville Facility,8007,U00006,NA,2000,347,347,6374,NA,NA,NA,NA,NA,33.072,0.78,84795.6,Diesel Oil,NA,Combustion turbine,NA,NA,NA,NA,OTC
NY,Holtsville Facility,8007,U00006,NA,2001,518,518,8609,NA,NA,NA,NA,NA,42.633,0.7105,119314.6,Diesel Oil,NA,Combustion turbine,NA,NA,NA,NA,OTC
NY,Holtsville Facility,8007,U00006,NA,2002,473,473,8969,NA,0,0,0,0,40.136,0.7029,114168.2,Diesel Oil,NA,Combustion turbine,NA,"Water Injection (Began May 01, 2002)",NA,NA,OTC
NY,Holtsville Facility,8007,U00006,NA,2003,664,664,24887,NA,NA,NA,NA,NA,60.993,0.7041,173150.3,Diesel Oil,NA,Combustion turbine,NA,"Water Injection (Retired Apr 30, 2003)",NA,NA,NBP
NY,Holtsville Facility,8007,U00006,NA,2004,275,275,9639,NA,NA,NA,NA,NA,26.383,0.8695,60007,Diesel Oil,NA,Combustion turbine,NA,NA,NA,NA,NBP
NY,Holtsville Facility,8007,U00006,NA,2005,441,305.87,5922.47,NA,NA,NA,NA,NA,33.032,0.7967,82300.995,Diesel Oil,NA,Combustion turbine,NA,NA,NA,NA,NBP
NY,Holtsville Facility,8007,U00006,NA,2006,251,170.76,3151.52,NA,NA,NA,NA,NA,13.612,0.5693,44937.069,Diesel Oil,NA,Combustion turbine,NA,NA,NA,NA,NBP
NY,Holtsville Facility,8007,U00006,NA,2007,235,151.42,2876.72,NA,NA,NA,NA,NA,12.769,0.5845,39416.432,Diesel Oil,NA,Combustion turbine,NA,NA,NA,NA,NBP
NY,Holtsville Facility,8007,U00006,NA,2008,167,120.29,2054.28,NA,NA,NA,NA,NA,8.839,0.5556,30487.924,Diesel Oil,NA,Combustion turbine,NA,NA,NA,NA,"CAIRNOX, CAIROS, NBP"
NY,Holtsville Facility,8007,U00006,CP001,2009,175,106.87,2053.25,NA,0.423,0.0291,2274.022,0.0814,9.108,0.5839,28032.862,Diesel Oil,NA,Combustion turbine,NA,NA,NA,NA,"CAIRNOX, CAIROS, CAIRSO2, RGGI"
NY,Holtsville Facility,8007,U00006,CP001,2010,166,166,2746,NA,9.511,0.5001,3080.5,0.081,18.384,0.9649,38037.8,Diesel Oil,NA,Combustion turbine,NA,NA,NA,NA,"CAIRNOX, CAIROS, CAIRSO2, RGGI"
NY,Holtsville Facility,8007,U00006,CP001,2011,113,113,1738,NA,6.134,0.5001,1986.4,0.081,11.917,0.9694,24528,Diesel Oil,NA,Combustion turbine,NA,NA,NA,NA,"CAIRNOX, CAIROS, CAIRSO2, RGGI"
NY,Holtsville Facility,8007,U00006,CP001,2012,113,113,1590,NA,5.554,0.5002,1798.9,0.0811,10.763,0.9643,22209.4,Diesel Oil,NA,Combustion turbine,NA,NA,NA,NA,"CAIRNOX, CAIROS, CAIRSO2, RGGI"
NY,Holtsville Facility,8007,U00006,CP001,2013,121,121,1957,NA,6.538,0.5002,2117.9,0.081,12.528,0.955,26143.4,Diesel Oil,NA,Combustion turbine,NA,"Water Injection (Began Jul 09, 2013)",NA,NA,"CAIRNOX, CAIROS, CAIRSO2, RGGI"
NY,Holtsville Facility,8007,U00006,CP001,2014,75,75,827,NA,3.206,0.5005,1038.1,0.0809,6.206,0.9726,12818.3,Diesel Oil,NA,Combustion turbine,NA,Water Injection,NA,NA,"CAIRNOX, CAIROS, CAIRSO2, RGGI"
NY,Holtsville Facility,8007,U00006,CP001,2015,90,90,660,NA,2.661,0.5007,862,0.0813,4.248,0.9093,10639.1,Diesel Oil,NA,Combustion turbine,NA,Water Injection,NA,NA,"CSNOX, CSNOXOS, CSSO2G1, RGGI"
NY,Holtsville Facility,8007,U00006,CP001,2016,134,134,966,NA,4.158,0.4817,1379.8,0.0808,3.778,0.485,17063.8,Diesel Oil,NA,Combustion turbine,NA,Water Injection,NA,NA,"CSNOX, CSNOXOS, CSSO2G1, RGGI"
NY,Holtsville Facility,8007,U00006,CP001,2017,48,48,329,NA,0.005,0.0015,470.2,0.0809,2.015,0.7444,5809.6,Diesel Oil,NA,Combustion turbine,NA,Water Injection,NA,NA,"CSNOX, CSOSG2, CSSO2G1, RGGI"
NY,Holtsville Facility,8007,U00006,CP001,2018,57,57,361,NA,0.005,0.0016,460.7,0.0808,2.041,0.8148,5687.1,Diesel Oil,NA,Combustion turbine,NA,"Water Injection (Retired Dec 12, 2018)|Water Injection (Began Dec 13, 2018)",NA,NA,"CSNOX, CSOSG2, CSSO2G1, RGGI"
NY,Holtsville Facility,8007,U00006,CP001,2019,80,80,534,NA,0.004,9e-4,756,0.0811,2.508,0.5483,9332.7,Diesel Oil,NA,Combustion turbine,NA,Water Injection,NA,NA,"CSNOX, CSOSG2, CSSO2G1, RGGI"
NY,Holtsville Facility,8007,U00006,CP001,2020,171,171,2453,NA,0.011,7e-4,2762.8,0.081,8.938,0.5796,34116.2,Diesel Oil,NA,Combustion turbine,NA,Water Injection,NA,NA,"CSNOX, CSOSG2, CSSO2G1, RGGI"
NY,Holtsville Facility,8007,U00006,CP001,2021,150,150,2076,NA,0.01,7e-4,2259.3,0.0808,8.115,0.6543,27887.9,Diesel Oil,NA,Combustion turbine,NA,Water Injection,NA,NA,"CSNOX, CSOSG3, CSSO2G1, RGGI"
NY,Holtsville Facility,8007,U00006,CP001,2022,105,105,1503,NA,0.007,7e-4,1675.3,0.0812,4.967,0.5547,20684.3,Diesel Oil,NA,Combustion turbine,NA,Water Injection,NA,NA,"CSNOX, CSOSG3, CSSO2G1, RGGI"
NY,Holtsville Facility,8007,U00006,CP001,2023,62,62,1176,NA,0.004,6e-4,1063.5,0.0809,2.838,0.463,13131.8,Diesel Oil,NA,Combustion turbine,NA,Water Injection,NA,NA,"CSNOX, CSOSG3, CSSO2G1, RGGI"
NY,Holtsville Facility,8007,U00006,CP001,2024,104,104,1390,NA,0.007,7e-4,1676.4,0.0808,4.144,0.392,20709.3,Diesel Oil,NA,Combustion turbine,NA,Water Injection,NA,NA,"CSNOX, CSOSG2E, CSSO2G1, RGGI"
NY,Holtsville Facility,8007,U00007,NA,1999,493,493,9190,NA,NA,NA,NA,NA,45.409,0.74,122743.9,Diesel Oil,NA,Combustion turbine,NA,NA,NA,NA,OTC
NY,Holtsville Facility,8007,U00007,NA,2000,357,357,6330,NA,NA,NA,NA,NA,32.803,0.7801,84112.4,Diesel Oil,NA,Combustion turbine,NA,NA,NA,NA,OTC
NY,Holtsville Facility,8007,U00007,NA,2001,395,395,7517,NA,NA,NA,NA,NA,35.191,0.6753,104225.2,Diesel Oil,NA,Combustion turbine,NA,NA,NA,NA,OTC
NY,Holtsville Facility,8007,U00007,NA,2002,415,415,7857,NA,0,0,0,0,37.694,0.7514,100226.8,Diesel Oil,NA,Combustion turbine,NA,"Water Injection (Began May 01, 2002)",NA,NA,OTC
NY,Holtsville Facility,8007,U00007,NA,2003,206,206,7864,NA,NA,NA,NA,NA,19.629,0.7162,54711.4,Diesel Oil,NA,Combustion turbine,NA,"Water Injection (Retired Apr 30, 2003)",NA,NA,NBP
NY,Holtsville Facility,8007,U00007,NA,2004,233,233,8653,NA,NA,NA,NA,NA,22.156,0.7925,55812.1,Diesel Oil,NA,Combustion turbine,NA,NA,NA,NA,NBP
NY,Holtsville Facility,8007,U00007,NA,2005,470,470,15536,NA,NA,NA,NA,NA,42.759,0.8046,106369.4,Diesel Oil,NA,Combustion turbine,NA,NA,NA,NA,NBP
NY,Holtsville Facility,8007,U00007,NA,2006,190,190,3108,NA,NA,NA,NA,NA,17.237,0.8082,42621.4,Diesel Oil,NA,Combustion turbine,NA,NA,NA,NA,NBP
NY,Holtsville Facility,8007,U00007,NA,2007,228,228,3741,NA,NA,NA,NA,NA,21.488,0.8081,53183.9,Diesel Oil,NA,Combustion turbine,NA,NA,NA,NA,NBP
NY,Holtsville Facility,8007,U00007,NA,2008,142,142,2276,NA,NA,NA,NA,NA,12.849,0.8085,31712.2,Diesel Oil,NA,Combustion turbine,NA,NA,NA,NA,"CAIRNOX, CAIROS, NBP"
NY,Holtsville Facility,8007,U00007,CP001,2009,110,110,1974,NA,7.761,0.5001,2513.5,0.081,15.056,0.9706,31035.1,Diesel Oil,NA,Combustion turbine,NA,NA,NA,NA,"CAIRNOX, CAIROS, CAIRSO2, RGGI"
NY,Holtsville Facility,8007,U00007,CP001,2010,170,170,2773,NA,9.535,0.5001,3088.3,0.081,18.445,0.9655,38134,Diesel Oil,NA,Combustion turbine,NA,NA,NA,NA,"CAIRNOX, CAIROS, CAIRSO2, RGGI"
NY,Holtsville Facility,8007,U00007,CP001,2011,93,93,1474,NA,5.181,0.5001,1678.1,0.081,10.035,0.9657,20722.3,Diesel Oil,NA,Combustion turbine,NA,NA,NA,NA,"CAIRNOX, CAIROS, CAIRSO2, RGGI"
NY,Holtsville Facility,8007,U00007,CP001,2012,108,108,1476,NA,5.15,0.5002,1668.8,0.0811,9.99,0.9684,20595.4,Diesel Oil,NA,Combustion turbine,NA,NA,NA,NA,"CAIRNOX, CAIROS, CAIRSO2, RGGI"
NY,Holtsville Facility,8007,U00007,CP001,2013,98,98,1552,NA,5.217,0.5002,1690.2,0.081,9.967,0.9542,20860.5,Diesel Oil,NA,Combustion turbine,NA,"Water Injection (Began Jul 09, 2013)",NA,NA,"CAIRNOX, CAIROS, CAIRSO2, RGGI"
NY,Holtsville Facility,8007,U00007,CP001,2014,92,92,1002,NA,3.789,0.5004,1227.5,0.081,7.495,0.9882,15152.7,Diesel Oil,NA,Combustion turbine,NA,Water Injection,NA,NA,"CAIRNOX, CAIROS, CAIRSO2, RGGI"
NY,Holtsville Facility,8007,U00007,CP001,2015,77,77,600,NA,2.435,0.5006,789.3,0.0813,3.816,0.9002,9736.4,Diesel Oil,NA,Combustion turbine,NA,Water Injection,NA,NA,"CSNOX, CSNOXOS, CSSO2G1, RGGI"
NY,Holtsville Facility,8007,U00007,CP001,2016,175,175,1063,NA,4.602,0.4892,1506.2,0.0808,4.547,0.5419,18619.4,Diesel Oil,NA,Combustion turbine,NA,Water Injection,NA,NA,"CSNOX, CSNOXOS, CSSO2G1, RGGI"
NY,Holtsville Facility,8007,U00007,CP001,2017,107,107,627,NA,0.009,0.0014,890.8,0.0811,4.292,0.7907,11000.2,Diesel Oil,NA,Combustion turbine,NA,Water Injection,NA,NA,"CSNOX, CSOSG2, CSSO2G1, RGGI"
NY,Holtsville Facility,8007,U00007,CP001,2018,93,93,759,NA,0.01,0.0016,978.8,0.081,5.334,0.8329,12074.9,Diesel Oil,NA,Combustion turbine,NA,"Water Injection (Retired Dec 12, 2018)|Water Injection (Began Dec 13, 2018)",NA,NA,"CSNOX, CSOSG2, CSSO2G1, RGGI"
NY,Holtsville Facility,8007,U00007,CP001,2019,85,85,577,NA,0.004,7e-4,834.4,0.081,2.775,0.6252,10304,Diesel Oil,NA,Combustion turbine,NA,Water Injection,NA,NA,"CSNOX, CSOSG2, CSSO2G1, RGGI"
NY,Holtsville Facility,8007,U00007,CP001,2020,138,138,2174,NA,0.01,8e-4,2448.4,0.0809,6.348,0.4977,30231,Diesel Oil,NA,Combustion turbine,NA,Water Injection,NA,NA,"CSNOX, CSOSG2, CSSO2G1, RGGI"
NY,Holtsville Facility,8007,U00007,CP001,2021,86,86,1320,NA,0.006,7e-4,1414.4,0.0807,4.739,0.5824,17465.2,Diesel Oil,NA,Combustion turbine,NA,Water Injection,NA,NA,"CSNOX, CSOSG3, CSSO2G1, RGGI"
NY,Holtsville Facility,8007,U00007,CP001,2022,49,49,754,NA,0.004,7e-4,847.7,0.0812,2.819,0.587,10463.2,Diesel Oil,NA,Combustion turbine,NA,Water Injection,NA,NA,"CSNOX, CSOSG3, CSSO2G1, RGGI"
NY,Holtsville Facility,8007,U00007,CP001,2023,51,51,1058,NA,0.004,9e-4,927.9,0.081,2.983,0.5277,11461.7,Diesel Oil,NA,Combustion turbine,NA,Water Injection,NA,NA,"CSNOX, CSOSG3, CSSO2G1, RGGI"
NY,Holtsville Facility,8007,U00007,CP001,2024,70,70,910,NA,0.005,7e-4,1101.7,0.0807,3.166,0.4706,13608.5,Diesel Oil,NA,Combustion turbine,NA,Water Injection,NA,NA,"CSNOX, CSOSG2E, CSSO2G1, RGGI"
NY,Holtsville Facility,8007,U00008,NA,1999,493,493,9190,NA,NA,NA,NA,NA,45.409,0.74,122743.9,Diesel Oil,NA,Combustion turbine,NA,NA,NA,NA,OTC
NY,Holtsville Facility,8007,U00008,NA,2000,357,357,6330,NA,NA,NA,NA,NA,32.803,0.7801,84112.4,Diesel Oil,NA,Combustion turbine,NA,NA,NA,NA,OTC
NY,Holtsville Facility,8007,U00008,NA,2001,395,395,7517,NA,NA,NA,NA,NA,35.191,0.6753,104225.2,Diesel Oil,NA,Combustion turbine,NA,NA,NA,NA,OTC
NY,Holtsville Facility,8007,U00008,NA,2002,415,415,7857,NA,0,0,0,0,38.244,0.7626,100226.8,Diesel Oil,NA,Combustion turbine,NA,"Water Injection (Began May 01, 2002)",NA,NA,OTC
NY,Holtsville Facility,8007,U00008,NA,2003,206,206,7864,NA,NA,NA,NA,NA,19.629,0.7162,54711.4,Diesel Oil,NA,Combustion turbine,NA,"Water Injection (Retired Apr 30, 2003)",NA,NA,NBP
NY,Holtsville Facility,8007,U00008,NA,2004,233,233,8653,NA,NA,NA,NA,NA,22.156,0.7925,55812.1,Diesel Oil,NA,Combustion turbine,NA,NA,NA,NA,NBP
NY,Holtsville Facility,8007,U00008,NA,2005,470,470,15536,NA,NA,NA,NA,NA,42.759,0.8046,106369.4,Diesel Oil,NA,Combustion turbine,NA,NA,NA,NA,NBP
NY,Holtsville Facility,8007,U00008,NA,2006,190,190,3108,NA,NA,NA,NA,NA,17.237,0.8082,42621.4,Diesel Oil,NA,Combustion turbine,NA,NA,NA,NA,NBP
NY,Holtsville Facility,8007,U00008,NA,2007,228,228,3741,NA,NA,NA,NA,NA,21.488,0.8081,53183.9,Diesel Oil,NA,Combustion turbine,NA,NA,NA,NA,NBP
NY,Holtsville Facility,8007,U00008,NA,2008,142,142,2276,NA,NA,NA,NA,NA,12.849,0.8085,31712.2,Diesel Oil,NA,Combustion turbine,NA,NA,NA,NA,"CAIRNOX, CAIROS, NBP"
NY,Holtsville Facility,8007,U00008,CP001,2009,110,110,1974,NA,7.761,0.5001,2513.5,0.081,15.056,0.9706,31035.1,Diesel Oil,NA,Combustion turbine,NA,NA,NA,NA,"CAIRNOX, CAIROS, CAIRSO2, RGGI"
NY,Holtsville Facility,8007,U00008,CP001,2010,170,170,2773,NA,9.535,0.5001,3088.3,0.081,18.445,0.9655,38134,Diesel Oil,NA,Combustion turbine,NA,NA,NA,NA,"CAIRNOX, CAIROS, CAIRSO2, RGGI"
NY,Holtsville Facility,8007,U00008,CP001,2011,93,93,1474,NA,5.181,0.5001,1678.1,0.081,10.035,0.9657,20722.3,Diesel Oil,NA,Combustion turbine,NA,NA,NA,NA,"CAIRNOX, CAIROS, CAIRSO2, RGGI"
NY,Holtsville Facility,8007,U00008,CP001,2012,108,108,1476,NA,5.15,0.5002,1668.8,0.0811,9.99,0.9684,20595.4,Diesel Oil,NA,Combustion turbine,NA,NA,NA,NA,"CAIRNOX, CAIROS, CAIRSO2, RGGI"
NY,Holtsville Facility,8007,U00008,CP001,2013,98,98,1552,NA,5.217,0.5002,1690.2,0.081,9.967,0.9542,20860.5,Diesel Oil,NA,Combustion turbine,NA,"Water Injection (Began Jul 09, 2013)",NA,NA,"CAIRNOX, CAIROS, CAIRSO2, RGGI"
NY,Holtsville Facility,8007,U00008,CP001,2014,92,92,1009,NA,3.822,0.5003,1238.3,0.081,7.796,1.0319,15284.6,Diesel Oil,NA,Combustion turbine,NA,Water Injection,NA,NA,"CAIRNOX, CAIROS, CAIRSO2, RGGI"
NY,Holtsville Facility,8007,U00008,CP001,2015,77,77,600,NA,2.435,0.5006,789.3,0.0813,3.819,0.9013,9736.4,Diesel Oil,NA,Combustion turbine,NA,Water Injection,NA,NA,"CSNOX, CSNOXOS, CSSO2G1, RGGI"
NY,Holtsville Facility,8007,U00008,CP001,2016,175,175,1041,NA,4.505,0.4892,1474.5,0.0808,4.378,0.5263,18229.7,Diesel Oil,NA,Combustion turbine,NA,Water Injection,NA,NA,"CSNOX, CSNOXOS, CSSO2G1, RGGI"
NY,Holtsville Facility,8007,U00008,CP001,2017,107,107,626,NA,0.009,0.0014,889.6,0.081,4.234,0.7849,10986,Diesel Oil,NA,Combustion turbine,NA,Water Injection,NA,NA,"CSNOX, CSOSG2, CSSO2G1, RGGI"
NY,Holtsville Facility,8007,U00008,CP001,2018,93,93,747,NA,0.01,0.0016,963.6,0.081,5.458,0.8619,11888.1,Diesel Oil,NA,Combustion turbine,NA,"Water Injection (Retired Dec 12, 2018)|Water Injection (Began Dec 13, 2018)",NA,NA,"CSNOX, CSOSG2, CSSO2G1, RGGI"
NY,Holtsville Facility,8007,U00008,CP001,2019,85,85,576,NA,0.004,7e-4,833,0.081,2.706,0.6087,10286.2,Diesel Oil,NA,Combustion turbine,NA,Water Injection,NA,NA,"CSNOX, CSOSG2, CSSO2G1, RGGI"
NY,Holtsville Facility,8007,U00008,CP001,2020,137,137,2173,NA,0.01,8e-4,2447.3,0.0809,6.349,0.511,30217.1,Diesel Oil,NA,Combustion turbine,NA,Water Injection,NA,NA,"CSNOX, CSOSG2, CSSO2G1, RGGI"
NY,Holtsville Facility,8007,U00008,CP001,2021,85,85,1319,NA,0.006,7e-4,1413.3,0.0807,4.783,0.5548,17451.3,Diesel Oil,NA,Combustion turbine,NA,Water Injection,NA,NA,"CSNOX, CSOSG3, CSSO2G1, RGGI"
NY,Holtsville Facility,8007,U00008,CP001,2022,47,47,752,NA,0.004,8e-4,845.4,0.0811,2.846,0.5576,10435.6,Diesel Oil,NA,Combustion turbine,NA,Water Injection,NA,NA,"CSNOX, CSOSG3, CSSO2G1, RGGI"
NY,Holtsville Facility,8007,U00008,CP001,2023,51,51,1058,NA,0.004,9e-4,927.9,0.081,2.968,0.5128,11461.7,Diesel Oil,NA,Combustion turbine,NA,Water Injection,NA,NA,"CSNOX, CSOSG3, CSSO2G1, RGGI"
NY,Holtsville Facility,8007,U00008,CP001,2024,71,71,939,NA,0.005,7e-4,1134.7,0.0807,3.261,0.481,14015.9,Diesel Oil,NA,Combustion turbine,NA,Water Injection,NA,NA,"CSNOX, CSOSG2E, CSSO2G1, RGGI"
NY,Holtsville Facility,8007,U00009,NA,1999,433,433,7431,NA,NA,NA,NA,NA,36.739,0.74,99314.1,Diesel Oil,NA,Combustion turbine,NA,NA,NA,NA,OTC
NY,Holtsville Facility,8007,U00009,NA,2000,243,243,4188,NA,NA,NA,NA,NA,20.565,0.74,55583.7,Diesel Oil,NA,Combustion turbine,NA,NA,NA,NA,OTC
NY,Holtsville Facility,8007,U00009,NA,2001,645,645,11962,NA,NA,NA,NA,NA,56.036,0.6753,165998.9,Diesel Oil,NA,Combustion turbine,NA,NA,NA,NA,OTC
NY,Holtsville Facility,8007,U00009,NA,2002,564,564,10584,NA,0,0,0,0,47.442,0.7024,135065.2,Diesel Oil,NA,Combustion turbine,NA,"Water Injection (Began May 01, 2002)",NA,NA,OTC
NY,Holtsville Facility,8007,U00009,NA,2003,304,304,10456,NA,NA,NA,NA,NA,25.766,0.7075,72709.1,Diesel Oil,NA,Combustion turbine,NA,"Water Injection (Retired Apr 30, 2003)",NA,NA,NBP
NY,Holtsville Facility,8007,U00009,NA,2004,171,171,4616,NA,NA,NA,NA,NA,11.847,0.7936,29624.9,Diesel Oil,NA,Combustion turbine,NA,NA,NA,NA,NBP
NY,Holtsville Facility,8007,U00009,NA,2005,566,566,20133,NA,NA,NA,NA,NA,52.12,0.7573,136758.4,Diesel Oil,NA,Combustion turbine,NA,NA,NA,NA,NBP
NY,Holtsville Facility,8007,U00009,NA,2006,200,200,3177,NA,NA,NA,NA,NA,15.69,0.7176,43562.7,Diesel Oil,NA,Combustion turbine,NA,NA,NA,NA,NBP
NY,Holtsville Facility,8007,U00009,NA,2007,185,185,2985,NA,NA,NA,NA,NA,17.049,0.7953,42731,Diesel Oil,NA,Combustion turbine,NA,NA,NA,NA,NBP
NY,Holtsville Facility,8007,U00009,NA,2008,110,110,1874,NA,NA,NA,NA,NA,10.583,0.8083,26131.3,Diesel Oil,NA,Combustion turbine,NA,NA,NA,NA,"CAIRNOX, CAIROS, NBP"
NY,Holtsville Facility,8007,U00009,CP001,2009,138,138,2352,NA,8.943,0.5001,2896.8,0.081,17.365,0.9691,35763.6,Diesel Oil,NA,Combustion turbine,NA,NA,NA,NA,"CAIRNOX, CAIROS, CAIRSO2, RGGI"
NY,Holtsville Facility,8007,U00009,CP001,2010,161,161,2583,NA,8.858,0.5001,2868.5,0.081,17.116,0.9651,35424.7,Diesel Oil,NA,Combustion turbine,NA,NA,NA,NA,"CAIRNOX, CAIROS, CAIRSO2, RGGI"
NY,Holtsville Facility,8007,U00009,CP001,2011,116,116,1895,NA,6.582,0.5001,2131.2,0.081,12.74,0.9654,26323.3,Diesel Oil,NA,Combustion turbine,NA,NA,NA,NA,"CAIRNOX, CAIROS, CAIRSO2, RGGI"
NY,Holtsville Facility,8007,U00009,CP001,2012,94,94,1461,NA,5.076,0.5002,1643.9,0.0811,9.827,0.9656,20299.3,Diesel Oil,NA,Combustion turbine,NA,NA,NA,NA,"CAIRNOX, CAIROS, CAIRSO2, RGGI"
NY,Holtsville Facility,8007,U00009,CP001,2013,98,98,1804,NA,6.105,0.5001,1978.8,0.081,11.683,0.9553,24417.4,Diesel Oil,NA,Combustion turbine,NA,"Water Injection (Began Jul 09, 2013)",NA,NA,"CAIRNOX, CAIROS, CAIRSO2, RGGI"
NY,Holtsville Facility,8007,U00009,CP001,2014,109,109,1444,NA,5.091,0.5002,1648.9,0.0809,9.484,0.9457,20358.3,Diesel Oil,NA,Combustion turbine,NA,Water Injection,NA,NA,"CAIRNOX, CAIROS, CAIRSO2, RGGI"
NY,Holtsville Facility,8007,U00009,CP001,2015,80,80,622,NA,2.49,0.5004,807.2,0.0811,4.613,0.99,9958.3,Diesel Oil,NA,Combustion turbine,NA,Water Injection,NA,NA,"CSNOX, CSNOXOS, CSSO2G1, RGGI"
NY,Holtsville Facility,8007,U00009,CP001,2016,72,72,542,NA,2.335,0.4864,767.7,0.0809,2.195,0.531,9487.6,Diesel Oil,NA,Combustion turbine,NA,Water Injection,NA,NA,"CSNOX, CSNOXOS, CSSO2G1, RGGI"
NY,Holtsville Facility,8007,U00009,CP001,2017,27,27,162,NA,0.002,0.001,233.6,0.0808,0.759,0.6068,2884.2,Diesel Oil,NA,Combustion turbine,NA,Water Injection,NA,NA,"CSNOX, CSOSG2, CSSO2G1, RGGI"
NY,Holtsville Facility,8007,U00009,CP001,2018,64,64,506,NA,0.007,0.0015,640,0.081,3.254,0.8322,7896.3,Diesel Oil,NA,Combustion turbine,NA,"Water Injection (Retired Dec 12, 2018)|Water Injection (Began Dec 13, 2018)",NA,NA,"CSNOX, CSOSG2, CSSO2G1, RGGI"
NY,Holtsville Facility,8007,U00009,CP001,2019,60,60,393,NA,0.003,8e-4,555.2,0.0812,2.068,0.7154,6851.6,Diesel Oil,NA,Combustion turbine,NA,Water Injection,NA,NA,"CSNOX, CSOSG2, CSSO2G1, RGGI"
NY,Holtsville Facility,8007,U00009,CP001,2020,60,60,909,NA,0.004,8e-4,1023,0.081,3.824,0.6435,12630,Diesel Oil,NA,Combustion turbine,NA,Water Injection,NA,NA,"CSNOX, CSOSG2, CSSO2G1, RGGI"
NY,Holtsville Facility,8007,U00009,CP001,2021,103,103,1239,NA,0.006,6e-4,1371,0.0806,5.417,0.739,16926.8,Diesel Oil,NA,Combustion turbine,NA,Water Injection,NA,NA,"CSNOX, CSOSG3, CSSO2G1, RGGI"
NY,Holtsville Facility,8007,U00009,CP001,2022,63,63,968,NA,0.004,7e-4,1082.3,0.0812,3.728,0.6342,13358,Diesel Oil,NA,Combustion turbine,NA,Water Injection,NA,NA,"CSNOX, CSOSG3, CSSO2G1, RGGI"
NY,Holtsville Facility,8007,U00009,CP001,2023,80,80,1586,NA,0.006,7e-4,1312.9,0.0811,3.613,0.4453,16212.3,Diesel Oil,NA,Combustion turbine,NA,Water Injection,NA,NA,"CSNOX, CSOSG3, CSSO2G1, RGGI"
NY,Holtsville Facility,8007,U00009,CP001,2024,46,46,598,NA,0.003,5e-4,723.8,0.0809,1.895,0.4194,8937.5,Diesel Oil,NA,Combustion turbine,NA,Water Injection,NA,NA,"CSNOX, CSOSG2E, CSSO2G1, RGGI"
NY,Holtsville Facility,8007,U00010,NA,1999,433,433,7431,NA,NA,NA,NA,NA,36.739,0.74,99314.1,Diesel Oil,NA,Combustion turbine,NA,NA,NA,NA,OTC
NY,Holtsville Facility,8007,U00010,NA,2000,243,243,4188,NA,NA,NA,NA,NA,20.565,0.74,55583.7,Diesel Oil,NA,Combustion turbine,NA,NA,NA,NA,OTC
NY,Holtsville Facility,8007,U00010,NA,2001,645,645,11962,NA,NA,NA,NA,NA,56.036,0.6753,165998.9,Diesel Oil,NA,Combustion turbine,NA,NA,NA,NA,OTC
NY,Holtsville Facility,8007,U00010,NA,2002,564,564,10584,NA,0,0,0,0,47.442,0.7024,135065.2,Diesel Oil,NA,Combustion turbine,NA,"Water Injection (Began May 01, 2002)",NA,NA,OTC
NY,Holtsville Facility,8007,U00010,NA,2003,304,304,10456,NA,NA,NA,NA,NA,25.766,0.7075,72709.1,Diesel Oil,NA,Combustion turbine,NA,"Water Injection (Retired Apr 30, 2003)",NA,NA,NBP
NY,Holtsville Facility,8007,U00010,NA,2004,171,171,4616,NA,NA,NA,NA,NA,11.847,0.7936,29624.9,Diesel Oil,NA,Combustion turbine,NA,NA,NA,NA,NBP
NY,Holtsville Facility,8007,U00010,NA,2005,566,566,20133,NA,NA,NA,NA,NA,52.12,0.7573,136758.4,Diesel Oil,NA,Combustion turbine,NA,NA,NA,NA,NBP
NY,Holtsville Facility,8007,U00010,NA,2006,200,200,3177,NA,NA,NA,NA,NA,15.69,0.7176,43562.7,Diesel Oil,NA,Combustion turbine,NA,NA,NA,NA,NBP
NY,Holtsville Facility,8007,U00010,NA,2007,185,185,2985,NA,NA,NA,NA,NA,17.049,0.7953,42731,Diesel Oil,NA,Combustion turbine,NA,NA,NA,NA,NBP
NY,Holtsville Facility,8007,U00010,NA,2008,110,110,1874,NA,NA,NA,NA,NA,10.583,0.8083,26131.3,Diesel Oil,NA,Combustion turbine,NA,NA,NA,NA,"CAIRNOX, CAIROS, NBP"
NY,Holtsville Facility,8007,U00010,CP001,2009,138,138,2352,NA,8.943,0.5001,2896.8,0.081,17.365,0.9691,35763.6,Diesel Oil,NA,Combustion turbine,NA,NA,NA,NA,"CAIRNOX, CAIROS, CAIRSO2, RGGI"
NY,Holtsville Facility,8007,U00010,CP001,2010,161,161,2583,NA,8.858,0.5001,2868.5,0.081,17.116,0.9651,35424.7,Diesel Oil,NA,Combustion turbine,NA,NA,NA,NA,"CAIRNOX, CAIROS, CAIRSO2, RGGI"
NY,Holtsville Facility,8007,U00010,CP001,2011,116,116,1895,NA,6.582,0.5001,2131.2,0.081,12.74,0.9654,26323.3,Diesel Oil,NA,Combustion turbine,NA,NA,NA,NA,"CAIRNOX, CAIROS, CAIRSO2, RGGI"
NY,Holtsville Facility,8007,U00010,CP001,2012,94,94,1461,NA,5.076,0.5002,1643.9,0.0811,9.827,0.9656,20299.3,Diesel Oil,NA,Combustion turbine,NA,NA,NA,NA,"CAIRNOX, CAIROS, CAIRSO2, RGGI"
NY,Holtsville Facility,8007,U00010,CP001,2013,98,98,1804,NA,6.105,0.5001,1978.8,0.081,11.683,0.9553,24417.4,Diesel Oil,NA,Combustion turbine,NA,"Water Injection (Began Jul 09, 2013)",NA,NA,"CAIRNOX, CAIROS, CAIRSO2, RGGI"
NY,Holtsville Facility,8007,U00010,CP001,2014,109,109,1434,NA,5.044,0.5002,1633.7,0.0809,9.045,0.8974,20169.8,Diesel Oil,NA,Combustion turbine,NA,Water Injection,NA,NA,"CAIRNOX, CAIROS, CAIRSO2, RGGI"
NY,Holtsville Facility,8007,U00010,CP001,2015,80,80,641,NA,2.56,0.5004,829.8,0.0811,4.812,0.9847,10237.2,Diesel Oil,NA,Combustion turbine,NA,Water Injection,NA,NA,"CSNOX, CSNOXOS, CSSO2G1, RGGI"
NY,Holtsville Facility,8007,U00010,CP001,2016,72,72,542,NA,2.335,0.4864,767.7,0.0809,2.329,0.5468,9487.6,Diesel Oil,NA,Combustion turbine,NA,Water Injection,NA,NA,"CSNOX, CSNOXOS, CSSO2G1, RGGI"
NY,Holtsville Facility,8007,U00010,CP001,2017,27,27,169,NA,0.002,0.001,243.2,0.0808,0.877,0.6521,3003.3,Diesel Oil,NA,Combustion turbine,NA,Water Injection,NA,NA,"CSNOX, CSOSG2, CSSO2G1, RGGI"
NY,Holtsville Facility,8007,U00010,CP001,2018,64,64,506,NA,0.007,0.0015,640,0.081,3.249,0.842,7896.3,Diesel Oil,NA,Combustion turbine,NA,"Water Injection (Retired Dec 12, 2018)|Water Injection (Began Dec 13, 2018)",NA,NA,"CSNOX, CSOSG2, CSSO2G1, RGGI"
NY,Holtsville Facility,8007,U00010,CP001,2019,60,60,393,NA,0.003,8e-4,555.2,0.0812,1.927,0.6661,6851.6,Diesel Oil,NA,Combustion turbine,NA,Water Injection,NA,NA,"CSNOX, CSOSG2, CSSO2G1, RGGI"
NY,Holtsville Facility,8007,U00010,CP001,2020,60,60,909,NA,0.004,8e-4,1023,0.081,3.464,0.6013,12630,Diesel Oil,NA,Combustion turbine,NA,Water Injection,NA,NA,"CSNOX, CSOSG2, CSSO2G1, RGGI"
NY,Holtsville Facility,8007,U00010,CP001,2021,93,93,1093,NA,0.005,6e-4,1206.9,0.0806,4.4,0.6473,14900.7,Diesel Oil,NA,Combustion turbine,NA,Water Injection,NA,NA,"CSNOX, CSOSG3, CSSO2G1, RGGI"
NY,Holtsville Facility,8007,U00010,CP001,2022,63,63,968,NA,0.004,7e-4,1082.3,0.0812,3.575,0.5954,13358,Diesel Oil,NA,Combustion turbine,NA,Water Injection,NA,NA,"CSNOX, CSOSG3, CSSO2G1, RGGI"
NY,Holtsville Facility,8007,U00010,CP001,2023,78,78,1559,NA,0.006,7e-4,1288.8,0.0811,3.556,0.4468,15915.6,Diesel Oil,NA,Combustion turbine,NA,Water Injection,NA,NA,"CSNOX, CSOSG3, CSSO2G1, RGGI"
NY,Holtsville Facility,8007,U00010,CP001,2024,45,45,595,NA,0.003,6e-4,720.1,0.0809,1.899,0.4384,8891.3,Diesel Oil,NA,Combustion turbine,NA,Water Injection,NA,NA,"CSNOX, CSOSG2E, CSSO2G1, RGGI"
NY,Holtsville Facility,8007,U00011,NA,1999,482,482,8599,NA,NA,NA,NA,NA,44.844,0.78,114998.7,Diesel Oil,NA,Combustion turbine,NA,NA,NA,NA,OTC
NY,Holtsville Facility,8007,U00011,NA,2000,316,316,5738,NA,NA,NA,NA,NA,29.768,0.78,76332,Diesel Oil,NA,Combustion turbine,NA,NA,NA,NA,OTC
NY,Holtsville Facility,8007,U00011,NA,2001,438,438,8734,NA,NA,NA,NA,NA,42.859,0.7081,121060.8,Diesel Oil,NA,Combustion turbine,NA,NA,NA,NA,OTC
NY,Holtsville Facility,8007,U00011,NA,2002,448,448,8507,NA,0,0,0,0,41.402,0.7626,108559.2,Diesel Oil,NA,Combustion turbine,NA,"Water Injection (Began May 01, 2002)",NA,NA,OTC
NY,Holtsville Facility,8007,U00011,NA,2003,238,238,7788,NA,NA,NA,NA,NA,20.839,0.7686,54247.3,Diesel Oil,NA,Combustion turbine,NA,"Water Injection (Retired Apr 30, 2003)",NA,NA,NBP
NY,Holtsville Facility,8007,U00011,NA,2004,108,108,3456,NA,NA,NA,NA,NA,10.065,0.9171,21835,Diesel Oil,NA,Combustion turbine,NA,NA,NA,NA,NBP
NY,Holtsville Facility,8007,U00011,NA,2005,407,407,11728,NA,NA,NA,NA,NA,36.586,0.903,81022.2,Diesel Oil,NA,Combustion turbine,NA,NA,NA,NA,NBP
NY,Holtsville Facility,8007,U00011,NA,2006,150,150,2444,NA,NA,NA,NA,NA,15.333,0.9108,33546.3,Diesel Oil,NA,Combustion turbine,NA,NA,NA,NA,NBP
NY,Holtsville Facility,8007,U00011,NA,2007,267,267,4590,NA,NA,NA,NA,NA,26.948,0.827,65490.1,Diesel Oil,NA,Combustion turbine,NA,NA,NA,NA,NBP
NY,Holtsville Facility,8007,U00011,NA,2008,241,241,4002,NA,NA,NA,NA,NA,22.864,0.808,56530.8,Diesel Oil,NA,Combustion turbine,NA,NA,NA,NA,"CAIRNOX, CAIROS, NBP"
NY,Holtsville Facility,8007,U00011,CP001,2009,202,202,2646,NA,9.956,0.5002,3224.8,0.081,19.317,0.9701,39815.7,Diesel Oil,NA,Combustion turbine,NA,"Water Injection (Began Jun 05, 2009)",NA,NA,"CAIRNOX, CAIROS, CAIRSO2, RGGI"
NY,Holtsville Facility,8007,U00011,CP001,2010,368,368,6272,NA,21.735,0.5,7039.3,0.081,25.469,0.6054,86926.5,Diesel Oil,NA,Combustion turbine,NA,Water Injection,NA,NA,"CAIRNOX, CAIROS, CAIRSO2, RGGI"
NY,Holtsville Facility,8007,U00011,CP001,2011,166,166,2676,NA,9.407,0.5002,3046.4,0.0809,7.788,0.4689,37620.5,Diesel Oil,NA,Combustion turbine,NA,Water Injection,NA,NA,"CAIRNOX, CAIROS, CAIRSO2, RGGI"
NY,Holtsville Facility,8007,U00011,CP001,2012,129,129,2210,NA,7.708,0.5003,2498.1,0.081,7.167,0.5462,30824.3,Diesel Oil,NA,Combustion turbine,NA,Water Injection,NA,NA,"CAIRNOX, CAIROS, CAIRSO2, RGGI"
NY,Holtsville Facility,8007,U00011,CP001,2013,233,233,4183,NA,14.078,0.5002,4561.2,0.081,34.419,1.2292,56300.7,Diesel Oil,NA,Combustion turbine,NA,Water Injection,NA,NA,"CAIRNOX, CAIROS, CAIRSO2, RGGI"
NY,Holtsville Facility,8007,U00011,CP001,2014,303,303,5349,NA,18.594,0.5002,6024,0.081,39.292,1.0962,74361,Diesel Oil,NA,Combustion turbine,NA,Water Injection,NA,NA,"CAIRNOX, CAIROS, CAIRSO2, RGGI"
NY,Holtsville Facility,8007,U00011,CP001,2015,211,211,3324,NA,13.772,0.5003,4460.3,0.0811,24.775,0.938,55076.8,Diesel Oil,NA,Combustion turbine,NA,Water Injection,NA,NA,"CSNOX, CSNOXOS, CSSO2G1, RGGI"
NY,Holtsville Facility,8007,U00011,CP001,2016,246,246,3523,NA,14.462,0.4697,4939,0.081,15.91,0.5539,60956.4,Diesel Oil,NA,Combustion turbine,NA,Water Injection,NA,NA,"CSNOX, CSNOXOS, CSSO2G1, RGGI"
NY,Holtsville Facility,8007,U00011,CP001,2017,126,126,1639,NA,0.024,0.0019,2312.5,0.081,10.708,0.8028,28547.1,Diesel Oil,NA,Combustion turbine,NA,Water Injection,NA,NA,"CSNOX, CSOSG2, CSSO2G1, RGGI"
NY,Holtsville Facility,8007,U00011,CP001,2018,363,363,6511,NA,0.087,0.0019,8208.2,0.0809,40.042,0.7958,101324.4,Diesel Oil,NA,Combustion turbine,NA,"Water Injection (Retired Dec 12, 2018)|Water Injection (Began Dec 13, 2018)",NA,NA,"CSNOX, CSOSG2, CSSO2G1, RGGI"
NY,Holtsville Facility,8007,U00011,CP001,2019,69,69,1284,NA,0.009,0.001,1803,0.081,4.577,0.4421,22255.1,Diesel Oil,NA,Combustion turbine,NA,Water Injection,NA,NA,"CSNOX, CSOSG2, CSSO2G1, RGGI"
NY,Holtsville Facility,8007,U00011,CP001,2020,250,250,4406,NA,0.02,9e-4,4975.6,0.081,15.811,0.5481,61426.4,Diesel Oil,NA,Combustion turbine,NA,Water Injection,NA,NA,"CSNOX, CSOSG2, CSSO2G1, RGGI"
NY,Holtsville Facility,8007,U00011,CP001,2021,316,316,4134,NA,0.019,7e-4,4513.4,0.0807,15.471,0.6492,55724.8,Diesel Oil,NA,Combustion turbine,NA,Water Injection,NA,NA,"CSNOX, CSOSG3, CSSO2G1, RGGI"
NY,Holtsville Facility,8007,U00011,CP001,2022,302,302,3706,NA,0.017,6e-4,4082.2,0.0813,15.585,0.669,50382.2,Diesel Oil,NA,Combustion turbine,NA,Water Injection,NA,NA,"CSNOX, CSOSG3, CSSO2G1, RGGI"
NY,Holtsville Facility,8007,U00011,CP001,2023,101,101,2009,NA,0.006,4e-4,1657.2,0.081,4.574,0.4606,20451.4,Diesel Oil,NA,Combustion turbine,NA,Water Injection,NA,NA,"CSNOX, CSOSG3, CSSO2G1, RGGI"
NY,Holtsville Facility,8007,U00011,CP001,2024,126,126,1743,NA,0.009,7e-4,2114.4,0.0808,5.721,0.438,26125.2,Diesel Oil,NA,Combustion turbine,NA,Water Injection,NA,NA,"CSNOX, CSOSG2E, CSSO2G1, RGGI"
NY,Holtsville Facility,8007,U00012,NA,1999,482,482,8599,NA,NA,NA,NA,NA,44.844,0.78,114998.7,Diesel Oil,NA,Combustion turbine,NA,NA,NA,NA,OTC
NY,Holtsville Facility,8007,U00012,NA,2000,316,316,5738,NA,NA,NA,NA,NA,29.768,0.78,76332,Diesel Oil,NA,Combustion turbine,NA,NA,NA,NA,OTC
NY,Holtsville Facility,8007,U00012,NA,2001,438,438,8734,NA,NA,NA,NA,NA,42.859,0.7081,121060.8,Diesel Oil,NA,Combustion turbine,NA,NA,NA,NA,OTC
NY,Holtsville Facility,8007,U00012,NA,2002,448,448,8507,NA,0,0,0,0,41.402,0.7626,108559.2,Diesel Oil,NA,Combustion turbine,NA,"Water Injection (Began May 01, 2002)",NA,NA,OTC
NY,Holtsville Facility,8007,U00012,NA,2003,238,238,7788,NA,NA,NA,NA,NA,20.839,0.7686,54247.3,Diesel Oil,NA,Combustion turbine,NA,"Water Injection (Retired Apr 30, 2003)",NA,NA,NBP
NY,Holtsville Facility,8007,U00012,NA,2004,108,108,3456,NA,NA,NA,NA,NA,10.065,0.9171,21835,Diesel Oil,NA,Combustion turbine,NA,NA,NA,NA,NBP
NY,Holtsville Facility,8007,U00012,NA,2005,407,407,11728,NA,NA,NA,NA,NA,36.586,0.903,81022.2,Diesel Oil,NA,Combustion turbine,NA,NA,NA,NA,NBP
NY,Holtsville Facility,8007,U00012,NA,2006,150,150,2444,NA,NA,NA,NA,NA,15.333,0.9108,33546.3,Diesel Oil,NA,Combustion turbine,NA,NA,NA,NA,NBP
NY,Holtsville Facility,8007,U00012,NA,2007,267,267,4590,NA,NA,NA,NA,NA,26.948,0.827,65490.1,Diesel Oil,NA,Combustion turbine,NA,NA,NA,NA,NBP
NY,Holtsville Facility,8007,U00012,NA,2008,241,241,4002,NA,NA,NA,NA,NA,22.864,0.808,56530.8,Diesel Oil,NA,Combustion turbine,NA,NA,NA,NA,"CAIRNOX, CAIROS, NBP"
NY,Holtsville Facility,8007,U00012,CP001,2009,202,202,2646,NA,9.956,0.5002,3224.8,0.081,19.317,0.9701,39815.7,Diesel Oil,NA,Combustion turbine,NA,"Water Injection (Began Jun 05, 2009)",NA,NA,"CAIRNOX, CAIROS, CAIRSO2, RGGI"
NY,Holtsville Facility,8007,U00012,CP001,2010,368,368,6288,NA,21.791,0.5,7057.3,0.081,26.288,0.6212,87150.2,Diesel Oil,NA,Combustion turbine,NA,Water Injection,NA,NA,"CAIRNOX, CAIROS, CAIRSO2, RGGI"
NY,Holtsville Facility,8007,U00012,CP001,2011,161,161,2616,NA,9.18,0.5002,2973.3,0.081,12.289,0.7252,36716.1,Diesel Oil,NA,Combustion turbine,NA,Water Injection,NA,NA,"CAIRNOX, CAIROS, CAIRSO2, RGGI"
NY,Holtsville Facility,8007,U00012,CP001,2012,129,129,2210,NA,7.708,0.5003,2498.1,0.081,7.55,0.5588,30824.3,Diesel Oil,NA,Combustion turbine,NA,Water Injection,NA,NA,"CAIRNOX, CAIROS, CAIRSO2, RGGI"
NY,Holtsville Facility,8007,U00012,CP001,2013,233,233,4167,NA,14.026,0.5002,4544.4,0.081,34.533,1.2292,56094.3,Diesel Oil,NA,Combustion turbine,NA,Water Injection,NA,NA,"CAIRNOX, CAIROS, CAIRSO2, RGGI"
NY,Holtsville Facility,8007,U00012,CP001,2014,303,303,5349,NA,18.594,0.5002,6024,0.081,39.211,1.0962,74361,Diesel Oil,NA,Combustion turbine,NA,Water Injection,NA,NA,"CAIRNOX, CAIROS, CAIRSO2, RGGI"
NY,Holtsville Facility,8007,U00012,CP001,2015,211,211,3325,NA,13.772,0.5002,4460.3,0.081,24.484,0.9315,55077.9,Diesel Oil,NA,Combustion turbine,NA,Water Injection,NA,NA,"CSNOX, CSNOXOS, CSSO2G1, RGGI"
NY,Holtsville Facility,8007,U00012,CP001,2016,246,246,3523,NA,14.462,0.4697,4939,0.081,15.884,0.5572,60956.4,Diesel Oil,NA,Combustion turbine,NA,Water Injection,NA,NA,"CSNOX, CSNOXOS, CSSO2G1, RGGI"
NY,Holtsville Facility,8007,U00012,CP001,2017,126,126,1639,NA,0.024,0.0019,2312.5,0.081,10.739,0.8095,28547.1,Diesel Oil,NA,Combustion turbine,NA,Water Injection,NA,NA,"CSNOX, CSOSG2, CSSO2G1, RGGI"
NY,Holtsville Facility,8007,U00012,CP001,2018,363,363,6484,NA,0.087,0.0019,8174.2,0.0809,40.813,0.8239,100904.5,Diesel Oil,NA,Combustion turbine,NA,"Water Injection (Retired Dec 12, 2018)|Water Injection (Began Dec 13, 2018)",NA,NA,"CSNOX, CSOSG2, CSSO2G1, RGGI"
NY,Holtsville Facility,8007,U00012,CP001,2019,69,69,1284,NA,0.009,0.001,1803,0.081,5.308,0.4964,22255.1,Diesel Oil,NA,Combustion turbine,NA,Water Injection,NA,NA,"CSNOX, CSOSG2, CSSO2G1, RGGI"
NY,Holtsville Facility,8007,U00012,CP001,2020,250,250,4406,NA,0.02,9e-4,4975.6,0.081,12.944,0.4552,61426.4,Diesel Oil,NA,Combustion turbine,NA,Water Injection,NA,NA,"CSNOX, CSOSG2, CSSO2G1, RGGI"
NY,Holtsville Facility,8007,U00012,CP001,2021,315,315,4133,NA,0.019,7e-4,4512.3,0.0807,13.487,0.5787,55710.9,Diesel Oil,NA,Combustion turbine,NA,Water Injection,NA,NA,"CSNOX, CSOSG3, CSSO2G1, RGGI"
NY,Holtsville Facility,8007,U00012,CP001,2022,318,318,3950,NA,0.018,6e-4,4349.9,0.0813,16.253,0.6423,53687.2,Diesel Oil,NA,Combustion turbine,NA,Water Injection,NA,NA,"CSNOX, CSOSG3, CSSO2G1, RGGI"
NY,Holtsville Facility,8007,U00012,CP001,2023,133,133,2297,NA,0.007,4e-4,1982.5,0.0809,5.317,0.4945,24467.5,Diesel Oil,NA,Combustion turbine,NA,Water Injection,NA,NA,"CSNOX, CSOSG3, CSSO2G1, RGGI"
NY,Holtsville Facility,8007,U00012,CP001,2024,129,129,1748,NA,0.009,7e-4,2120.2,0.0808,5.031,0.384,26197.6,Diesel Oil,NA,Combustion turbine,NA,Water Injection,NA,NA,"CSNOX, CSOSG2E, CSSO2G1, RGGI"
NY,Holtsville Facility,8007,U00013,NA,1999,568,568,10553,NA,NA,NA,NA,NA,52.326,0.74,141443.3,Diesel Oil,NA,Combustion turbine,NA,NA,NA,NA,OTC
NY,Holtsville Facility,8007,U00013,NA,2000,471,471,8639,NA,NA,NA,NA,NA,42.535,0.7401,114961,Diesel Oil,NA,Combustion turbine,NA,NA,NA,NA,OTC
NY,Holtsville Facility,8007,U00013,NA,2001,343,343,5273,NA,NA,NA,NA,NA,25.768,0.7067,73282.1,Diesel Oil,NA,Combustion turbine,NA,NA,NA,NA,OTC
NY,Holtsville Facility,8007,U00013,NA,2002,337,337,6450,NA,0,0,0,0,31.332,0.7617,82232.4,Diesel Oil,NA,Combustion turbine,NA,"Water Injection (Began May 01, 2002)",NA,NA,OTC
NY,Holtsville Facility,8007,U00013,NA,2003,456,456,17628,NA,NA,NA,NA,NA,46.917,0.7642,122633.5,Diesel Oil,NA,Combustion turbine,NA,"Water Injection (Retired Apr 30, 2003)",NA,NA,NBP
NY,Holtsville Facility,8007,U00013,NA,2004,182,182,7324,NA,NA,NA,NA,NA,21.282,0.8993,47225.4,Diesel Oil,NA,Combustion turbine,NA,NA,NA,NA,NBP
NY,Holtsville Facility,8007,U00013,NA,2005,557,557,19537,NA,NA,NA,NA,NA,60.616,0.9019,134385.2,Diesel Oil,NA,Combustion turbine,NA,NA,NA,NA,NBP
NY,Holtsville Facility,8007,U00013,NA,2006,311,311,5115,NA,NA,NA,NA,NA,31.876,0.9066,70174.6,Diesel Oil,NA,Combustion turbine,NA,NA,NA,NA,NBP
NY,Holtsville Facility,8007,U00013,NA,2007,408,408,7362,NA,NA,NA,NA,NA,42.873,0.8376,102512.6,Diesel Oil,NA,Combustion turbine,NA,NA,NA,NA,NBP
NY,Holtsville Facility,8007,U00013,NA,2008,291,291,5032,NA,NA,NA,NA,NA,31.215,0.8923,69948.4,Diesel Oil,NA,Combustion turbine,NA,NA,NA,NA,"CAIRNOX, CAIROS, NBP"
NY,Holtsville Facility,8007,U00013,CP001,2009,190,190,3153,NA,11.379,0.5002,3686.2,0.081,21.849,0.9559,45508.3,Diesel Oil,NA,Combustion turbine,NA,"Water Injection (Began Jun 05, 2009)",NA,NA,"CAIRNOX, CAIROS, CAIRSO2, RGGI"
NY,Holtsville Facility,8007,U00013,CP001,2010,263,263,4438,NA,15.341,0.5001,4971,0.0811,16.441,0.5835,61353.2,Diesel Oil,NA,Combustion turbine,NA,Water Injection,NA,NA,"CAIRNOX, CAIROS, CAIRSO2, RGGI"
NY,Holtsville Facility,8007,U00013,CP001,2011,123,123,1979,NA,6.904,0.5001,2236.3,0.081,7.285,0.5804,27611.4,Diesel Oil,NA,Combustion turbine,NA,Water Injection,NA,NA,"CAIRNOX, CAIROS, CAIRSO2, RGGI"
NY,Holtsville Facility,8007,U00013,CP001,2012,174,174,2886,NA,10.033,0.5002,3250.2,0.081,9.489,0.518,40125.2,Diesel Oil,NA,Combustion turbine,NA,Water Injection,NA,NA,"CAIRNOX, CAIROS, CAIRSO2, RGGI"
NY,Holtsville Facility,8007,U00013,CP001,2013,248,248,4639,NA,15.318,0.5001,4963.3,0.081,22.366,0.7552,61265.7,Diesel Oil,NA,Combustion turbine,NA,Water Injection,NA,NA,"CAIRNOX, CAIROS, CAIRSO2, RGGI"
NY,Holtsville Facility,8007,U00013,CP001,2014,37,37,517,NA,1.943,0.5004,629.6,0.0811,3.078,0.9319,7770.5,Diesel Oil,NA,Combustion turbine,NA,Water Injection,NA,NA,"CAIRNOX, CAIROS, CAIRSO2, RGGI"
NY,Holtsville Facility,8007,U00013,CP001,2015,55,55,656,NA,2.724,0.5004,882.4,0.0812,4.654,0.9332,10892,Diesel Oil,NA,Combustion turbine,NA,Water Injection,NA,NA,"CSNOX, CSNOXOS, CSSO2G1, RGGI"
NY,Holtsville Facility,8007,U00013,CP001,2016,119,119,1784,NA,7.654,0.4834,2543.6,0.081,7.033,0.5096,31404.9,Diesel Oil,NA,Combustion turbine,NA,Water Injection,NA,NA,"CSNOX, CSNOXOS, CSSO2G1, RGGI"
NY,Holtsville Facility,8007,U00013,CP001,2017,37,37,517,NA,0.008,0.0019,736.8,0.0808,3.246,0.8033,9098.3,Diesel Oil,NA,Combustion turbine,NA,Water Injection,NA,NA,"CSNOX, CSOSG2, CSSO2G1, RGGI"
NY,Holtsville Facility,8007,U00013,CP001,2018,137,137,2342,NA,0.032,0.002,2961.7,0.0809,15.608,0.8796,36550.9,Diesel Oil,NA,Combustion turbine,NA,"Water Injection (Retired Dec 12, 2018)|Water Injection (Began Dec 13, 2018)",NA,NA,"CSNOX, CSOSG2, CSSO2G1, RGGI"
NY,Holtsville Facility,8007,U00013,CP001,2019,97,97,1601,NA,0.013,0.0011,2236.6,0.081,6.553,0.4838,27609.6,Diesel Oil,NA,Combustion turbine,NA,Water Injection,NA,NA,"CSNOX, CSOSG2, CSSO2G1, RGGI"
NY,Holtsville Facility,8007,U00013,CP001,2020,133,133,2116,NA,0.01,8e-4,2390.5,0.081,7.766,0.5907,29521.4,Diesel Oil,NA,Combustion turbine,NA,Water Injection,NA,NA,"CSNOX, CSOSG2, CSSO2G1, RGGI"
NY,Holtsville Facility,8007,U00013,CP001,2021,97,97,1163,NA,0.005,6e-4,1273.8,0.0807,4.794,0.6783,15726.7,Diesel Oil,NA,Combustion turbine,NA,Water Injection,NA,NA,"CSNOX, CSOSG3, CSSO2G1, RGGI"
NY,Holtsville Facility,8007,U00013,CP001,2022,64,64,690,NA,0.003,5e-4,780.6,0.081,3.75,0.8287,9638.5,Diesel Oil,NA,Combustion turbine,NA,Water Injection,NA,NA,"CSNOX, CSOSG3, CSSO2G1, RGGI"
NY,Holtsville Facility,8007,U00013,CP001,2023,42,42,699,NA,0.002,3e-4,609.6,0.0808,1.994,0.5587,7523.1,Diesel Oil,NA,Combustion turbine,NA,Water Injection,NA,NA,"CSNOX, CSOSG3, CSSO2G1, RGGI"
NY,Holtsville Facility,8007,U00013,CP001,2024,80,80,1113,NA,0.006,8e-4,1357.3,0.0807,3.218,0.3839,16761.9,Diesel Oil,NA,Combustion turbine,NA,Water Injection,NA,NA,"CSNOX, CSOSG2E, CSSO2G1, RGGI"
NY,Holtsville Facility,8007,U00014,NA,1999,568,568,10553,NA,NA,NA,NA,NA,52.326,0.74,141443.3,Diesel Oil,NA,Combustion turbine,NA,NA,NA,NA,OTC
NY,Holtsville Facility,8007,U00014,NA,2000,471,471,8639,NA,NA,NA,NA,NA,42.535,0.7401,114961,Diesel Oil,NA,Combustion turbine,NA,NA,NA,NA,OTC
NY,Holtsville Facility,8007,U00014,NA,2001,343,343,5273,NA,NA,NA,NA,NA,25.768,0.7067,73282.1,Diesel Oil,NA,Combustion turbine,NA,NA,NA,NA,OTC
NY,Holtsville Facility,8007,U00014,NA,2002,337,337,6450,NA,0,0,0,0,31.332,0.7617,82232.4,Diesel Oil,NA,Combustion turbine,NA,"Water Injection (Began May 01, 2002)",NA,NA,OTC
NY,Holtsville Facility,8007,U00014,NA,2003,456,456,17628,NA,NA,NA,NA,NA,46.917,0.7642,122633.5,Diesel Oil,NA,Combustion turbine,NA,"Water Injection (Retired Apr 30, 2003)",NA,NA,NBP
NY,Holtsville Facility,8007,U00014,NA,2004,182,182,7324,NA,NA,NA,NA,NA,21.282,0.8993,47225.4,Diesel Oil,NA,Combustion turbine,NA,NA,NA,NA,NBP
NY,Holtsville Facility,8007,U00014,NA,2005,557,557,19537,NA,NA,NA,NA,NA,60.616,0.9019,134385.2,Diesel Oil,NA,Combustion turbine,NA,NA,NA,NA,NBP
NY,Holtsville Facility,8007,U00014,NA,2006,311,311,5115,NA,NA,NA,NA,NA,31.876,0.9066,70174.6,Diesel Oil,NA,Combustion turbine,NA,NA,NA,NA,NBP
NY,Holtsville Facility,8007,U00014,NA,2007,408,408,7362,NA,NA,NA,NA,NA,42.873,0.8376,102512.6,Diesel Oil,NA,Combustion turbine,NA,NA,NA,NA,NBP
NY,Holtsville Facility,8007,U00014,NA,2008,291,291,5032,NA,NA,NA,NA,NA,31.215,0.8923,69948.4,Diesel Oil,NA,Combustion turbine,NA,NA,NA,NA,"CAIRNOX, CAIROS, NBP"
NY,Holtsville Facility,8007,U00014,CP001,2009,190,190,3153,NA,11.379,0.5002,3686.2,0.081,21.849,0.9559,45508.3,Diesel Oil,NA,Combustion turbine,NA,"Water Injection (Began Jun 05, 2009)",NA,NA,"CAIRNOX, CAIROS, CAIRSO2, RGGI"
NY,Holtsville Facility,8007,U00014,CP001,2010,263,263,4382,NA,15.145,0.5001,4907.2,0.081,15.49,0.5566,60569.6,Diesel Oil,NA,Combustion turbine,NA,Water Injection,NA,NA,"CAIRNOX, CAIROS, CAIRSO2, RGGI"
NY,Holtsville Facility,8007,U00014,CP001,2011,123,123,1979,NA,6.904,0.5001,2236.3,0.081,7.296,0.5868,27611.4,Diesel Oil,NA,Combustion turbine,NA,Water Injection,NA,NA,"CAIRNOX, CAIROS, CAIRSO2, RGGI"
NY,Holtsville Facility,8007,U00014,CP001,2012,174,174,2886,NA,10.033,0.5002,3250.2,0.081,9.012,0.4865,40125.2,Diesel Oil,NA,Combustion turbine,NA,Water Injection,NA,NA,"CAIRNOX, CAIROS, CAIRSO2, RGGI"
NY,Holtsville Facility,8007,U00014,CP001,2013,248,248,4632,NA,15.295,0.5001,4955.8,0.081,17.672,0.6207,61173.3,Diesel Oil,NA,Combustion turbine,NA,Water Injection,NA,NA,"CAIRNOX, CAIROS, CAIRSO2, RGGI"
NY,Holtsville Facility,8007,U00014,CP001,2014,37,37,517,NA,1.943,0.5004,629.6,0.0811,2.835,0.8238,7770.5,Diesel Oil,NA,Combustion turbine,NA,Water Injection,NA,NA,"CAIRNOX, CAIROS, CAIRSO2, RGGI"
NY,Holtsville Facility,8007,U00014,CP001,2015,28,28,380,NA,1.49,0.5004,482.6,0.0811,1.982,0.7647,5958.2,Diesel Oil,NA,Combustion turbine,NA,Water Injection,NA,NA,"CSNOX, CSNOXOS, CSSO2G1, RGGI"
NY,Holtsville Facility,8007,U00014,CP001,2016,119,119,1774,NA,7.61,0.4834,2529.2,0.081,6.932,0.4956,31227.8,Diesel Oil,NA,Combustion turbine,NA,Water Injection,NA,NA,"CSNOX, CSNOXOS, CSSO2G1, RGGI"
NY,Holtsville Facility,8007,U00014,CP001,2017,37,37,517,NA,0.008,0.0019,736.8,0.0808,3.216,0.7583,9098.3,Diesel Oil,NA,Combustion turbine,NA,Water Injection,NA,NA,"CSNOX, CSOSG2, CSSO2G1, RGGI"
NY,Holtsville Facility,8007,U00014,CP001,2018,137,137,2330,NA,0.032,0.002,2946.7,0.0809,15.497,0.8796,36365.8,Diesel Oil,NA,Combustion turbine,NA,"Water Injection (Retired Dec 12, 2018)|Water Injection (Began Dec 13, 2018)",NA,NA,"CSNOX, CSOSG2, CSSO2G1, RGGI"
NY,Holtsville Facility,8007,U00014,CP001,2019,97,97,1601,NA,0.013,0.0011,2236.6,0.081,8.316,0.5723,27609.6,Diesel Oil,NA,Combustion turbine,NA,Water Injection,NA,NA,"CSNOX, CSOSG2, CSSO2G1, RGGI"
NY,Holtsville Facility,8007,U00014,CP001,2020,132,132,2115,NA,0.01,8e-4,2389.3,0.081,6.059,0.4723,29506.7,Diesel Oil,NA,Combustion turbine,NA,Water Injection,NA,NA,"CSNOX, CSOSG2, CSSO2G1, RGGI"
NY,Holtsville Facility,8007,U00014,CP001,2021,97,97,1163,NA,0.005,6e-4,1273.8,0.0807,4.168,0.5815,15726.7,Diesel Oil,NA,Combustion turbine,NA,Water Injection,NA,NA,"CSNOX, CSOSG3, CSSO2G1, RGGI"
NY,Holtsville Facility,8007,U00014,CP001,2022,65,65,691,NA,0.003,5e-4,781.7,0.081,3.393,0.7268,9651.6,Diesel Oil,NA,Combustion turbine,NA,Water Injection,NA,NA,"CSNOX, CSOSG3, CSSO2G1, RGGI"
NY,Holtsville Facility,8007,U00014,CP001,2023,42,42,699,NA,0.002,3e-4,609.6,0.0808,2.161,0.6011,7523.1,Diesel Oil,NA,Combustion turbine,NA,Water Injection,NA,NA,"CSNOX, CSOSG3, CSSO2G1, RGGI"
NY,Holtsville Facility,8007,U00014,CP001,2024,80,80,1113,NA,0.006,8e-4,1357.3,0.0807,3.671,0.4379,16761.9,Diesel Oil,NA,Combustion turbine,NA,Water Injection,NA,NA,"CSNOX, CSOSG2E, CSSO2G1, RGGI"
NY,Holtsville Facility,8007,U00015,NA,1999,424,424,8294,NA,NA,NA,NA,NA,43.386,0.78,111259.7,Diesel Oil,NA,Combustion turbine,NA,NA,NA,NA,OTC
NY,Holtsville Facility,8007,U00015,NA,2000,398,398,7759,NA,NA,NA,NA,NA,40.255,0.78,103214.7,Diesel Oil,NA,Combustion turbine,NA,NA,NA,NA,OTC
NY,Holtsville Facility,8007,U00015,NA,2001,582,582,11424,NA,NA,NA,NA,NA,53.588,0.6758,158618.8,Diesel Oil,NA,Combustion turbine,NA,NA,NA,NA,OTC
NY,Holtsville Facility,8007,U00015,NA,2002,614,614,10436,NA,0,0,0,0,42.875,0.6437,133140.4,Diesel Oil,NA,Combustion turbine,NA,"Water Injection (Began May 01, 2002)",NA,NA,OTC
NY,Holtsville Facility,8007,U00015,NA,2003,328,328,10851,NA,NA,NA,NA,NA,24.47,0.6468,75507.7,Diesel Oil,NA,Combustion turbine,NA,"Water Injection (Retired Apr 30, 2003)",NA,NA,NBP
NY,Holtsville Facility,8007,U00015,NA,2004,122,122,3867,NA,NA,NA,NA,NA,8.453,0.6981,24129.3,Diesel Oil,NA,Combustion turbine,NA,NA,NA,NA,NBP
NY,Holtsville Facility,8007,U00015,NA,2005,318,318,9455,NA,NA,NA,NA,NA,23.059,0.7054,65334.6,Diesel Oil,NA,Combustion turbine,NA,NA,NA,NA,NBP
NY,Holtsville Facility,8007,U00015,NA,2006,166,166,2277,NA,NA,NA,NA,NA,11.238,0.7208,31025.3,Diesel Oil,NA,Combustion turbine,NA,NA,NA,NA,NBP
NY,Holtsville Facility,8007,U00015,NA,2007,202,202,3514,NA,NA,NA,NA,NA,18.641,0.7554,49202.3,Diesel Oil,NA,Combustion turbine,NA,NA,NA,NA,NBP
NY,Holtsville Facility,8007,U00015,NA,2008,267,267,4453,NA,NA,NA,NA,NA,25.248,0.8071,62437.6,Diesel Oil,NA,Combustion turbine,NA,NA,NA,NA,"CAIRNOX, CAIROS, NBP"
NY,Holtsville Facility,8007,U00015,CP001,2009,125,125,2157,NA,7.688,0.5002,2490.5,0.0809,14.947,0.9687,30746.3,Diesel Oil,NA,Combustion turbine,NA,"Water Injection (Began Jun 05, 2009)",NA,NA,"CAIRNOX, CAIROS, CAIRSO2, RGGI"
NY,Holtsville Facility,8007,U00015,CP001,2010,263,263,5062,NA,17.6,0.5,5701.8,0.081,18.271,0.5508,70379.2,Diesel Oil,NA,Combustion turbine,NA,Water Injection,NA,NA,"CAIRNOX, CAIROS, CAIRSO2, RGGI"
NY,Holtsville Facility,8007,U00015,CP001,2011,114,114,2128,NA,7.467,0.5001,2417.6,0.081,6.238,0.4594,29864.9,Diesel Oil,NA,Combustion turbine,NA,Water Injection,NA,NA,"CAIRNOX, CAIROS, CAIRSO2, RGGI"
NY,Holtsville Facility,8007,U00015,CP001,2012,261,261,4840,NA,16.67,0.5002,5401.4,0.081,17.841,0.5824,66667.1,Diesel Oil,NA,Combustion turbine,NA,Water Injection,NA,NA,"CAIRNOX, CAIROS, CAIRSO2, RGGI"
NY,Holtsville Facility,8007,U00015,CP001,2013,297,297,5555,NA,18.211,0.5002,5901.1,0.081,31.077,0.8681,72832.4,Diesel Oil,NA,Combustion turbine,NA,Water Injection,NA,NA,"CAIRNOX, CAIROS, CAIRSO2, RGGI"
NY,Holtsville Facility,8007,U00015,CP001,2014,62,62,1081,NA,4.472,0.5002,1448.7,0.081,6.027,0.7053,17883.2,Diesel Oil,NA,Combustion turbine,NA,Water Injection,NA,NA,"CAIRNOX, CAIROS, CAIRSO2, RGGI"
NY,Holtsville Facility,8007,U00015,CP001,2015,109,109,1697,NA,7.003,0.5003,2267.7,0.081,11.605,0.8814,28006.9,Diesel Oil,NA,Combustion turbine,NA,Water Injection,NA,NA,"CSNOX, CSNOXOS, CSSO2G1, RGGI"
NY,Holtsville Facility,8007,U00015,CP001,2016,150,150,2147,NA,9.18,0.4637,3058,0.0809,7.858,0.4802,37756.7,Diesel Oil,NA,Combustion turbine,NA,Water Injection,NA,NA,"CSNOX, CSNOXOS, CSSO2G1, RGGI"
NY,Holtsville Facility,8007,U00015,CP001,2017,50,50,727,NA,0.011,0.0018,1043.8,0.081,4.081,0.7445,12887.1,Diesel Oil,NA,Combustion turbine,NA,Water Injection,NA,NA,"CSNOX, CSOSG2, CSSO2G1, RGGI"
NY,Holtsville Facility,8007,U00015,CP001,2018,163,163,2948,NA,0.039,0.0019,3670.1,0.0809,20.265,0.8917,45299.6,Diesel Oil,NA,Combustion turbine,NA,"Water Injection (Retired Dec 12, 2018)|Dry Low NOx Burners (Began Dec 13, 2018)",NA,NA,"CSNOX, CSOSG2, CSSO2G1, RGGI"
NY,Holtsville Facility,8007,U00015,CP001,2019,117,117,1859,NA,0.012,9e-4,2623.1,0.081,7.542,0.528,32385.7,Diesel Oil,NA,Combustion turbine,NA,Dry Low NOx Burners,NA,NA,"CSNOX, CSOSG2, CSSO2G1, RGGI"
NY,Holtsville Facility,8007,U00015,CP001,2020,158,158,2789,NA,0.014,8e-4,3179.1,0.081,13.518,0.7217,39266,Diesel Oil,NA,Combustion turbine,NA,Dry Low NOx Burners,NA,NA,"CSNOX, CSOSG2, CSSO2G1, RGGI"
NY,Holtsville Facility,8007,U00015,CP001,2021,67,67,973,NA,0.004,7e-4,1036.2,0.0807,3.953,0.643,12789.4,Diesel Oil,NA,Combustion turbine,NA,Dry Low NOx Burners,NA,NA,"CSNOX, CSOSG3, CSSO2G1, RGGI"
NY,Holtsville Facility,8007,U00015,CP001,2022,71,71,914,NA,0.004,6e-4,1013,0.0811,4.487,0.7305,12499.6,Diesel Oil,NA,Combustion turbine,NA,Dry Low NOx Burners,NA,NA,"CSNOX, CSOSG3, CSSO2G1, RGGI"
NY,Holtsville Facility,8007,U00015,CP001,2023,47,47,688,NA,0.003,5e-4,640.5,0.0808,1.98,0.5402,7912.1,Diesel Oil,NA,Combustion turbine,NA,Dry Low NOx Burners,NA,NA,"CSNOX, CSOSG3, CSSO2G1, RGGI"
NY,Holtsville Facility,8007,U00015,CP001,2024,55,55,639,NA,0.003,5e-4,774,0.0808,1.836,0.3842,9560.2,Diesel Oil,NA,Combustion turbine,NA,Dry Low NOx Burners,NA,NA,"CSNOX, CSOSG2E, CSSO2G1, RGGI"
NY,Holtsville Facility,8007,U00016,NA,1999,424,424,8294,NA,NA,NA,NA,NA,43.386,0.78,111259.7,Diesel Oil,NA,Combustion turbine,NA,NA,NA,NA,OTC
NY,Holtsville Facility,8007,U00016,NA,2000,398,398,7759,NA,NA,NA,NA,NA,40.255,0.78,103214.7,Diesel Oil,NA,Combustion turbine,NA,NA,NA,NA,OTC
NY,Holtsville Facility,8007,U00016,NA,2001,582,582,11424,NA,NA,NA,NA,NA,53.588,0.6758,158618.8,Diesel Oil,NA,Combustion turbine,NA,NA,NA,NA,OTC
NY,Holtsville Facility,8007,U00016,NA,2002,614,614,10436,NA,0,0,0,0,42.875,0.6437,133140.4,Diesel Oil,NA,Combustion turbine,NA,"Water Injection (Began May 01, 2002)",NA,NA,OTC
NY,Holtsville Facility,8007,U00016,NA,2003,328,328,10851,NA,NA,NA,NA,NA,24.47,0.6468,75507.7,Diesel Oil,NA,Combustion turbine,NA,"Water Injection (Retired Apr 30, 2003)",NA,NA,NBP
NY,Holtsville Facility,8007,U00016,NA,2004,122,122,3867,NA,NA,NA,NA,NA,8.453,0.6981,24129.3,Diesel Oil,NA,Combustion turbine,NA,NA,NA,NA,NBP
NY,Holtsville Facility,8007,U00016,NA,2005,318,318,9455,NA,NA,NA,NA,NA,23.059,0.7054,65334.6,Diesel Oil,NA,Combustion turbine,NA,NA,NA,NA,NBP
NY,Holtsville Facility,8007,U00016,NA,2006,166,166,2277,NA,NA,NA,NA,NA,11.238,0.7208,31025.3,Diesel Oil,NA,Combustion turbine,NA,NA,NA,NA,NBP
NY,Holtsville Facility,8007,U00016,NA,2007,202,202,3514,NA,NA,NA,NA,NA,18.641,0.7554,49202.3,Diesel Oil,NA,Combustion turbine,NA,NA,NA,NA,NBP
NY,Holtsville Facility,8007,U00016,NA,2008,267,267,4453,NA,NA,NA,NA,NA,25.248,0.8071,62437.6,Diesel Oil,NA,Combustion turbine,NA,NA,NA,NA,"CAIRNOX, CAIROS, NBP"
NY,Holtsville Facility,8007,U00016,CP001,2009,125,125,2157,NA,7.688,0.5002,2490.5,0.0809,14.947,0.9687,30746.3,Diesel Oil,NA,Combustion turbine,NA,"Water Injection (Began Jun 05, 2009)",NA,NA,"CAIRNOX, CAIROS, CAIRSO2, RGGI"
NY,Holtsville Facility,8007,U00016,CP001,2010,263,263,5056,NA,17.579,0.5,5694.9,0.081,18.64,0.5717,70295.2,Diesel Oil,NA,Combustion turbine,NA,Water Injection,NA,NA,"CAIRNOX, CAIROS, CAIRSO2, RGGI"
NY,Holtsville Facility,8007,U00016,CP001,2011,114,114,2128,NA,7.467,0.5001,2417.6,0.081,6.342,0.4801,29864.9,Diesel Oil,NA,Combustion turbine,NA,Water Injection,NA,NA,"CAIRNOX, CAIROS, CAIRSO2, RGGI"
NY,Holtsville Facility,8007,U00016,CP001,2012,261,261,4840,NA,16.67,0.5002,5401.4,0.081,18.215,0.6004,66667.1,Diesel Oil,NA,Combustion turbine,NA,Water Injection,NA,NA,"CAIRNOX, CAIROS, CAIRSO2, RGGI"
NY,Holtsville Facility,8007,U00016,CP001,2013,297,297,5585,NA,18.308,0.5001,5932.3,0.081,31.892,0.892,73219.4,Diesel Oil,NA,Combustion turbine,NA,Water Injection,NA,NA,"CAIRNOX, CAIROS, CAIRSO2, RGGI"
NY,Holtsville Facility,8007,U00016,CP001,2014,62,62,1081,NA,4.472,0.5002,1448.7,0.081,6.893,0.8268,17883.2,Diesel Oil,NA,Combustion turbine,NA,Water Injection,NA,NA,"CAIRNOX, CAIROS, CAIRSO2, RGGI"
NY,Holtsville Facility,8007,U00016,CP001,2015,109,109,1644,NA,6.802,0.5003,2202.8,0.0811,11.453,0.9118,27203.1,Diesel Oil,NA,Combustion turbine,NA,Water Injection,NA,NA,"CSNOX, CSNOXOS, CSSO2G1, RGGI"
NY,Holtsville Facility,8007,U00016,CP001,2016,150,150,2147,NA,9.18,0.4637,3058,0.0809,8.714,0.5303,37756.7,Diesel Oil,NA,Combustion turbine,NA,Water Injection,NA,NA,"CSNOX, CSNOXOS, CSSO2G1, RGGI"
NY,Holtsville Facility,8007,U00016,CP001,2017,50,50,727,NA,0.011,0.0018,1043.8,0.081,4.164,0.739,12887.1,Diesel Oil,NA,Combustion turbine,NA,Water Injection,NA,NA,"CSNOX, CSOSG2, CSSO2G1, RGGI"
NY,Holtsville Facility,8007,U00016,CP001,2018,163,163,2965,NA,0.039,0.0019,3691.5,0.0809,20.096,0.8756,45563.9,Diesel Oil,NA,Combustion turbine,NA,"Water Injection (Retired Dec 12, 2018)|Water Injection (Began Dec 13, 2018)",NA,NA,"CSNOX, CSOSG2, CSSO2G1, RGGI"
NY,Holtsville Facility,8007,U00016,CP001,2019,117,117,1859,NA,0.012,9e-4,2623.1,0.081,6.272,0.4405,32385.7,Diesel Oil,NA,Combustion turbine,NA,Water Injection,NA,NA,"CSNOX, CSOSG2, CSSO2G1, RGGI"
NY,Holtsville Facility,8007,U00016,CP001,2020,156,156,2787,NA,0.014,8e-4,3176.9,0.081,12.492,0.6723,39238.2,Diesel Oil,NA,Combustion turbine,NA,Water Injection,NA,NA,"CSNOX, CSOSG2, CSSO2G1, RGGI"
NY,Holtsville Facility,8007,U00016,CP001,2021,67,67,973,NA,0.004,7e-4,1036.2,0.0807,3.617,0.5866,12789.4,Diesel Oil,NA,Combustion turbine,NA,Water Injection,NA,NA,"CSNOX, CSOSG3, CSSO2G1, RGGI"
NY,Holtsville Facility,8007,U00016,CP001,2022,67,67,910,NA,0.004,6e-4,1008.6,0.0811,4.458,0.751,12445.6,Diesel Oil,NA,Combustion turbine,NA,Water Injection,NA,NA,"CSNOX, CSOSG3, CSSO2G1, RGGI"
NY,Holtsville Facility,8007,U00016,CP001,2023,27,27,491,NA,0.002,5e-4,419.6,0.0811,1.137,0.505,5183.1,Diesel Oil,NA,Combustion turbine,NA,Water Injection,NA,NA,"CSNOX, CSOSG3, CSSO2G1, RGGI"
NY,Holtsville Facility,8007,U00016,CP001,2024,55,55,639,NA,0.003,5e-4,774,0.0808,1.865,0.4138,9560.2,Diesel Oil,NA,Combustion turbine,NA,Water Injection,NA,NA,"CSNOX, CSOSG2E, CSSO2G1, RGGI"
NY,Holtsville Facility,8007,U00017,NA,1999,245,245,2903,NA,NA,NA,NA,NA,14.521,0.7401,39255.3,Diesel Oil,NA,Combustion turbine,NA,NA,NA,NA,OTC
NY,Holtsville Facility,8007,U00017,NA,2000,289,289,4387,NA,NA,NA,NA,NA,20.34,0.7001,58109.5,Diesel Oil,NA,Combustion turbine,NA,NA,NA,NA,OTC
NY,Holtsville Facility,8007,U00017,NA,2001,482,482,9379,NA,NA,NA,NA,NA,44.028,0.6753,130413.7,Diesel Oil,NA,Combustion turbine,NA,NA,NA,NA,OTC
NY,Holtsville Facility,8007,U00017,NA,2002,377,377,7121,NA,0,0,0,0,34.602,0.7616,90825.8,Diesel Oil,NA,Combustion turbine,NA,"Water Injection (Began May 01, 2002)",NA,NA,OTC
NY,Holtsville Facility,8007,U00017,NA,2003,368,368,13131,NA,NA,NA,NA,NA,35.014,0.765,91342.8,Diesel Oil,NA,Combustion turbine,NA,"Water Injection (Retired Apr 30, 2003)",NA,NA,NBP
NY,Holtsville Facility,8007,U00017,NA,2004,396,396,16246,NA,NA,NA,NA,NA,46.914,0.9007,104018.7,Diesel Oil,NA,Combustion turbine,NA,NA,NA,NA,NBP
NY,Holtsville Facility,8007,U00017,NA,2005,423,423,12860,NA,NA,NA,NA,NA,40.316,0.9019,89365.2,Diesel Oil,NA,Combustion turbine,NA,NA,NA,NA,NBP
NY,Holtsville Facility,8007,U00017,NA,2006,207,207,3708,NA,NA,NA,NA,NA,23.1,0.9043,51036.6,Diesel Oil,NA,Combustion turbine,NA,NA,NA,NA,NBP
NY,Holtsville Facility,8007,U00017,NA,2007,459,459,9674,NA,NA,NA,NA,NA,61.255,0.9028,135683.8,Diesel Oil,NA,Combustion turbine,NA,NA,NA,NA,NBP
NY,Holtsville Facility,8007,U00017,NA,2008,199,199,3081,NA,NA,NA,NA,NA,19.7,0.9038,43503.1,Diesel Oil,NA,Combustion turbine,NA,NA,NA,NA,"CAIRNOX, CAIROS, NBP"
NY,Holtsville Facility,8007,U00017,CP001,2009,192,192,2944,NA,10.711,0.5002,3470.2,0.0809,20.69,0.9642,42836.4,Diesel Oil,NA,Combustion turbine,NA,"Water Injection (Began Jun 05, 2009)",NA,NA,"CAIRNOX, CAIROS, CAIRSO2, RGGI"
NY,Holtsville Facility,8007,U00017,CP001,2010,313,313,4931,NA,16.938,0.5001,5487.4,0.081,19.295,0.6093,67743.6,Diesel Oil,NA,Combustion turbine,NA,Water Injection,NA,NA,"CAIRNOX, CAIROS, CAIRSO2, RGGI"
NY,Holtsville Facility,8007,U00017,CP001,2011,146,146,2454,NA,8.612,0.5002,2788.7,0.081,8.382,0.5526,34442.6,Diesel Oil,NA,Combustion turbine,NA,Water Injection,NA,NA,"CAIRNOX, CAIROS, CAIRSO2, RGGI"
NY,Holtsville Facility,8007,U00017,CP001,2012,270,270,4551,NA,15.791,0.5002,5114.9,0.081,16.597,0.5452,63151.1,Diesel Oil,NA,Combustion turbine,NA,Water Injection,NA,NA,"CAIRNOX, CAIROS, CAIRSO2, RGGI"
NY,Holtsville Facility,8007,U00017,CP001,2013,328,328,6338,NA,21.047,0.5002,6820.2,0.0809,33.241,0.8221,84172.6,Diesel Oil,NA,Combustion turbine,NA,Water Injection,NA,NA,"CAIRNOX, CAIROS, CAIRSO2, RGGI"
NY,Holtsville Facility,8007,U00017,CP001,2014,193,193,3408,NA,12.436,0.5002,4027.8,0.0809,26.808,1.1309,49734.7,Diesel Oil,NA,Combustion turbine,NA,Water Injection,NA,NA,"CAIRNOX, CAIROS, CAIRSO2, RGGI"
NY,Holtsville Facility,8007,U00017,CP001,2015,62,62,785,NA,3.088,0.5001,1000.2,0.081,3.602,0.7871,12348.1,Diesel Oil,NA,Combustion turbine,NA,Water Injection,NA,NA,"CSNOX, CSNOXOS, CSSO2G1, RGGI"
NY,Holtsville Facility,8007,U00017,CP001,2016,98,98,1586,NA,6.715,0.4799,2249.2,0.0809,6.42,0.5232,27763.7,Diesel Oil,NA,Combustion turbine,NA,Water Injection,NA,NA,"CSNOX, CSNOXOS, CSSO2G1, RGGI"
NY,Holtsville Facility,8007,U00017,CP001,2017,36,36,603,NA,0.009,0.0021,867.7,0.0809,3.526,0.6768,10713.8,Diesel Oil,NA,Combustion turbine,NA,Water Injection,NA,NA,"CSNOX, CSOSG2, CSSO2G1, RGGI"
NY,Holtsville Facility,8007,U00017,CP001,2018,120,120,2202,NA,0.029,0.002,2699.1,0.081,12.507,0.7776,33316.1,Diesel Oil,NA,Combustion turbine,NA,"Water Injection (Retired Dec 12, 2018)|Dry Low NOx Burners (Began Dec 13, 2018)",NA,NA,"CSNOX, CSOSG2, CSSO2G1, RGGI"
NY,Holtsville Facility,8007,U00017,CP001,2019,78,78,1249,NA,0.009,9e-4,1735.1,0.081,4.451,0.4414,21420.9,Diesel Oil,NA,Combustion turbine,NA,Dry Low NOx Burners,NA,NA,"CSNOX, CSOSG2, CSSO2G1, RGGI"
NY,Holtsville Facility,8007,U00017,CP001,2020,167,167,2980,NA,0.014,8e-4,3388.1,0.081,9.312,0.511,41827.9,Diesel Oil,NA,Combustion turbine,NA,Dry Low NOx Burners,NA,NA,"CSNOX, CSOSG2, CSSO2G1, RGGI"
NY,Holtsville Facility,8007,U00017,CP001,2021,138,138,2078,NA,0.009,6e-4,2278.6,0.0807,7.19,0.5843,28127.1,Diesel Oil,NA,Combustion turbine,NA,Dry Low NOx Burners,NA,NA,"CSNOX, CSOSG3, CSSO2G1, RGGI"
NY,Holtsville Facility,8007,U00017,CP001,2022,159,159,2170,NA,0.01,6e-4,2426.6,0.0809,10.076,0.7035,29970.5,Diesel Oil,NA,Combustion turbine,NA,Dry Low NOx Burners,NA,NA,"CSNOX, CSOSG3, CSSO2G1, RGGI"
NY,Holtsville Facility,8007,U00017,CP001,2023,84,84,1671,NA,0.007,8e-4,1423.3,0.0809,4.881,0.5742,17569.2,Diesel Oil,NA,Combustion turbine,NA,Dry Low NOx Burners,NA,NA,"CSNOX, CSOSG3, CSSO2G1, RGGI"
NY,Holtsville Facility,8007,U00017,CP001,2024,68,68,908,NA,0.005,7e-4,1103.1,0.0809,3.173,0.4604,13620.5,Diesel Oil,NA,Combustion turbine,NA,Dry Low NOx Burners,NA,NA,"CSNOX, CSOSG2E, CSSO2G1, RGGI"
NY,Holtsville Facility,8007,U00018,NA,1999,245,245,2903,NA,NA,NA,NA,NA,14.521,0.7401,39255.3,Diesel Oil,NA,Combustion turbine,NA,NA,NA,NA,OTC
NY,Holtsville Facility,8007,U00018,NA,2000,289,289,4387,NA,NA,NA,NA,NA,20.34,0.7001,58109.5,Diesel Oil,NA,Combustion turbine,NA,NA,NA,NA,OTC
NY,Holtsville Facility,8007,U00018,NA,2001,482,482,9379,NA,NA,NA,NA,NA,44.028,0.6753,130413.7,Diesel Oil,NA,Combustion turbine,NA,NA,NA,NA,OTC
NY,Holtsville Facility,8007,U00018,NA,2002,377,377,7121,NA,0,0,0,0,34.602,0.7616,90825.8,Diesel Oil,NA,Combustion turbine,NA,"Water Injection (Began May 01, 2002)",NA,NA,OTC
NY,Holtsville Facility,8007,U00018,NA,2003,368,368,13131,NA,NA,NA,NA,NA,35.014,0.765,91342.8,Diesel Oil,NA,Combustion turbine,NA,"Water Injection (Retired Apr 30, 2003)",NA,NA,NBP
NY,Holtsville Facility,8007,U00018,NA,2004,396,396,16246,NA,NA,NA,NA,NA,46.914,0.9007,104018.7,Diesel Oil,NA,Combustion turbine,NA,NA,NA,NA,NBP
NY,Holtsville Facility,8007,U00018,NA,2005,423,423,12860,NA,NA,NA,NA,NA,40.316,0.9019,89365.2,Diesel Oil,NA,Combustion turbine,NA,NA,NA,NA,NBP
NY,Holtsville Facility,8007,U00018,NA,2006,207,207,3708,NA,NA,NA,NA,NA,23.1,0.9043,51036.6,Diesel Oil,NA,Combustion turbine,NA,NA,NA,NA,NBP
NY,Holtsville Facility,8007,U00018,NA,2007,459,459,9674,NA,NA,NA,NA,NA,61.255,0.9028,135683.8,Diesel Oil,NA,Combustion turbine,NA,NA,NA,NA,NBP
NY,Holtsville Facility,8007,U00018,NA,2008,199,199,3081,NA,NA,NA,NA,NA,19.7,0.9038,43503.1,Diesel Oil,NA,Combustion turbine,NA,NA,NA,NA,"CAIRNOX, CAIROS, NBP"
NY,Holtsville Facility,8007,U00018,CP001,2009,192,192,2944,NA,10.711,0.5002,3470.2,0.0809,20.69,0.9642,42836.4,Diesel Oil,NA,Combustion turbine,NA,"Water Injection (Began Jun 05, 2009)",NA,NA,"CAIRNOX, CAIROS, CAIRSO2, RGGI"
NY,Holtsville Facility,8007,U00018,CP001,2010,308,308,4924,NA,16.914,0.5001,5479.2,0.081,19.543,0.6146,67645.9,Diesel Oil,NA,Combustion turbine,NA,Water Injection,NA,NA,"CAIRNOX, CAIROS, CAIRSO2, RGGI"
NY,Holtsville Facility,8007,U00018,CP001,2011,125,125,2029,NA,7.124,0.5002,2306.6,0.081,7.329,0.5797,28489.2,Diesel Oil,NA,Combustion turbine,NA,Water Injection,NA,NA,"CAIRNOX, CAIROS, CAIRSO2, RGGI"
NY,Holtsville Facility,8007,U00018,CP001,2012,270,270,4551,NA,15.791,0.5002,5114.9,0.081,17.303,0.5621,63151.1,Diesel Oil,NA,Combustion turbine,NA,Water Injection,NA,NA,"CAIRNOX, CAIROS, CAIRSO2, RGGI"
NY,Holtsville Facility,8007,U00018,CP001,2013,304,304,6019,NA,20.083,0.5001,6507.8,0.0809,30.978,0.7993,80320.1,Diesel Oil,NA,Combustion turbine,NA,Water Injection,NA,NA,"CAIRNOX, CAIROS, CAIRSO2, RGGI"
NY,Holtsville Facility,8007,U00018,CP001,2014,193,193,3417,NA,12.473,0.5002,4039.9,0.0809,26.714,1.1107,49884.1,Diesel Oil,NA,Combustion turbine,NA,Water Injection,NA,NA,"CAIRNOX, CAIROS, CAIRSO2, RGGI"
NY,Holtsville Facility,8007,U00018,CP001,2015,62,62,788,NA,3.098,0.5001,1003.7,0.081,3.586,0.7737,12390.2,Diesel Oil,NA,Combustion turbine,NA,Water Injection,NA,NA,"CSNOX, CSNOXOS, CSSO2G1, RGGI"
NY,Holtsville Facility,8007,U00018,CP001,2016,98,98,1586,NA,6.715,0.4799,2249.2,0.0809,6.606,0.5402,27763.7,Diesel Oil,NA,Combustion turbine,NA,Water Injection,NA,NA,"CSNOX, CSNOXOS, CSSO2G1, RGGI"
NY,Holtsville Facility,8007,U00018,CP001,2017,36,36,603,NA,0.009,0.0021,867.7,0.0809,3.555,0.7215,10713.8,Diesel Oil,NA,Combustion turbine,NA,Water Injection,NA,NA,"CSNOX, CSOSG2, CSSO2G1, RGGI"
NY,Holtsville Facility,8007,U00018,CP001,2018,120,120,2196,NA,0.029,0.002,2691.5,0.0809,12.857,0.8036,33222.8,Diesel Oil,NA,Combustion turbine,NA,"Water Injection (Retired Dec 12, 2018)|Water Injection (Began Dec 13, 2018)",NA,NA,"CSNOX, CSOSG2, CSSO2G1, RGGI"
NY,Holtsville Facility,8007,U00018,CP001,2019,78,78,1249,NA,0.009,9e-4,1735.1,0.081,5.239,0.5307,21420.9,Diesel Oil,NA,Combustion turbine,NA,Water Injection,NA,NA,"CSNOX, CSOSG2, CSSO2G1, RGGI"
NY,Holtsville Facility,8007,U00018,CP001,2020,162,162,2903,NA,0.014,8e-4,3300.9,0.081,10.318,0.567,40751.8,Diesel Oil,NA,Combustion turbine,NA,Water Injection,NA,NA,"CSNOX, CSOSG2, CSSO2G1, RGGI"
NY,Holtsville Facility,8007,U00018,CP001,2021,138,138,2078,NA,0.009,6e-4,2278.6,0.0807,7.384,0.6092,28127.1,Diesel Oil,NA,Combustion turbine,NA,Water Injection,NA,NA,"CSNOX, CSOSG3, CSSO2G1, RGGI"
NY,Holtsville Facility,8007,U00018,CP001,2022,158,158,2169,NA,0.01,6e-4,2425.5,0.0809,9.871,0.675,29956.6,Diesel Oil,NA,Combustion turbine,NA,Water Injection,NA,NA,"CSNOX, CSOSG3, CSSO2G1, RGGI"
NY,Holtsville Facility,8007,U00018,CP001,2023,83,83,1670,NA,0.007,8e-4,1422.2,0.0809,4.873,0.5666,17555.3,Diesel Oil,NA,Combustion turbine,NA,Water Injection,NA,NA,"CSNOX, CSOSG3, CSSO2G1, RGGI"
NY,Holtsville Facility,8007,U00018,CP001,2024,68,68,908,NA,0.005,7e-4,1103.1,0.0809,3.173,0.4604,13620.5,Diesel Oil,NA,Combustion turbine,NA,Water Injection,NA,NA,"CSNOX, CSOSG2E, CSSO2G1, RGGI"
NY,Holtsville Facility,8007,U00019,NA,1999,573,573,11272,NA,NA,NA,NA,NA,58.957,0.78,151191.8,Diesel Oil,NA,Combustion turbine,NA,NA,NA,NA,OTC
NY,Holtsville Facility,8007,U00019,NA,2000,296,296,5193,NA,NA,NA,NA,NA,26.947,0.7806,69093.5,Diesel Oil,NA,Combustion turbine,NA,NA,NA,NA,OTC
NY,Holtsville Facility,8007,U00019,NA,2001,457,457,8771,NA,NA,NA,NA,NA,43.08,0.7071,121957.9,Diesel Oil,NA,Combustion turbine,NA,NA,NA,NA,OTC
NY,Holtsville Facility,8007,U00019,NA,2002,466,466,9251,NA,0,0,0,0,44.981,0.7615,118110.3,Diesel Oil,NA,Combustion turbine,NA,"Water Injection (Began May 01, 2002)",NA,NA,OTC
NY,Holtsville Facility,8007,U00019,NA,2003,251,251,8351,NA,NA,NA,NA,NA,22.352,0.7664,58101.1,Diesel Oil,NA,Combustion turbine,NA,"Water Injection (Retired Apr 30, 2003)",NA,NA,NBP
NY,Holtsville Facility,8007,U00019,NA,2004,457,457,17673,NA,NA,NA,NA,NA,51.452,0.9034,113750.9,Diesel Oil,NA,Combustion turbine,NA,NA,NA,NA,NBP
NY,Holtsville Facility,8007,U00019,NA,2005,524,524,19695,NA,NA,NA,NA,NA,60.321,0.9028,133656.7,Diesel Oil,NA,Combustion turbine,NA,NA,NA,NA,NBP
NY,Holtsville Facility,8007,U00019,NA,2006,172,172,2927,NA,NA,NA,NA,NA,18.287,0.9041,40380.7,Diesel Oil,NA,Combustion turbine,NA,NA,NA,NA,NBP
NY,Holtsville Facility,8007,U00019,NA,2007,186,186,3043,NA,NA,NA,NA,NA,19.854,0.9039,43892.4,Diesel Oil,NA,Combustion turbine,NA,NA,NA,NA,NBP
NY,Holtsville Facility,8007,U00019,NA,2008,232,232,3390,NA,NA,NA,NA,NA,21.677,0.9045,47811.5,Diesel Oil,NA,Combustion turbine,NA,NA,NA,NA,"CAIRNOX, CAIROS, NBP"
NY,Holtsville Facility,8007,U00019,CP001,2009,144,144,2349,NA,8.29,0.5002,2684.7,0.0808,16.073,0.9636,33151.5,Diesel Oil,NA,Combustion turbine,NA,"Water Injection (Began Jun 05, 2009)",NA,NA,"CAIRNOX, CAIROS, CAIRSO2, RGGI"
NY,Holtsville Facility,8007,U00019,CP001,2010,351,351,5858,NA,20.3,0.5001,6577,0.081,20.264,0.544,81186.1,Diesel Oil,NA,Combustion turbine,NA,Water Injection,NA,NA,"CAIRNOX, CAIROS, CAIRSO2, RGGI"
NY,Holtsville Facility,8007,U00019,CP001,2011,246,246,3998,NA,13.971,0.5002,4524.1,0.081,15.2,0.5928,55875.1,Diesel Oil,NA,Combustion turbine,NA,Water Injection,NA,NA,"CAIRNOX, CAIROS, CAIRSO2, RGGI"
NY,Holtsville Facility,8007,U00019,CP001,2012,240,240,4255,NA,14.539,0.5002,4708.3,0.081,20.473,0.7219,58147.6,Diesel Oil,NA,Combustion turbine,NA,Water Injection,NA,NA,"CAIRNOX, CAIROS, CAIRSO2, RGGI"
NY,Holtsville Facility,8007,U00019,CP001,2013,217,217,4299,NA,14.113,0.5001,4572.3,0.081,25.068,0.916,56442.6,Diesel Oil,NA,Combustion turbine,NA,Water Injection,NA,NA,"CAIRNOX, CAIROS, CAIRSO2, RGGI"
NY,Holtsville Facility,8007,U00019,CP001,2014,56,56,1036,NA,4.637,0.5002,1502.4,0.081,6.296,0.7494,18544.6,Diesel Oil,NA,Combustion turbine,NA,Water Injection,NA,NA,"CAIRNOX, CAIROS, CAIRSO2, RGGI"
NY,Holtsville Facility,8007,U00019,CP001,2015,139,139,2149,NA,9.262,0.5002,3000.5,0.0811,13.408,0.81,37041.7,Diesel Oil,NA,Combustion turbine,NA,Water Injection,NA,NA,"CSNOX, CSNOXOS, CSSO2G1, RGGI"
NY,Holtsville Facility,8007,U00019,CP001,2016,196,196,3192,NA,13.578,0.4798,4546.3,0.081,12.384,0.4936,56107.1,Diesel Oil,NA,Combustion turbine,NA,Water Injection,NA,NA,"CSNOX, CSNOXOS, CSSO2G1, RGGI"
NY,Holtsville Facility,8007,U00019,CP001,2017,99,99,1450,NA,0.022,0.0019,2078.7,0.0811,9.129,0.7718,25654.4,Diesel Oil,NA,Combustion turbine,NA,Water Injection,NA,NA,"CSNOX, CSOSG2, CSSO2G1, RGGI"
NY,Holtsville Facility,8007,U00019,CP001,2018,238,238,4031,NA,0.054,0.0019,5091.5,0.0809,25.415,0.8238,62856.3,Diesel Oil,NA,Combustion turbine,NA,"Water Injection (Retired Dec 12, 2018)|Water Injection (Began Dec 13, 2018)",NA,NA,"CSNOX, CSOSG2, CSSO2G1, RGGI"
NY,Holtsville Facility,8007,U00019,CP001,2019,70,70,1174,NA,0.009,0.0011,1632.4,0.081,4.962,0.5685,20153.6,Diesel Oil,NA,Combustion turbine,NA,Water Injection,NA,NA,"CSNOX, CSOSG2, CSSO2G1, RGGI"
NY,Holtsville Facility,8007,U00019,CP001,2020,62,62,1012,NA,0.005,8e-4,1130.2,0.0811,4.114,0.6362,13956.2,Diesel Oil,NA,Combustion turbine,NA,Water Injection,NA,NA,"CSNOX, CSOSG2, CSSO2G1, RGGI"
NY,Holtsville Facility,8007,U00019,CP001,2021,170,170,2185,NA,0.01,6e-4,2423.5,0.0807,8.119,0.6311,29910.5,Diesel Oil,NA,Combustion turbine,NA,Water Injection,NA,NA,"CSNOX, CSOSG3, CSSO2G1, RGGI"
NY,Holtsville Facility,8007,U00019,CP001,2022,236,236,3018,NA,0.014,6e-4,3353.5,0.0811,12.777,0.6438,41404.2,Diesel Oil,NA,Combustion turbine,NA,Water Injection,NA,NA,"CSNOX, CSOSG3, CSSO2G1, RGGI"
NY,Holtsville Facility,8007,U00019,CP001,2023,49,49,894,NA,0.004,8e-4,764.8,0.0808,2.782,0.5837,9449.6,Diesel Oil,NA,Combustion turbine,NA,Water Injection,NA,NA,"CSNOX, CSOSG3, CSSO2G1, RGGI"
NY,Holtsville Facility,8007,U00019,CP001,2024,65,65,771,NA,0.004,6e-4,935.4,0.0806,2.41,0.3965,11553.9,Diesel Oil,NA,Combustion turbine,NA,Water Injection,NA,NA,"CSNOX, CSOSG2E, CSSO2G1, RGGI"
NY,Holtsville Facility,8007,U00020,NA,1999,573,573,11272,NA,NA,NA,NA,NA,58.957,0.78,151191.8,Diesel Oil,NA,Combustion turbine,NA,NA,NA,NA,OTC
NY,Holtsville Facility,8007,U00020,NA,2000,296,296,5193,NA,NA,NA,NA,NA,26.947,0.7806,69093.5,Diesel Oil,NA,Combustion turbine,NA,NA,NA,NA,OTC
NY,Holtsville Facility,8007,U00020,NA,2001,457,457,8771,NA,NA,NA,NA,NA,43.08,0.7071,121957.9,Diesel Oil,NA,Combustion turbine,NA,NA,NA,NA,OTC
NY,Holtsville Facility,8007,U00020,NA,2002,466,466,9251,NA,0,0,0,0,44.981,0.7615,118110.3,Diesel Oil,NA,Combustion turbine,NA,"Water Injection (Began May 01, 2002)",NA,NA,OTC
NY,Holtsville Facility,8007,U00020,NA,2003,251,251,8351,NA,NA,NA,NA,NA,22.352,0.7664,58101.1,Diesel Oil,NA,Combustion turbine,NA,"Water Injection (Retired Apr 30, 2003)",NA,NA,NBP
NY,Holtsville Facility,8007,U00020,NA,2004,457,457,17673,NA,NA,NA,NA,NA,51.452,0.9034,113750.9,Diesel Oil,NA,Combustion turbine,NA,NA,NA,NA,NBP
NY,Holtsville Facility,8007,U00020,NA,2005,524,524,19695,NA,NA,NA,NA,NA,60.321,0.9028,133656.7,Diesel Oil,NA,Combustion turbine,NA,NA,NA,NA,NBP
NY,Holtsville Facility,8007,U00020,NA,2006,172,172,2927,NA,NA,NA,NA,NA,18.287,0.9041,40380.7,Diesel Oil,NA,Combustion turbine,NA,NA,NA,NA,NBP
NY,Holtsville Facility,8007,U00020,NA,2007,186,186,3043,NA,NA,NA,NA,NA,19.854,0.9039,43892.4,Diesel Oil,NA,Combustion turbine,NA,NA,NA,NA,NBP
NY,Holtsville Facility,8007,U00020,NA,2008,232,232,3390,NA,NA,NA,NA,NA,21.677,0.9045,47811.5,Diesel Oil,NA,Combustion turbine,NA,NA,NA,NA,"CAIRNOX, CAIROS, NBP"
NY,Holtsville Facility,8007,U00020,CP001,2009,144,144,2349,NA,8.29,0.5002,2684.7,0.0808,16.073,0.9636,33151.5,Diesel Oil,NA,Combustion turbine,NA,"Water Injection (Began Jun 05, 2009)",NA,NA,"CAIRNOX, CAIROS, CAIRSO2, RGGI"
NY,Holtsville Facility,8007,U00020,CP001,2010,346,346,5753,NA,19.932,0.5001,6458,0.081,19.679,0.5394,79717.1,Diesel Oil,NA,Combustion turbine,NA,Water Injection,NA,NA,"CAIRNOX, CAIROS, CAIRSO2, RGGI"
NY,Holtsville Facility,8007,U00020,CP001,2011,247,247,3992,NA,13.95,0.5002,4517.6,0.081,14.297,0.5627,55792,Diesel Oil,NA,Combustion turbine,NA,Water Injection,NA,NA,"CAIRNOX, CAIROS, CAIRSO2, RGGI"
NY,Holtsville Facility,8007,U00020,CP001,2012,240,240,4255,NA,14.539,0.5002,4708.3,0.081,19.698,0.693,58147.6,Diesel Oil,NA,Combustion turbine,NA,Water Injection,NA,NA,"CAIRNOX, CAIROS, CAIRSO2, RGGI"
NY,Holtsville Facility,8007,U00020,CP001,2013,217,217,4309,NA,14.145,0.5001,4582.7,0.081,21.597,0.7951,56571.6,Diesel Oil,NA,Combustion turbine,NA,Water Injection,NA,NA,"CAIRNOX, CAIROS, CAIRSO2, RGGI"
NY,Holtsville Facility,8007,U00020,CP001,2014,56,56,1036,NA,4.637,0.5002,1502.4,0.081,5.671,0.6708,18544.6,Diesel Oil,NA,Combustion turbine,NA,Water Injection,NA,NA,"CAIRNOX, CAIROS, CAIRSO2, RGGI"
NY,Holtsville Facility,8007,U00020,CP001,2015,139,139,2166,NA,9.321,0.5002,3019.5,0.081,13.453,0.8011,37276.8,Diesel Oil,NA,Combustion turbine,NA,Water Injection,NA,NA,"CSNOX, CSNOXOS, CSSO2G1, RGGI"
NY,Holtsville Facility,8007,U00020,CP001,2016,196,196,3192,NA,13.578,0.4798,4546.4,0.081,12.688,0.4934,56107.1,Diesel Oil,NA,Combustion turbine,NA,Water Injection,NA,NA,"CSNOX, CSNOXOS, CSSO2G1, RGGI"
NY,Holtsville Facility,8007,U00020,CP001,2017,99,99,1450,NA,0.022,0.0019,2078.7,0.0811,9.227,0.7736,25654.4,Diesel Oil,NA,Combustion turbine,NA,Water Injection,NA,NA,"CSNOX, CSOSG2, CSSO2G1, RGGI"
NY,Holtsville Facility,8007,U00020,CP001,2018,238,238,4058,NA,0.055,0.0019,5125.5,0.0809,25.144,0.8042,63276.1,Diesel Oil,NA,Combustion turbine,NA,"Water Injection (Retired Dec 12, 2018)|Water Injection (Began Dec 13, 2018)",NA,NA,"CSNOX, CSOSG2, CSSO2G1, RGGI"
NY,Holtsville Facility,8007,U00020,CP001,2019,70,70,1174,NA,0.009,0.0011,1632.4,0.081,5.07,0.5565,20153.6,Diesel Oil,NA,Combustion turbine,NA,Water Injection,NA,NA,"CSNOX, CSOSG2, CSSO2G1, RGGI"
NY,Holtsville Facility,8007,U00020,CP001,2020,61,61,1011,NA,0.005,8e-4,1129,0.0811,4.024,0.6013,13941.9,Diesel Oil,NA,Combustion turbine,NA,Water Injection,NA,NA,"CSNOX, CSOSG2, CSSO2G1, RGGI"
NY,Holtsville Facility,8007,U00020,CP001,2021,177,177,2192,NA,0.01,6e-4,2429.9,0.0807,8.177,0.6625,29991,Diesel Oil,NA,Combustion turbine,NA,Water Injection,NA,NA,"CSNOX, CSOSG3, CSSO2G1, RGGI"
NY,Holtsville Facility,8007,U00020,CP001,2022,237,237,3019,NA,0.014,6e-4,3354.6,0.0811,12.784,0.646,41417.7,Diesel Oil,NA,Combustion turbine,NA,Water Injection,NA,NA,"CSNOX, CSOSG3, CSSO2G1, RGGI"
NY,Holtsville Facility,8007,U00020,CP001,2023,49,49,894,NA,0.004,8e-4,764.8,0.0808,2.929,0.5967,9449.6,Diesel Oil,NA,Combustion turbine,NA,Water Injection,NA,NA,"CSNOX, CSOSG3, CSSO2G1, RGGI"
NY,Holtsville Facility,8007,U00020,CP001,2024,65,65,771,NA,0.004,6e-4,935.4,0.0806,2.881,0.4613,11553.9,Diesel Oil,NA,Combustion turbine,NA,Water Injection,NA,NA,"CSNOX, CSOSG2E, CSSO2G1, RGGI"
NY,Pouch Terminal,8053,PT01,NA,2001,52,36.27,1394.42,NA,0.004,0.001,834.922,0.0593,0.699,0.289,14050.699,Pipeline Natural Gas,NA,"Combustion turbine (Started Jul 06, 2001)",NA,Selective Catalytic Reduction,NA,NA,ARP
NY,Pouch Terminal,8053,PT01,NA,2002,1129,895.65,40080.7,NA,0.117,0.001,23230.917,0.0592,3.777,0.072,390902.177,Pipeline Natural Gas,NA,Combustion turbine,NA,Selective Catalytic Reduction,NA,NA,ARP
NY,Pouch Terminal,8053,PT01,NA,2003,859,761.47,35254.09,NA,0.102,0.001,20133.808,0.0592,1.856,0.015,338806.128,Pipeline Natural Gas,NA,Combustion turbine,NA,Selective Catalytic Reduction,NA,NA,"ARP, NBP"
NY,Pouch Terminal,8053,PT01,NA,2004,1908,1640.72,77045.62,NA,0.222,0.001,43981.787,0.0592,3.982,0.02,740076.173,Pipeline Natural Gas,NA,Combustion turbine,NA,Selective Catalytic Reduction,NA,NA,"ARP, NBP"
NY,Pouch Terminal,8053,PT01,NA,2005,1704,1411.71,65773.34,NA,0.186,0.001,36925.667,0.0592,2.684,0.0178,621336.075,Pipeline Natural Gas,NA,Combustion turbine,NA,Selective Catalytic Reduction,NA,NA,"ARP, NBP"
NY,Pouch Terminal,8053,PT01,NA,2006,1812,1474,69175.28,NA,0.201,0.001,39725.944,0.0592,3.028,0.0162,668457.311,Pipeline Natural Gas,NA,Combustion turbine,NA,Selective Catalytic Reduction,NA,NA,"ARP, NBP"
NY,Pouch Terminal,8053,PT01,NA,2007,3908,3292.14,155585.47,NA,0.452,0.001,89585.27,0.0592,6.755,0.0152,1507446.974,Pipeline Natural Gas,NA,Combustion turbine,NA,Selective Catalytic Reduction,NA,NA,"ARP, NBP"
NY,Pouch Terminal,8053,PT01,NA,2008,3157,2642.9,124089.82,NA,0.368,0.001,72825.076,0.0592,5.759,0.0174,1225447.285,Pipeline Natural Gas,NA,Combustion turbine,NA,Selective Catalytic Reduction,NA,NA,"ARP, CAIRNOX, CAIROS, NBP"
NY,Pouch Terminal,8053,PT01,NA,2009,1746,1386.2,63811.21,NA,0.178,0.001,35305.741,0.0592,2.787,0.0206,594089.105,Pipeline Natural Gas,NA,Combustion turbine,NA,Selective Catalytic Reduction,NA,NA,"ARP, CAIRNOX, CAIROS, CAIRSO2, RGGI"
NY,Pouch Terminal,8053,PT01,NA,2010,2392,1996.72,91979.7,NA,0.256,0.001,50786.581,0.0592,4.109,0.0186,854611.478,Pipeline Natural Gas,NA,Combustion turbine,NA,Selective Catalytic Reduction,NA,NA,"ARP, CAIRNOX, CAIROS, CAIRSO2, RGGI"
NY,Pouch Terminal,8053,PT01,NA,2011,3079,2575.18,116668.32,NA,0.329,0.001,65222.701,0.0592,5.873,0.0211,1097502.618,Pipeline Natural Gas,NA,Combustion turbine,NA,Selective Catalytic Reduction,NA,NA,"ARP, CAIRNOX, CAIROS, CAIRSO2, RGGI"
NY,Pouch Terminal,8053,PT01,NA,2012,2722,2273.52,102124.96,NA,0.291,0.001,57549.692,0.0592,5.039,0.0225,968415.133,Pipeline Natural Gas,NA,Combustion turbine,NA,Selective Catalytic Reduction,NA,NA,"ARP, CAIRNOX, CAIROS, CAIRSO2, RGGI"
NY,Pouch Terminal,8053,PT01,NA,2013,2887,2481.9,114326.86,NA,0.317,0.001,62724.412,0.0592,5.531,0.0195,1055489.848,Pipeline Natural Gas,NA,Combustion turbine,NA,Selective Catalytic Reduction,NA,NA,"ARP, CAIRNOX, CAIROS, CAIRSO2, RGGI"
NY,Pouch Terminal,8053,PT01,NA,2014,1269,1017.13,45798.8,NA,0.128,0.001,25370.202,0.0592,2.39,0.0289,426895.864,Pipeline Natural Gas,NA,Combustion turbine,NA,Selective Catalytic Reduction,NA,NA,"ARP, CAIRNOX, CAIROS, CAIRSO2, RGGI"
NY,Pouch Terminal,8053,PT01,NA,2015,1712,1445.72,66882.23,NA,0.194,0.001,38503.292,0.0592,3.47,0.0223,647866.811,Pipeline Natural Gas,NA,Combustion turbine,NA,Selective Catalytic Reduction,NA,NA,"ARP, CSNOX, CSNOXOS, CSSO2G1, RGGI"
NY,Pouch Terminal,8053,PT01,NA,2016,1808,1526.37,70234.57,NA,0.208,0.001,41291.268,0.0592,3.556,0.0169,694763.617,Pipeline Natural Gas,NA,Combustion turbine,NA,Selective Catalytic Reduction,NA,NA,"ARP, CSNOX, CSNOXOS, CSSO2G1, RGGI"
NY,Pouch Terminal,8053,PT01,NA,2017,1325,1102.94,48237.53,NA,0.145,0.001,28713.951,0.0592,2.43,0.0163,483159.99,Pipeline Natural Gas,NA,Combustion turbine,NA,Selective Catalytic Reduction,NA,NA,"ARP, CSNOX, CSOSG2, CSSO2G1, RGGI"
NY,Pouch Terminal,8053,PT01,NA,2018,1654,1404.48,63783.29,NA,0.194,0.001,38413.173,0.0592,2.999,0.0126,646403.727,Pipeline Natural Gas,NA,Combustion turbine,NA,Selective Catalytic Reduction,NA,NA,"ARP, CSNOX, CSOSG2, CSSO2G1, RGGI"
NY,Pouch Terminal,8053,PT01,NA,2019,1383,1173.05,52945.52,NA,0.161,0.001,31967.695,0.0592,2.603,0.0152,537918.905,Pipeline Natural Gas,NA,Combustion turbine,NA,Selective Catalytic Reduction,NA,NA,"ARP, CSNOX, CSOSG2, CSSO2G1, RGGI"
NY,Pouch Terminal,8053,PT01,NA,2020,1735,1435.04,65181.13,NA,0.197,0.001,39045.315,0.0593,3.468,0.0186,656805.624,Pipeline Natural Gas,NA,Combustion turbine,NA,Selective Catalytic Reduction,NA,NA,"ARP, CSNOX, CSOSG2, CSSO2G1, RGGI"
NY,Pouch Terminal,8053,PT01,NA,2021,1604,1332.95,61228.9,NA,0.185,0.001,36703.633,0.0592,3.473,0.0189,617621.913,Pipeline Natural Gas,NA,Combustion turbine,NA,Selective Catalytic Reduction,NA,NA,"ARP, CSNOX, CSOSG3, CSSO2G1, RGGI"
NY,Pouch Terminal,8053,PT01,NA,2022,1748,1429.25,64984.39,NA,0.195,0.001,38639.138,0.0592,3.572,0.0216,650178.852,Pipeline Natural Gas,NA,Combustion turbine,NA,Selective Catalytic Reduction,NA,NA,"ARP, CSNOX, CSOSG3, CSSO2G1, RGGI"
NY,Pouch Terminal,8053,PT01,NA,2023,1263,1016.87,46281.09,NA,0.138,0.001,27238.158,0.0592,2.514,0.0212,458332.107,Pipeline Natural Gas,NA,Combustion turbine,NA,Selective Catalytic Reduction,NA,NA,"ARP, CSNOX, CSOSG3, CSSO2G1, RGGI"
NY,Pouch Terminal,8053,PT01,NA,2024,2173,1820.35,81770.53,NA,0.24,0.001,47603.939,0.0592,4.006,0.0203,801031,Pipeline Natural Gas,NA,Combustion turbine,NA,Selective Catalytic Reduction,NA,NA,"ARP, CSNOX, CSOSG2E, CSSO2G1, RGGI"
NY,Astoria Generating Station,8906,20,NA,2000,165,158.25,10568,NA,0.085,0.001,16821.975,0.059,19.805,0.14,282951,Pipeline Natural Gas,NA,Dry bottom wall-fired boiler,NA,NA,NA,NA,"ARP, OTC"
NY,Astoria Generating Station,8906,20,NA,2001,464,463.5,30859.75,NA,0.121,0.0011,23898.225,0.0594,32.009,0.1324,402181.8,Pipeline Natural Gas,NA,Dry bottom wall-fired boiler,NA,NA,NA,NA,"ARP, OTC"
NY,Astoria Generating Station,8906,20,NA,2002,808,807,70880,NA,0.265,0.001,52574.35,0.0591,77.811,0.1492,884668.925,Pipeline Natural Gas,NA,Dry bottom wall-fired boiler,NA,NA,NA,NA,"ARP, OTC"
NY,Astoria Generating Station,8906,20,NA,2003,836,834,68034.25,NA,0.252,0.001,49870.525,0.059,59.238,0.1274,839145.875,Pipeline Natural Gas,NA,Dry bottom wall-fired boiler,NA,NA,NA,NA,"ARP, NBP"
NY,Astoria Generating Station,8906,20,NA,2004,654,653.25,54553.75,NA,0.201,0.001,39895.325,0.0591,56.547,0.1434,671296.125,Pipeline Natural Gas,NA,Dry bottom wall-fired boiler,NA,NA,NA,NA,"ARP, NBP"
NY,Astoria Generating Station,8906,20,NA,2005,847,846.75,103834.25,NA,0.36,0.001,71310.125,0.0591,83.199,0.1261,1199947.575,Pipeline Natural Gas,NA,Dry bottom wall-fired boiler,NA,NA,NA,NA,"ARP, NBP"
NY,Astoria Generating Station,8906,20,NA,2006,393,390.59,33296.01,NA,0.142,0.001,28188.393,0.059,40.151,0.1674,474340.668,Pipeline Natural Gas,NA,Dry bottom wall-fired boiler,NA,NA,NA,NA,"ARP, NBP"
NY,Astoria Generating Station,8906,20,NA,2007,270,263.72,17922.95,NA,0.076,0.001,15147.332,0.0591,23.917,0.162,254891.231,Pipeline Natural Gas,NA,Dry bottom wall-fired boiler,NA,NA,NA,NA,"ARP, NBP"
NY,Astoria Generating Station,8906,20,NA,2008,546,536,36565.29,NA,0.16,0.001,31700.582,0.0591,44.139,0.155,533422.192,Pipeline Natural Gas,NA,Dry bottom wall-fired boiler,NA,NA,NA,NA,"ARP, CAIRNOX, CAIROS, NBP"
NY,Astoria Generating Station,8906,20,NA,2009,158,153.74,9702.67,NA,0.044,0.001,8618.939,0.0591,11.927,0.1331,145039.687,Pipeline Natural Gas,NA,Dry bottom wall-fired boiler,NA,NA,NA,NA,"ARP, CAIRNOX, CAIROS, CAIRSO2, RGGI"
NY,Astoria Generating Station,8906,20,NA,2010,647,625.45,45946.83,NA,0.19,0.001,37564.805,0.0591,50.705,0.1307,632101.319,Pipeline Natural Gas,NA,Dry bottom wall-fired boiler,NA,NA,NA,NA,"ARP, CAIRNOX, CAIROS, CAIRSO2, RGGI"
NY,Astoria Generating Station,8906,20,NA,2011,179,175.06,11148.98,NA,0.047,0.001,9375.244,0.0591,12.232,0.1229,157755.752,Pipeline Natural Gas,NA,Dry bottom wall-fired boiler,NA,NA,NA,NA,"ARP, CAIRNOX, CAIROS, CAIRSO2, RGGI"
NY,Astoria Generating Station,8906,20,NA,2012,0,0,NA,NA,NA,NA,NA,NA,NA,NA,NA,Pipeline Natural Gas,NA,Dry bottom wall-fired boiler,NA,NA,NA,NA,"ARP, CAIRNOX, CAIROS, CAIRSO2, RGGI"
NY,Astoria Generating Station,8906,20,NA,2013,0,0,NA,NA,NA,NA,NA,NA,NA,NA,NA,Pipeline Natural Gas,NA,Dry bottom wall-fired boiler,NA,NA,NA,NA,"ARP, CAIRNOX, CAIROS, CAIRSO2, RGGI"
NY,Astoria Generating Station,8906,20,NA,2014,111,102.35,2176.18,NA,0.012,0.001,2344.704,0.0594,5.297,0.1998,39450.001,Pipeline Natural Gas,NA,Dry bottom wall-fired boiler,NA,NA,NA,NA,"ARP, CAIRNOX, CAIROS, CAIRSO2, RGGI"
NY,Astoria Generating Station,8906,20,NA,2015,169,163.07,9892.19,NA,0.039,0.001,7702.623,0.0591,11.491,0.1535,129614.294,Pipeline Natural Gas,NA,Dry bottom wall-fired boiler,NA,NA,NA,NA,"ARP, CSNOX, CSNOXOS, CSSO2G1, RGGI"
NY,Astoria Generating Station,8906,20,NA,2016,128,123.65,7176.51,NA,0.028,0.001,5641.342,0.0591,3.61,0.0686,94924.779,Pipeline Natural Gas,NA,Dry bottom wall-fired boiler,NA,NA,NA,NA,"ARP, CSNOX, CSNOXOS, CSSO2G1, RGGI"
NY,Astoria Generating Station,8906,20,NA,2017,132,125.99,6687.8,NA,0.027,0.001,5329.463,0.0592,4.117,0.0784,89681.821,Pipeline Natural Gas,NA,Dry bottom wall-fired boiler,NA,NA,NA,NA,"ARP, CSNOX, CSOSG2, CSSO2G1, RGGI"
NY,Astoria Generating Station,8906,20,NA,2018,259,249.75,15047.14,NA,0.06,0.001,11831.715,0.0591,8.691,0.0836,199081.026,Pipeline Natural Gas,NA,Dry bottom wall-fired boiler,NA,NA,NA,NA,"ARP, CSNOX, CSOSG2, CSSO2G1, RGGI"
NY,Astoria Generating Station,8906,20,NA,2019,129,128.17,7370.61,NA,0.029,0.001,5789.169,0.0595,3.852,0.072,97407.987,Pipeline Natural Gas,NA,Dry bottom wall-fired boiler,NA,NA,NA,NA,"ARP, CSNOX, CSOSG2, CSSO2G1, RGGI"
NY,Astoria Generating Station,8906,20,NA,2020,90,86.36,5307.58,NA,0.021,0.001,4074.78,0.0653,2.614,0.0718,68562.124,Pipeline Natural Gas,NA,Dry bottom wall-fired boiler,NA,NA,NA,NA,"ARP, CSNOX, CSOSG2, CSSO2G1, RGGI"
NY,Astoria Generating Station,8906,20,NA,2021,171,167.89,9415.03,NA,0.038,0.001,7524.625,0.0591,4.237,0.064,126617.179,Pipeline Natural Gas,NA,Dry bottom wall-fired boiler,NA,NA,NA,NA,"ARP, CSNOX, CSOSG3, CSSO2G1, RGGI"
NY,Astoria Generating Station,8906,20,NA,2022,192,186.64,12540.66,NA,0.049,0.001,9690.918,0.0591,5.422,0.0623,163061.72,Pipeline Natural Gas,NA,Dry bottom wall-fired boiler,NA,NA,NA,NA,"ARP, CSNOX, CSOSG3, CSSO2G1, RGGI"
NY,Astoria Generating Station,8906,20,NA,2023,294,274.96,13035.08,NA,0.054,0.001,10724.985,0.0594,6.255,0.0604,180476.075,Pipeline Natural Gas,NA,Dry bottom wall-fired boiler,NA,NA,NA,NA,"ARP, CSNOX, CSOSG3, CSSO2G1, RGGI"
NY,Astoria Generating Station,8906,20,NA,2024,250,239.14,7918.55,NA,0.037,0.001,7345.613,0.0595,6.404,0.0794,123606.491,Pipeline Natural Gas,NA,Dry bottom wall-fired boiler,NA,NA,NA,NA,"ARP, CSNOX, CSOSG2E, CSSO2G1, RGGI"
NY,Astoria Generating Station,8906,30,"MS31, MS32",1995,NA,NA,NA,NA,622,NA,4723612,NA,4268,NA,18064058,NA,NA,Dry bottom wall-fired boiler,NA,NA,NA,NA,ARP
NY,Astoria Generating Station,8906,30,"MS31, MS32",1996,NA,NA,NA,NA,466,NA,2124278,NA,709,NA,5749439,NA,NA,Dry bottom wall-fired boiler,NA,NA,NA,NA,ARP
NY,Astoria Generating Station,8906,30,"MS31, MS32",1997,4711,4699.75,944750.75,NA,214.723,0.0434,628859.6,0.0621,951.98,0.1908,10143926.5,NA,NA,Dry bottom wall-fired boiler,NA,NA,NA,NA,ARP
NY,Astoria Generating Station,8906,30,"MS31, MS32",1998,7419,7410,1659212.75,NA,410.041,0.0455,1200585.6,0.063,1803.51,0.1871,19135297.9,NA,NA,Dry bottom wall-fired boiler,NA,NA,NA,NA,ARP
NY,Astoria Generating Station,8906,30,"MS31, MS32",1999,7500,7480.25,1627119.75,NA,441.929,0.0527,1103521.6,0.0632,1992.265,0.2291,17515771.3,Residual Oil,Pipeline Natural Gas,Dry bottom wall-fired boiler,NA,NA,NA,NA,"ARP, OTC"
NY,Astoria Generating Station,8906,30,"MS31, MS32",2000,7622,7602,1491862.75,NA,464.119,0.0611,922157,0.0639,1561.726,0.1993,14347920.3,Residual Oil,Pipeline Natural Gas,Dry bottom wall-fired boiler,NA,NA,NA,NA,"ARP, OTC"
NY,Astoria Generating Station,8906,30,"MS31, MS32",2001,6594,6577,1234619,NA,879.681,0.1256,1018415.275,0.0702,1491.199,0.1992,14623895.575,Residual Oil,Pipeline Natural Gas,Dry bottom wall-fired boiler,NA,NA,NA,NA,"ARP, OTC"
NY,Astoria Generating Station,8906,30,"MS31, MS32",2002,6768,6754.25,1205483.5,NA,519.57,0.0763,887646.075,0.0655,1078.409,0.1512,13558114.725,Residual Oil,Pipeline Natural Gas,Dry bottom wall-fired boiler,NA,NA,NA,NA,"ARP, OTC"
NY,Astoria Generating Station,8906,30,"MS31, MS32",2003,7417,7410.5,1248606.75,NA,721.897,0.1268,785388.9,0.0698,1112.656,0.1866,11238679.775,Residual Oil,Pipeline Natural Gas,Dry bottom wall-fired boiler,NA,NA,NA,NA,"ARP, NBP"
NY,Astoria Generating Station,8906,30,"MS31, MS32",2004,8181,8177,1432298,NA,711.044,0.0952,1072746.325,0.0682,1419.954,0.1696,15886158.225,Residual Oil,Pipeline Natural Gas,Dry bottom wall-fired boiler,NA,NA,NA,NA,"ARP, NBP"
NY,Astoria Generating Station,8906,30,"MS31, MS32",2005,6118,6108.53,1466336.12,NA,959.175,0.1207,1085608.202,0.0693,1497.916,0.1852,15662858.622,Residual Oil,Pipeline Natural Gas,Dry bottom wall-fired boiler,NA,NA,NA,NA,"ARP, NBP"
NY,Astoria Generating Station,8906,30,"MS31, MS32",2006,3549,3534.47,437818.03,NA,221.108,0.0704,344718.856,0.0642,412.125,0.1347,5287997.131,Residual Oil,Pipeline Natural Gas,Dry bottom wall-fired boiler,NA,NA,NA,NA,"ARP, NBP"
NY,Astoria Generating Station,8906,30,"MS31, MS32",2007,6597,6583.71,758765.05,NA,369.779,0.0661,611801.618,0.0636,628.391,0.1122,9466379.228,Residual Oil,Pipeline Natural Gas,Dry bottom wall-fired boiler,NA,NA,NA,NA,"ARP, NBP"
NY,Astoria Generating Station,8906,30,"MS31, MS32",2008,7708,7698.46,833001.19,NA,196.065,0.0359,614956.527,0.0616,446.466,0.0817,9895371.398,Residual Oil,Pipeline Natural Gas,Dry bottom wall-fired boiler,NA,NA,NA,NA,"ARP, CAIRNOX, CAIROS, NBP"
NY,Astoria Generating Station,8906,31RH,CP30,2009,5340,5329.26,573393.59,NA,60.234,0.0289,209295.153,0.0611,163.996,0.087,3383074.677,Residual Oil,Pipeline Natural Gas,Dry bottom wall-fired boiler,NA,NA,NA,NA,"ARP, CAIRNOX, CAIROS, CAIRSO2, RGGI"
NY,Astoria Generating Station,8906,31RH,CP30,2010,6310,6300.66,777923.06,NA,35.168,0.0124,272530.904,0.0599,202.217,0.0764,4506592.244,Residual Oil,Pipeline Natural Gas,Dry bottom wall-fired boiler,NA,NA,NA,NA,"ARP, CAIRNOX, CAIROS, CAIRSO2, RGGI"
NY,Astoria Generating Station,8906,31RH,CP30,2011,5898,5873.53,673467.03,NA,11.716,0.0053,249784.401,0.0594,148.775,0.0598,4178581.742,Pipeline Natural Gas,Residual Oil,Dry bottom wall-fired boiler,NA,NA,NA,NA,"ARP, CAIRNOX, CAIROS, CAIRSO2, RGGI"
NY,Astoria Generating Station,8906,31RH,CP30,2012,4125,4107.75,552481.94,NA,5.884,0.0034,197765.736,0.0592,125.324,0.0656,3316347.891,Pipeline Natural Gas,Residual Oil,Dry bottom wall-fired boiler,NA,NA,NA,NA,"ARP, CAIRNOX, CAIROS, CAIRSO2, RGGI"
NY,Astoria Generating Station,8906,31RH,CP30,2013,3692,3665.3,417471.61,NA,17.638,0.0085,153155.63,0.0596,91.822,0.0582,2537595.272,Pipeline Natural Gas,Residual Oil,Dry bottom wall-fired boiler,NA,NA,NA,NA,"ARP, CAIRNOX, CAIROS, CAIRSO2, RGGI"
NY,Astoria Generating Station,8906,31RH,CP30,2014,1670,1639.81,194037.62,NA,1.206,0.0018,70273.745,0.0591,35.54,0.05,1180496.471,Pipeline Natural Gas,Residual Oil,Dry bottom wall-fired boiler,NA,NA,NA,NA,"ARP, CAIRNOX, CAIROS, CAIRSO2, RGGI"
NY,Astoria Generating Station,8906,31RH,CP30,2015,3959,3943.35,442356.05,NA,32.894,0.0215,163897.193,0.0605,99.441,0.0645,2682841.691,Pipeline Natural Gas,Residual Oil,Dry bottom wall-fired boiler,NA,NA,NA,NA,"ARP, CSNOX, CSNOXOS, CSSO2G1, RGGI"
NY,Astoria Generating Station,8906,31RH,CP30,2016,2629,2617.74,363542.31,NA,3.154,0.0029,125144.352,0.0592,57.878,0.0485,2099913.676,Pipeline Natural Gas,Residual Oil,Dry bottom wall-fired boiler,NA,NA,NA,NA,"ARP, CSNOX, CSNOXOS, CSSO2G1, RGGI"
NY,Astoria Generating Station,8906,31RH,CP30,2017,2862,2850.64,307068.26,NA,1.474,0.0022,106494.67,0.0591,45.592,0.0455,1789786.472,Pipeline Natural Gas,Residual Oil,Dry bottom wall-fired boiler,NA,NA,NA,NA,"ARP, CSNOX, CSOSG2, CSSO2G1, RGGI"
NY,Astoria Generating Station,8906,31RH,CP30,2018,2980,2957.12,338548.21,NA,4.405,0.0036,115328.594,0.0593,52.264,0.046,1931679.506,Pipeline Natural Gas,Residual Oil,Dry bottom wall-fired boiler,NA,NA,NA,NA,"ARP, CSNOX, CSOSG2, CSSO2G1, RGGI"
NY,Astoria Generating Station,8906,31RH,CP30,2019,4267,4251.43,436522.97,NA,5.694,0.0051,152785.453,0.0593,57.95,0.0421,2559387.021,Pipeline Natural Gas,Residual Oil,Dry bottom wall-fired boiler,NA,NA,NA,NA,"ARP, CSNOX, CSOSG2, CSSO2G1, RGGI"
NY,Astoria Generating Station,8906,31RH,CP30,2020,2463,2452.39,224143.75,NA,1.199,0.0023,79367.924,0.0591,26.657,0.0379,1333653.912,Pipeline Natural Gas,Residual Oil,Dry bottom wall-fired boiler,NA,NA,NA,NA,"ARP, CSNOX, CSOSG2, CSSO2G1, RGGI"
NY,Astoria Generating Station,8906,31RH,CP30,2021,2596,2588.91,274069.26,NA,0.938,0.0017,96127.557,0.0591,35.154,0.0402,1616464.755,Pipeline Natural Gas,Residual Oil,Dry bottom wall-fired boiler,NA,NA,NA,NA,"ARP, CSNOX, CSOSG3, CSSO2G1, RGGI"
NY,Astoria Generating Station,8906,31RH,CP30,2022,4005,3993,431769.04,NA,0.768,0.001,147539.628,0.0595,54.155,0.041,2458204.467,Pipeline Natural Gas,Diesel Oil,Dry bottom wall-fired boiler,NA,NA,NA,NA,"ARP, CSNOX, CSOSG3, CSSO2G1, RGGI"
NY,Astoria Generating Station,8906,31RH,CP30,2023,3283,3262.57,377629.85,NA,0.688,0.001,128537.199,0.0595,52.381,0.0433,2122308.128,Pipeline Natural Gas,Diesel Oil,Dry bottom wall-fired boiler,NA,NA,NA,NA,"ARP, CSNOX, CSOSG3, CSSO2G1, RGGI"
NY,Astoria Generating Station,8906,31RH,CP30,2024,4325,4289.25,493278.47,NA,0.833,0.001,164806.358,0.059,68.522,0.0462,2772583.446,Pipeline Natural Gas,Diesel Oil,Dry bottom wall-fired boiler,NA,NA,NA,NA,"ARP, CSNOX, CSOSG2E, CSSO2G1, RGGI"
NY,Astoria Generating Station,8906,32SH,CP30,2009,5340,5329.06,573390.39,NA,57.516,0.0289,186926.819,0.0611,148.679,0.0853,3012789.63,Residual Oil,Pipeline Natural Gas,Dry bottom wall-fired boiler,NA,NA,NA,NA,"ARP, CAIRNOX, CAIROS, CAIRSO2, RGGI"
NY,Astoria Generating Station,8906,32SH,CP30,2010,6310,6301.44,777969.75,NA,32.389,0.0124,245008.36,0.0599,192.461,0.0762,4049671.446,Residual Oil,Pipeline Natural Gas,Dry bottom wall-fired boiler,NA,NA,NA,NA,"ARP, CAIRNOX, CAIROS, CAIRSO2, RGGI"
NY,Astoria Generating Station,8906,32SH,CP30,2011,5901,5868.49,673461.99,NA,11.141,0.0053,223857.799,0.0594,143.218,0.0616,3743348.833,Pipeline Natural Gas,Residual Oil,Dry bottom wall-fired boiler,NA,NA,NA,NA,"ARP, CAIRNOX, CAIROS, CAIRSO2, RGGI"
NY,Astoria Generating Station,8906,32SH,CP30,2012,4125,4107.5,552477.6,NA,5.405,0.0034,177151.029,0.0592,117.027,0.0643,2970344.823,Pipeline Natural Gas,Residual Oil,Dry bottom wall-fired boiler,NA,NA,NA,NA,"ARP, CAIRNOX, CAIROS, CAIRSO2, RGGI"
NY,Astoria Generating Station,8906,32SH,CP30,2013,3692,3665.14,417469.77,NA,17.235,0.0085,143413.772,0.0596,80.333,0.053900000000000003,2374497.005,Pipeline Natural Gas,Residual Oil,Dry bottom wall-fired boiler,NA,NA,NA,NA,"ARP, CAIRNOX, CAIROS, CAIRSO2, RGGI"
NY,Astoria Generating Station,8906,32SH,CP30,2014,1670,1640.63,194056.1,NA,1.155,0.0018,67223.578,0.0591,31.814,0.0467,1129254.105,Pipeline Natural Gas,Residual Oil,Dry bottom wall-fired boiler,NA,NA,NA,NA,"ARP, CAIRNOX, CAIROS, CAIRSO2, RGGI"
NY,Astoria Generating Station,8906,32SH,CP30,2015,3959,3942.05,442286.92,NA,32.673,0.0215,155321.886,0.0605,84.526,0.057,2538962.003,Pipeline Natural Gas,Residual Oil,Dry bottom wall-fired boiler,NA,NA,NA,NA,"ARP, CSNOX, CSNOXOS, CSSO2G1, RGGI"
NY,Astoria Generating Station,8906,32SH,CP30,2016,2629,2617.67,363542.24,NA,3.047,0.0029,118837.024,0.0592,52.109,0.0469,1993954.075,Pipeline Natural Gas,Residual Oil,Dry bottom wall-fired boiler,NA,NA,NA,NA,"ARP, CSNOX, CSNOXOS, CSSO2G1, RGGI"
NY,Astoria Generating Station,8906,32SH,CP30,2017,2862,2850.64,307068.26,NA,1.472,0.0022,101622.461,0.0591,45.04,0.0484,1707747.395,Pipeline Natural Gas,Residual Oil,Dry bottom wall-fired boiler,NA,NA,NA,NA,"ARP, CSNOX, CSOSG2, CSSO2G1, RGGI"
NY,Astoria Generating Station,8906,32SH,CP30,2018,2980,2957,338545.06,NA,4.297,0.0036,110550.079,0.0593,50.942,0.049,1851467.946,Pipeline Natural Gas,Residual Oil,Dry bottom wall-fired boiler,NA,NA,NA,NA,"ARP, CSNOX, CSOSG2, CSSO2G1, RGGI"
NY,Astoria Generating Station,8906,32SH,CP30,2019,4267,4252.37,436527.55,NA,5.309,0.0051,145494.25,0.0593,59.984,0.0475,2437511.01,Pipeline Natural Gas,Residual Oil,Dry bottom wall-fired boiler,NA,NA,NA,NA,"ARP, CSNOX, CSOSG2, CSSO2G1, RGGI"
NY,Astoria Generating Station,8906,32SH,CP30,2020,2463,2452.24,224132,NA,1.188,0.0023,75398.125,0.0591,26.567,0.0409,1266831.735,Pipeline Natural Gas,Residual Oil,Dry bottom wall-fired boiler,NA,NA,NA,NA,"ARP, CSNOX, CSOSG2, CSSO2G1, RGGI"
NY,Astoria Generating Station,8906,32SH,CP30,2021,2596,2587.07,273857.37,NA,0.993,0.0017,91103.127,0.0591,35.178,0.0434,1531729.497,Pipeline Natural Gas,Residual Oil,Dry bottom wall-fired boiler,NA,NA,NA,NA,"ARP, CSNOX, CSOSG3, CSSO2G1, RGGI"
NY,Astoria Generating Station,8906,32SH,CP30,2022,4005,3992.91,431762.95,NA,0.737,0.001,141208.382,0.0595,56.664,0.045,2351534.293,Pipeline Natural Gas,Diesel Oil,Dry bottom wall-fired boiler,NA,NA,NA,NA,"ARP, CSNOX, CSOSG3, CSSO2G1, RGGI"
NY,Astoria Generating Station,8906,32SH,CP30,2023,3282,3262.27,377599.15,NA,0.66,0.001,123102.003,0.0595,51.211,0.0453,2032043.088,Pipeline Natural Gas,Diesel Oil,Dry bottom wall-fired boiler,NA,NA,NA,NA,"ARP, CSNOX, CSOSG3, CSSO2G1, RGGI"
NY,Astoria Generating Station,8906,32SH,CP30,2024,4325,4289.12,493275.52,NA,0.794,0.001,157183.721,0.059,63.341,0.0455,2644352.535,Pipeline Natural Gas,Diesel Oil,Dry bottom wall-fired boiler,NA,NA,NA,NA,"ARP, CSNOX, CSOSG2E, CSSO2G1, RGGI"
NY,Astoria Generating Station,8906,40,"MS41, MS42",1995,NA,NA,NA,NA,559,NA,1153187,NA,751,NA,16935807,NA,NA,Tangentially-fired,NA,NA,NA,NA,ARP
NY,Astoria Generating Station,8906,40,"MS41, MS42",1996,NA,NA,NA,NA,987.9,NA,1243361,NA,1464,NA,18159357,NA,NA,Tangentially-fired,NA,NA,NA,NA,ARP
NY,Astoria Generating Station,8906,40,"MS41, MS42",1997,7454,7446.75,1602323.5,NA,762.353,0.0859,1165497.6,0.0657,1444.299,0.166,17722330.8,NA,NA,Tangentially-fired,NA,NA,NA,NA,ARP
NY,Astoria Generating Station,8906,40,"MS41, MS42",1998,5889,5876.75,1327566.25,NA,581.422,0.071,1039474.9,0.0659,1266.182,0.1611,15766692.2,NA,NA,Tangentially-fired,NA,NA,NA,NA,ARP
NY,Astoria Generating Station,8906,40,"MS41, MS42",1999,6453,6045.25,1441435,NA,622.751,0.0633,1218303.5,0.0644,1260.322,0.1341,18917273.4,Residual Oil,Pipeline Natural Gas,Tangentially-fired,NA,NA,NA,NA,"ARP, OTC"
NY,Astoria Generating Station,8906,40,"MS41, MS42",2000,4494,4474.25,940040.25,NA,399.363,0.0615,800804.8,0.0642,904.026,0.1254,12427105.6,Residual Oil,Pipeline Natural Gas,Tangentially-fired,NA,NA,NA,NA,"ARP, OTC"
NY,Astoria Generating Station,8906,40,"MS41, MS42",2001,4921,4903.5,1130198,NA,852.188,0.1118,1019515.325,0.0688,1053.483,0.1376,14748835.975,Residual Oil,Pipeline Natural Gas,Tangentially-fired,NA,NA,NA,NA,"ARP, OTC"
NY,Astoria Generating Station,8906,40,"MS41, MS42",2002,4208,4189.25,843937.5,NA,301.666,0.053,704263.8,0.064,522.709,0.093,10971234.475,Residual Oil,Pipeline Natural Gas,Tangentially-fired,NA,NA,NA,NA,"ARP, OTC"
NY,Astoria Generating Station,8906,40,"MS41, MS42",2003,5884,5870,1082922.75,NA,990.2,0.1438,954037.45,0.0714,888.2,0.1319,13288678.6,Residual Oil,Pipeline Natural Gas,Tangentially-fired,NA,NA,NA,NA,"ARP, NBP"
NY,Astoria Generating Station,8906,40,"MS41, MS42",2004,5212,5199.75,1044418.5,NA,887.067,0.1434,864474.625,0.0714,854.185,0.1402,12075239.85,Residual Oil,Pipeline Natural Gas,Tangentially-fired,NA,NA,NA,NA,"ARP, NBP"
NY,Astoria Generating Station,8906,40,"CPG45, MS41, MS42",2005,5691,5674.32,1272791.09,NA,1419.194,0.1956,1000979.608,0.0698,945.755,0.1351,13734438.735,Residual Oil,Pipeline Natural Gas,Tangentially-fired,NA,NA,NA,NA,"ARP, NBP"
NY,Astoria Generating Station,8906,40,"CPG45, MS41, MS42",2006,5757,5742.52,911001.38,NA,493.889,0.0865,628336.427,0.0642,606.6,0.1201,9495996.01,Residual Oil,Pipeline Natural Gas,Tangentially-fired,NA,NA,NA,NA,"ARP, NBP"
NY,Astoria Generating Station,8906,40,"CPG45, MS41, MS42",2007,4777,4764.3,614196.14,NA,268.663,0.0811,429186.167,0.0647,355.33,0.1042,6587328.615,Residual Oil,Pipeline Natural Gas,Tangentially-fired,NA,NA,NA,NA,"ARP, NBP"
NY,Astoria Generating Station,8906,40,"CPG45, MS41, MS42",2008,4302,4285.24,546526.76,NA,86.02,0.0222,366200.472,0.0603,203.725,0.0619,5959293.172,Residual Oil,Pipeline Natural Gas,Tangentially-fired,NA,NA,NA,NA,"ARP, CAIRNOX, CAIROS, NBP"
NY,Astoria Generating Station,8906,41SH,"CPG45A, CPO40",2009,5511,5493.23,599978.83,NA,52.339,0.0229,225641.821,0.0606,104.359,0.0516,3676576.291,Residual Oil,Pipeline Natural Gas,Tangentially-fired,NA,NA,NA,NA,"ARP, CAIRNOX, CAIROS, CAIRSO2, RGGI"
NY,Astoria Generating Station,8906,41SH,"CPG45A, CPO40",2010,5378,5356.58,696047.02,NA,57.281,0.0294,246125.89,0.0611,137.793,0.064,4009901.383,Residual Oil,Pipeline Natural Gas,Tangentially-fired,NA,NA,NA,NA,"ARP, CAIRNOX, CAIROS, CAIRSO2, RGGI"
NY,Astoria Generating Station,8906,41SH,"CPG45A, CPO40",2011,2910,2892.86,315818.42,NA,19.5,0.0195,119700.263,0.0604,66.107,0.0588,1970015.191,Pipeline Natural Gas,"Residual Oil, Pipeline Natural Gas",Tangentially-fired,NA,NA,NA,NA,"ARP, CAIRNOX, CAIROS, CAIRSO2, RGGI"
NY,Astoria Generating Station,8906,41SH,"CPG45A, CPO40",2012,0,0,NA,NA,NA,NA,NA,NA,NA,NA,NA,Pipeline Natural Gas,Residual Oil,Tangentially-fired,NA,NA,NA,NA,"ARP, CAIRNOX, CAIROS, CAIRSO2, RGGI"
NY,Astoria Generating Station,8906,41SH,"CPG45A, CPO40",2013,0,0,NA,NA,NA,NA,NA,NA,NA,NA,NA,Pipeline Natural Gas,Residual Oil,Tangentially-fired,NA,NA,NA,NA,"ARP, CAIRNOX, CAIROS, CAIRSO2, RGGI"
NY,Astoria Generating Station,8906,41SH,"CPG45A, CPO40",2014,0,0,NA,NA,NA,NA,NA,NA,NA,NA,NA,Pipeline Natural Gas,Residual Oil,Tangentially-fired,NA,NA,NA,NA,"ARP, CAIRNOX, CAIROS, CAIRSO2, RGGI"
NY,Astoria Generating Station,8906,41SH,"CPG45A, CPO40",2015,0,0,NA,NA,NA,NA,NA,NA,NA,NA,NA,Pipeline Natural Gas,Residual Oil,Tangentially-fired,NA,NA,NA,NA,"ARP, CSNOX, CSNOXOS, CSSO2G1, RGGI"
NY,Astoria Generating Station,8906,41SH,"CPG45A, CPO40",2016,0,0,NA,NA,NA,NA,NA,NA,NA,NA,NA,Pipeline Natural Gas,Residual Oil,Tangentially-fired,NA,NA,NA,NA,"ARP, CSNOX, CSNOXOS, CSSO2G1, RGGI"
NY,Astoria Generating Station,8906,41SH,"CPG45A, CPO40",2017,0,0,NA,NA,NA,NA,NA,NA,NA,NA,NA,Pipeline Natural Gas,Residual Oil,Tangentially-fired,NA,NA,NA,NA,"ARP, CSNOX, CSOSG2, CSSO2G1, RGGI"
NY,Astoria Generating Station,8906,41SH,"CPG45A, CPO40",2018,0,0,NA,NA,NA,NA,NA,NA,NA,NA,NA,Pipeline Natural Gas,Residual Oil,Tangentially-fired,NA,NA,NA,NA,"ARP, CSNOX, CSOSG2, CSSO2G1, RGGI"
NY,Astoria Generating Station,8906,41SH,"CPG45A, CPO40",2019,0,0,NA,NA,NA,NA,NA,NA,NA,NA,NA,Pipeline Natural Gas,Residual Oil,Tangentially-fired,NA,NA,NA,NA,"ARP, CSNOX, CSOSG2, CSSO2G1, RGGI"
NY,Astoria Generating Station,8906,41SH,"CPG45A, CPO40",2020,0,0,NA,NA,NA,NA,NA,NA,NA,NA,NA,Pipeline Natural Gas,Residual Oil,Tangentially-fired,NA,NA,NA,NA,"ARP, CSNOX, CSOSG2, CSSO2G1, RGGI"
NY,Astoria Generating Station,8906,42RH,"CPG45A, CPO40",2009,5511,5493.26,599978.86,NA,52.021,0.0229,191189.318,0.0606,96.786,0.0571,3097305.99,Residual Oil,Pipeline Natural Gas,Tangentially-fired,NA,NA,NA,NA,"ARP, CAIRNOX, CAIROS, CAIRSO2, RGGI"
NY,Astoria Generating Station,8906,42RH,"CPG45A, CPO40",2010,5378,5356.58,696045.02,NA,55.691,0.0294,209739.784,0.0611,116.395,0.0623,3400900.541,Residual Oil,Pipeline Natural Gas,Tangentially-fired,NA,NA,NA,NA,"ARP, CAIRNOX, CAIROS, CAIRSO2, RGGI"
NY,Astoria Generating Station,8906,42RH,"CPG45A, CPO40",2011,2909,2891.86,315817.42,NA,18.462,0.0195,98657.27,0.0604,43.46,0.0471,1618106.577,Pipeline Natural Gas,Residual Oil,Tangentially-fired,NA,NA,NA,NA,"ARP, CAIRNOX, CAIROS, CAIRSO2, RGGI"
NY,Astoria Generating Station,8906,42RH,"CPG45A, CPO40",2012,0,0,NA,NA,NA,NA,NA,NA,NA,NA,NA,Pipeline Natural Gas,Residual Oil,Tangentially-fired,NA,NA,NA,NA,"ARP, CAIRNOX, CAIROS, CAIRSO2, RGGI"
NY,Astoria Generating Station,8906,42RH,"CPG45A, CPO40",2013,0,0,NA,NA,NA,NA,NA,NA,NA,NA,NA,Pipeline Natural Gas,Residual Oil,Tangentially-fired,NA,NA,NA,NA,"ARP, CAIRNOX, CAIROS, CAIRSO2, RGGI"
NY,Astoria Generating Station,8906,42RH,"CPG45A, CPO40",2014,0,0,NA,NA,NA,NA,NA,NA,NA,NA,NA,Pipeline Natural Gas,Residual Oil,Tangentially-fired,NA,NA,NA,NA,"ARP, CAIRNOX, CAIROS, CAIRSO2, RGGI"
NY,Astoria Generating Station,8906,42RH,"CPG45A, CPO40",2015,0,0,NA,NA,NA,NA,NA,NA,NA,NA,NA,Pipeline Natural Gas,Residual Oil,Tangentially-fired,NA,NA,NA,NA,"ARP, CSNOX, CSNOXOS, CSSO2G1, RGGI"
NY,Astoria Generating Station,8906,42RH,"CPG45A, CPO40",2016,0,0,NA,NA,NA,NA,NA,NA,NA,NA,NA,Pipeline Natural Gas,Residual Oil,Tangentially-fired,NA,NA,NA,NA,"ARP, CSNOX, CSNOXOS, CSSO2G1, RGGI"
NY,Astoria Generating Station,8906,42RH,"CPG45A, CPO40",2017,0,0,NA,NA,NA,NA,NA,NA,NA,NA,NA,Pipeline Natural Gas,Residual Oil,Tangentially-fired,NA,NA,NA,NA,"ARP, CSNOX, CSOSG2, CSSO2G1, RGGI"
NY,Astoria Generating Station,8906,42RH,"CPG45A, CPO40",2018,0,0,NA,NA,NA,NA,NA,NA,NA,NA,NA,Pipeline Natural Gas,Residual Oil,Tangentially-fired,NA,NA,NA,NA,"ARP, CSNOX, CSOSG2, CSSO2G1, RGGI"
NY,Astoria Generating Station,8906,42RH,"CPG45A, CPO40",2019,0,0,NA,NA,NA,NA,NA,NA,NA,NA,NA,Pipeline Natural Gas,Residual Oil,Tangentially-fired,NA,NA,NA,NA,"ARP, CSNOX, CSOSG2, CSSO2G1, RGGI"
NY,Astoria Generating Station,8906,42RH,"CPG45A, CPO40",2020,0,0,NA,NA,NA,NA,NA,NA,NA,NA,NA,Pipeline Natural Gas,Residual Oil,Tangentially-fired,NA,NA,NA,NA,"ARP, CSNOX, CSOSG2, CSSO2G1, RGGI"
NY,Astoria Generating Station,8906,50,"MS51, MS52",1995,NA,NA,NA,NA,444,NA,1057874,NA,1041,NA,14572930,NA,NA,Tangentially-fired,NA,NA,NA,NA,ARP
NY,Astoria Generating Station,8906,50,"MS51, MS52",1996,NA,NA,NA,NA,653.1,NA,981681,NA,988,NA,14449989,NA,NA,Tangentially-fired,NA,NA,NA,NA,ARP
NY,Astoria Generating Station,8906,50,"MS51, MS52",1997,5167,5147.75,1181425.25,NA,227.899,0.0427,784348.15,0.0635,798.896,0.1349,12474514,NA,NA,Tangentially-fired,NA,NA,NA,NA,ARP
NY,Astoria Generating Station,8906,50,"MS51, MS52",1998,6830,6817.5,1502831.75,NA,590.727,0.0654,1177187.9,0.0652,1078.247,0.1255,18172099.4,NA,NA,Tangentially-fired,NA,NA,NA,NA,ARP
NY,Astoria Generating Station,8906,50,"MS51, MS52",1999,7578,7564.25,1741548.5,NA,651.188,0.0561,1470925.1,0.0642,1259.34,0.1148,23034944.7,Residual Oil,Pipeline Natural Gas,Tangentially-fired,NA,NA,NA,NA,"ARP, OTC"
NY,Astoria Generating Station,8906,50,"MS51, MS52",2000,4604,4571.75,662306,NA,214.145,0.0368,616630.8,0.0622,493.736,0.0973,9774050.2,Residual Oil,Pipeline Natural Gas,Tangentially-fired,NA,NA,NA,NA,"ARP, OTC"
NY,Astoria Generating Station,8906,50,"MS51, MS52",2001,5397,5384.75,1137908.25,NA,509.544,0.065,916167.325,0.0635,892.422,0.1205,14297027.575,Residual Oil,Pipeline Natural Gas,Tangentially-fired,NA,NA,NA,NA,"ARP, OTC"
NY,Astoria Generating Station,8906,50,"MS51, MS52",2002,6201,6189,1198812.5,NA,472.043,0.0533,940601.825,0.0617,808.487,0.1052,15071243.425,Residual Oil,Pipeline Natural Gas,Tangentially-fired,NA,NA,NA,NA,"ARP, OTC"
NY,Astoria Generating Station,8906,50,"MS51, MS52",2003,5417,5405.75,938328.5,NA,967.329,0.1444,844741.85,0.0685,832.2,0.1309,12063022.575,Residual Oil,Pipeline Natural Gas,Tangentially-fired,NA,NA,NA,NA,"ARP, NBP"
NY,Astoria Generating Station,8906,50,"MS51, MS52",2004,5937,5924,1201533.5,NA,1234.403,0.1551,1093994.375,0.0716,1186.88,0.1508,15164908.9,Residual Oil,Pipeline Natural Gas,Tangentially-fired,NA,NA,NA,NA,"ARP, NBP"
NY,Astoria Generating Station,8906,50,"CPG45, MS51, MS52",2005,7460,7449.21,1644176.72,NA,1906.158,0.2097,1358218.712,0.0744,1419.988,0.1576,17957900.523,Residual Oil,Pipeline Natural Gas,Tangentially-fired,NA,NA,NA,NA,"ARP, NBP"
NY,Astoria Generating Station,8906,50,"CPG45, MS51, MS52",2006,7140,7128.07,1143183.91,NA,635.91,0.0998,801856.569,0.0664,828.004,0.1315,11938843.002,Residual Oil,Pipeline Natural Gas,Tangentially-fired,NA,NA,NA,NA,"ARP, NBP"
NY,Astoria Generating Station,8906,50,"CPG45, MS51, MS52",2007,6490,6469.85,875609.6,NA,300.994,0.0607,592325.921,0.0626,568.329,0.1161,9322270.958,Residual Oil,Pipeline Natural Gas,Tangentially-fired,NA,NA,NA,NA,"ARP, NBP"
NY,Astoria Generating Station,8906,50,"CPG45, MS51, MS52",2008,6037,6025.03,885802.18,NA,167.455,0.0261,580866.282,0.0608,475.959,0.0944,9393027.7,Residual Oil,Pipeline Natural Gas,Tangentially-fired,NA,NA,NA,NA,"ARP, CAIRNOX, CAIROS, NBP"
NY,Astoria Generating Station,8906,51RH,"CPG45A, CPO50",2009,3605,3590.35,372467.01,NA,44.198,0.0299,137282.93,0.0611,110.976,0.093,2208031.255,Residual Oil,Pipeline Natural Gas,Tangentially-fired,NA,NA,NA,NA,"ARP, CAIRNOX, CAIROS, CAIRSO2, RGGI"
NY,Astoria Generating Station,8906,51RH,"CPG45A, CPO50",2010,2855,2841.9,444004.11,NA,20.138,0.0113,148592.151,0.0599,91.763,0.0695,2453321.404,Residual Oil,Pipeline Natural Gas,Tangentially-fired,NA,NA,NA,NA,"ARP, CAIRNOX, CAIROS, CAIRSO2, RGGI"
NY,Astoria Generating Station,8906,51RH,"CPG45A, CPO50",2011,3006,2990.63,392383.14,NA,7.64,0.0057,129868.378,0.0594,79.62,0.0682,2168348.814,Pipeline Natural Gas,Residual Oil,Tangentially-fired,NA,NA,NA,NA,"ARP, CAIRNOX, CAIROS, CAIRSO2, RGGI"
NY,Astoria Generating Station,8906,51RH,"CPG45A, CPO50",2012,6983,6965.52,879010.4,NA,2.566,0.0013,292296.759,0.0591,176.618,0.0648,4915808.207,Pipeline Natural Gas,Residual Oil,Tangentially-fired,NA,NA,NA,NA,"ARP, CAIRNOX, CAIROS, CAIRSO2, RGGI"
NY,Astoria Generating Station,8906,51RH,"CPG45A, CPO50",2013,6410,6396.62,732048.81,NA,13.899,0.0041,247723.454,0.0593,157.433,0.0713,4138084.98,Pipeline Natural Gas,Residual Oil,Tangentially-fired,NA,NA,NA,NA,"ARP, CAIRNOX, CAIROS, CAIRSO2, RGGI"
NY,Astoria Generating Station,8906,51RH,"CPG45A, CPO50",2014,6341,6325.64,1053469.28,NA,107.882,0.0252,348014.713,0.0607,236.297,0.072,5610762.401,Pipeline Natural Gas,Residual Oil,Tangentially-fired,NA,NA,NA,NA,"ARP, CAIRNOX, CAIROS, CAIRSO2, RGGI"
NY,Astoria Generating Station,8906,51RH,"CPG45A, CPO50",2015,4431,4419.31,520255.16,NA,3.681,0.0019,176850.004,0.0591,76.558,0.0449,2969339.891,Pipeline Natural Gas,Residual Oil,Tangentially-fired,NA,NA,NA,NA,"ARP, CSNOX, CSNOXOS, CSSO2G1, RGGI"
NY,Astoria Generating Station,8906,51RH,"CPG45A, CPO50",2016,4545,4526.59,518263.92,NA,20.287,0.01,177424.823,0.0597,86.978,0.0525,2940162.373,Pipeline Natural Gas,Residual Oil,Tangentially-fired,NA,NA,NA,NA,"ARP, CSNOX, CSNOXOS, CSSO2G1, RGGI"
NY,Astoria Generating Station,8906,51RH,"CPG45A, CPO50",2017,4555,4545.64,538166.78,NA,14.485,0.0063,183565.041,0.0594,81.758,0.0471,3057119.462,Pipeline Natural Gas,Residual Oil,Tangentially-fired,NA,NA,NA,NA,"ARP, CSNOX, CSOSG2, CSSO2G1, RGGI"
NY,Astoria Generating Station,8906,51RH,"CPG45A, CPO50",2018,6483,6466.13,812241.51,NA,45.518,0.0104,281957.677,0.0597,136.16,0.051,4641337.39,Pipeline Natural Gas,Residual Oil,Tangentially-fired,NA,NA,NA,NA,"ARP, CSNOX, CSOSG2, CSSO2G1, RGGI"
NY,Astoria Generating Station,8906,51RH,"CPG45A, CPO50",2019,2536,2524.41,280497.84,NA,6.045,0.0088,94987.71,0.0596,38.848,0.045,1585521.723,Pipeline Natural Gas,Residual Oil,Tangentially-fired,NA,NA,NA,NA,"ARP, CSNOX, CSOSG2, CSSO2G1, RGGI"
NY,Astoria Generating Station,8906,51RH,"CPG45A, CPO50",2020,5315,5290.59,533283.82,NA,1.528,0.0013,187851.462,0.059,74.355,0.0438,3160238.171,Pipeline Natural Gas,Residual Oil,Tangentially-fired,NA,NA,NA,NA,"ARP, CSNOX, CSOSG2, CSSO2G1, RGGI"
NY,Astoria Generating Station,8906,51RH,CP50,2021,3987,3975.48,445199.38,NA,7.388,0.0064,153844.191,0.0594,60.153,0.0439,2573247.246,Pipeline Natural Gas,Residual Oil,Tangentially-fired,NA,NA,NA,NA,"ARP, CSNOX, CSOSG3, CSSO2G1, RGGI"
NY,Astoria Generating Station,8906,51RH,CP50,2022,3840,3828.35,455848.2,NA,0.795,0.001,150069.773,0.0597,59.962,0.0424,2486911.866,Pipeline Natural Gas,Diesel Oil,Tangentially-fired,NA,NA,NA,NA,"ARP, CSNOX, CSOSG3, CSSO2G1, RGGI"
NY,Astoria Generating Station,8906,51RH,CP50,2023,3067,3045.84,387555.82,NA,0.808,0.0011,136650.883,0.0608,56.303,0.0442,2177062.147,Pipeline Natural Gas,Diesel Oil,Tangentially-fired,NA,NA,NA,NA,"ARP, CSNOX, CSOSG3, CSSO2G1, RGGI"
NY,Astoria Generating Station,8906,51RH,CP50,2024,3401,3384.5,426398.93,NA,0.695,0.001,137563.267,0.059,53.11,0.0403,2314409.71,Pipeline Natural Gas,Diesel Oil,Tangentially-fired,NA,NA,NA,NA,"ARP, CSNOX, CSOSG2E, CSSO2G1, RGGI"
NY,Astoria Generating Station,8906,52SH,"CPG45A, CPO50",2009,3605,3590.3,372466.96,NA,43.125,0.0299,128852.858,0.0611,98.197,0.0855,2068597.763,Residual Oil,Pipeline Natural Gas,Tangentially-fired,NA,NA,NA,NA,"ARP, CAIRNOX, CAIROS, CAIRSO2, RGGI"
NY,Astoria Generating Station,8906,52SH,"CPG45A, CPO50",2010,2855,2841.9,444004.11,NA,19.777,0.0113,143418.674,0.0599,82.54,0.0663,2367078.867,Residual Oil,Pipeline Natural Gas,Tangentially-fired,NA,NA,NA,NA,"ARP, CAIRNOX, CAIROS, CAIRSO2, RGGI"
NY,Astoria Generating Station,8906,52SH,"CPG45A, CPO50",2011,3006,2990.63,392383.14,NA,7.687,0.0057,125452.449,0.0594,74.876,0.0697,2093878.555,Pipeline Natural Gas,Residual Oil,Tangentially-fired,NA,NA,NA,NA,"ARP, CAIRNOX, CAIROS, CAIRSO2, RGGI"
NY,Astoria Generating Station,8906,52SH,"CPG45A, CPO50",2012,6983,6965.52,879010.4,NA,2.498,0.0013,282329.116,0.0591,165.782,0.0673,4748120.927,Pipeline Natural Gas,Residual Oil,Tangentially-fired,NA,NA,NA,NA,"ARP, CAIRNOX, CAIROS, CAIRSO2, RGGI"
NY,Astoria Generating Station,8906,52SH,"CPG45A, CPO50",2013,6410,6396.62,732048.81,NA,13.94,0.0041,240786.447,0.0593,159.844,0.0782,4021160.549,Pipeline Natural Gas,Residual Oil,Tangentially-fired,NA,NA,NA,NA,"ARP, CAIRNOX, CAIROS, CAIRSO2, RGGI"
NY,Astoria Generating Station,8906,52SH,"CPG45A, CPO50",2014,6341,6325.64,1053499.28,NA,108.078,0.0252,339319.053,0.0607,229.705,0.0756,5463895.076,Pipeline Natural Gas,Residual Oil,Tangentially-fired,NA,NA,NA,NA,"ARP, CAIRNOX, CAIROS, CAIRSO2, RGGI"
NY,Astoria Generating Station,8906,52SH,"CPG45A, CPO50",2015,4431,4419.31,520255.16,NA,3.58,0.0019,173074.806,0.0591,80.494,0.0503,2906006.637,Pipeline Natural Gas,Residual Oil,Tangentially-fired,NA,NA,NA,NA,"ARP, CSNOX, CSNOXOS, CSSO2G1, RGGI"
NY,Astoria Generating Station,8906,52SH,"CPG45A, CPO50",2016,4544,4525.66,518262.77,NA,20.196,0.01,175963.456,0.0597,87.238,0.0554,2915765.968,Pipeline Natural Gas,Residual Oil,Tangentially-fired,NA,NA,NA,NA,"ARP, CSNOX, CSNOXOS, CSSO2G1, RGGI"
NY,Astoria Generating Station,8906,52SH,"CPG45A, CPO50",2017,4555,4545.55,538161.18,NA,11.598,0.0064,178283.758,0.0594,83.199,0.0526,2974942.677,Pipeline Natural Gas,Residual Oil,Tangentially-fired,NA,NA,NA,NA,"ARP, CSNOX, CSOSG2, CSSO2G1, RGGI"
NY,Astoria Generating Station,8906,52SH,"CPG45A, CPO50",2018,6483,6465.76,812203.5,NA,45.19,0.0104,277479.386,0.0597,133.774,0.0513,4566695.964,Pipeline Natural Gas,Residual Oil,Tangentially-fired,NA,NA,NA,NA,"ARP, CSNOX, CSOSG2, CSSO2G1, RGGI"
NY,Astoria Generating Station,8906,52SH,"CPG45A, CPO50",2019,2536,2524.36,280497.79,NA,5.978,0.0088,93101.432,0.0596,39.027,0.0468,1553918.908,Pipeline Natural Gas,Residual Oil,Tangentially-fired,NA,NA,NA,NA,"ARP, CSNOX, CSOSG2, CSSO2G1, RGGI"
NY,Astoria Generating Station,8906,52SH,"CPG45A, CPO50",2020,5313,5289.07,533282.3,NA,1.532,0.0013,186715.882,0.059,76.347,0.0459,3141105.575,Pipeline Natural Gas,Residual Oil,Tangentially-fired,NA,NA,NA,NA,"ARP, CSNOX, CSOSG2, CSSO2G1, RGGI"
NY,Astoria Generating Station,8906,52SH,CP50,2021,3987,3975.48,445199.38,NA,7.487,0.0064,154776.193,0.0594,66.451,0.0492,2588713.971,Pipeline Natural Gas,Residual Oil,Tangentially-fired,NA,NA,NA,NA,"ARP, CSNOX, CSOSG3, CSSO2G1, RGGI"
NY,Astoria Generating Station,8906,52SH,CP50,2022,3840,3828.21,455846.37,NA,0.813,0.001,153147.285,0.0597,68.56,0.0498,2535796.658,Pipeline Natural Gas,Diesel Oil,Tangentially-fired,NA,NA,NA,NA,"ARP, CSNOX, CSOSG3, CSSO2G1, RGGI"
NY,Astoria Generating Station,8906,52SH,CP50,2023,3067,3045.74,387555.72,NA,0.81,0.0011,137551.572,0.0607,58.025,0.0455,2195439.75,Pipeline Natural Gas,Diesel Oil,Tangentially-fired,NA,NA,NA,NA,"ARP, CSNOX, CSOSG3, CSSO2G1, RGGI"
NY,Astoria Generating Station,8906,52SH,CP50,2024,3401,3384.49,426398.92,NA,0.711,0.001,140766.1,0.059,60.052,0.0466,2368306.106,Pipeline Natural Gas,Diesel Oil,Tangentially-fired,NA,NA,NA,NA,"ARP, CSNOX, CSOSG2E, CSSO2G1, RGGI"
NY,Astoria Generating Station,8906,CT0001,NA,1999,7,7,91,NA,NA,NA,NA,NA,0.298,0.368,1627,Pipeline Natural Gas,NA,Combustion turbine,NA,NA,NA,NA,OTC
NY,Astoria Generating Station,8906,CT0001,NA,2000,16,16,240,NA,NA,NA,NA,NA,0.681,0.35,3888,Pipeline Natural Gas,NA,Combustion turbine,NA,NA,NA,NA,OTC
NY,Astoria Generating Station,8906,CT0001,NA,2001,76,76,1140,NA,NA,NA,NA,NA,3.234,0.35,18468,Pipeline Natural Gas,NA,Combustion turbine,NA,NA,NA,NA,OTC
NY,Astoria Generating Station,8906,CT0001,NA,2002,NA,NA,NA,NA,NA,NA,NA,NA,NA,NA,NA,Pipeline Natural Gas,NA,Combustion turbine,NA,NA,NA,NA,OTC
NY,Astoria Generating Station,8906,CT0001,NA,2003,NA,NA,NA,NA,NA,NA,NA,NA,NA,NA,NA,Pipeline Natural Gas,NA,Combustion turbine,NA,NA,NA,NA,NBP
NY,Astoria Generating Station,8906,CT0001,NA,2004,0,0,NA,NA,NA,NA,NA,NA,NA,NA,NA,Pipeline Natural Gas,NA,Combustion turbine,NA,NA,NA,NA,NBP
NY,Astoria Generating Station,8906,CT0001,NA,2005,0,0,NA,NA,NA,NA,NA,NA,NA,NA,NA,Pipeline Natural Gas,NA,Combustion turbine,NA,NA,NA,NA,NBP
NY,Astoria Generating Station,8906,CT0001,NA,2006,0,0,NA,NA,NA,NA,NA,NA,NA,NA,NA,Pipeline Natural Gas,NA,Combustion turbine,NA,NA,NA,NA,NBP
NY,Astoria Generating Station,8906,CT0001,NA,2007,61,61,915,NA,0,0,0,0,1.577,0.701,4501.8,Pipeline Natural Gas,NA,Combustion turbine,NA,NA,NA,NA,NBP
NY,Astoria Generating Station,8906,CT0001,NA,2008,56,56,840,NA,0,0,0,0,1.388,0.364,7620,Pipeline Natural Gas,NA,Combustion turbine,NA,NA,NA,NA,"CAIROS, NBP"
NY,Astoria Generating Station,8906,CT0001,NA,2009,30,23.75,352.75,NA,NA,NA,NA,NA,0.667,0.3642,3664.4,Pipeline Natural Gas,NA,Combustion turbine,NA,NA,NA,NA,CAIROS
NY,Astoria Generating Station,8906,CT0001,NA,2010,96,80.52,1610.4,NA,NA,NA,NA,NA,3.563,0.3641,19566.8,Pipeline Natural Gas,NA,Combustion turbine,NA,NA,NA,NA,CAIROS
NY,Astoria Generating Station,8906,CT0001,NA,2011,59,40.19,803.8,NA,NA,NA,NA,NA,1.778,0.364,9766.3,Pipeline Natural Gas,NA,Combustion turbine,NA,NA,NA,NA,CAIROS
NY,Astoria Generating Station,8906,CT0001,NA,2012,123,80.16,1603.2,NA,NA,NA,NA,NA,3.546,0.364,19479.5,Pipeline Natural Gas,NA,Combustion turbine,NA,NA,NA,NA,CAIROS
NY,Astoria Generating Station,8906,CT0001,NA,2013,101,79.4,1588,NA,NA,NA,NA,NA,6.753,0.7,19294.6,Pipeline Natural Gas,NA,Combustion turbine,NA,NA,NA,NA,CAIROS
NY,Astoria Generating Station,8906,CT0001,NA,2014,51,33.83,676.6,NA,NA,NA,NA,NA,2.877,0.6997,8220.8,Pipeline Natural Gas,NA,Combustion turbine,NA,NA,NA,NA,CAIROS
NY,Astoria Generating Station,8906,CT0001,NA,2015,112,88.36,1762.45,NA,NA,NA,NA,NA,7.515,0.7,21471.6,Pipeline Natural Gas,NA,Combustion turbine,NA,NA,NA,NA,SIPNOX
NY,Astoria Generating Station,8906,CT0001,NA,2016,70,48.63,972.6,NA,NA,NA,NA,NA,4.136,0.6999,11817.7,Pipeline Natural Gas,NA,Combustion turbine,NA,NA,NA,NA,SIPNOX
NY,Astoria Generating Station,8906,CT0001,NA,2017,49,33.1,662,NA,NA,NA,NA,NA,1.834,0.4558,8043.5,Pipeline Natural Gas,NA,Combustion turbine,NA,NA,NA,NA,SIPNOX
NY,Astoria Generating Station,8906,CT0001,NA,2018,79,55.42,1108.4,NA,NA,NA,NA,NA,3.07,0.4555,13467.5,Pipeline Natural Gas,NA,Combustion turbine,NA,NA,NA,NA,SIPNOX
NY,Astoria Generating Station,8906,CT0001,NA,2019,46,30.78,615.6,NA,NA,NA,NA,NA,1.705,0.4559,7479.7,Pipeline Natural Gas,NA,Combustion turbine,NA,NA,NA,NA,SIPNOX
NY,Astoria Generating Station,8906,CT0001,NA,2020,43,27.35,547,NA,NA,NA,NA,NA,1.515,0.456,6646.3,Pipeline Natural Gas,NA,Combustion turbine,NA,NA,NA,NA,SIPNOX
NY,Astoria Generating Station,8906,CT0001,NA,2021,113,72.9,982,NA,NA,NA,879.6,0.0594,3.233,0.4324,14895.4,Pipeline Natural Gas,NA,Combustion turbine,NA,NA,NA,NA,"RGGI, SIPNOX"
NY,Astoria Generating Station,8906,CT0001,NA,2022,149,108.46,1623.54,NA,NA,NA,1399.8,0.0588,4.819,0.407,23734.9,Pipeline Natural Gas,NA,Combustion turbine,NA,NA,NA,NA,"RGGI, SIPNOX"
NY,Astoria Generating Station,8906,CT0001,NA,2023,102,74.76,866.93,NA,NA,NA,794,0.0589,2.499,0.3692,13467.2,Pipeline Natural Gas,NA,Combustion turbine,NA,NA,NA,NA,"RGGI, SIPNOX"
NY,Astoria Generating Station,8906,CT0001,NA,2024,63,41.7,624.3,NA,NA,NA,576.1,0.0589,1.75,0.3579,9777.8,Pipeline Natural Gas,NA,Combustion turbine,NA,NA,NA,NA,"RGGI, SIPNOX"
NY,"RED-Rochester, LLC-Eastman Business Park",10025,1E,CS1E1F,1999,6305,6305,NA,1387100,NA,NA,NA,NA,402.59,0.4819,1670825,Coal,NA,Other boiler,NA,NA,Electrostatic Precipitator,NA,OTC
NY,"RED-Rochester, LLC-Eastman Business Park",10025,1E,CS1E1F,2000,7549,7547,NA,1552635,NA,NA,NA,NA,496.371,0.4962,2000074.985,Coal,NA,Other boiler,NA,NA,Electrostatic Precipitator,NA,OTC
NY,"RED-Rochester, LLC-Eastman Business Park",10025,1E,CS1E1F,2001,7772,7767.25,NA,1552942,NA,NA,NA,NA,619.538,0.6022,2058045.332,Coal,NA,Other boiler,NA,NA,Electrostatic Precipitator,NA,OTC
NY,"RED-Rochester, LLC-Eastman Business Park",10025,1E,CS1E1F,2002,7319,7316.5,NA,1463000,NA,NA,NA,NA,393.465,0.4821,1630320.424,Coal,NA,Other boiler,NA,NA,Electrostatic Precipitator,NA,OTC
NY,"RED-Rochester, LLC-Eastman Business Park",10025,1E,CS1E1F,2003,5592,5589.75,NA,776824.75,NA,NA,NA,NA,317.867,0.4481,1413421.634,Coal,NA,Other boiler,NA,NA,Electrostatic Precipitator,NA,NBP
NY,"RED-Rochester, LLC-Eastman Business Park",10025,1E,CS1E1F,2004,6171,6160.03,NA,766780.54,NA,NA,NA,NA,230.591,0.4325,1058632.356,Coal,NA,Other boiler,NA,NA,Electrostatic Precipitator,NA,NBP
NY,"RED-Rochester, LLC-Eastman Business Park",10025,1E,CS1E1F,2005,6441,6435.71,NA,881344.69,NA,NA,NA,NA,271.109,0.4415,1218084.253,Coal,NA,Other boiler,NA,NA,Electrostatic Precipitator,NA,NBP
NY,"RED-Rochester, LLC-Eastman Business Park",10025,1E,CS1E1F,2006,4585,4581,NA,618284.87,NA,NA,NA,NA,192.954,0.4378,873902.898,Coal,NA,Other boiler,NA,NA,Electrostatic Precipitator,NA,NBP
NY,"RED-Rochester, LLC-Eastman Business Park",10025,1E,CS1E1F,2007,948,933.36,NA,131362.57,NA,NA,NA,NA,39.669,0.4054,194503.661,Coal,NA,Other boiler,NA,NA,Electrostatic Precipitator,NA,NBP
NY,"RED-Rochester, LLC-Eastman Business Park",10025,1F,CS1E1F,1999,5983,5983,NA,1316260,NA,NA,NA,NA,383.028,0.4832,1585495,Coal,NA,Other boiler,NA,NA,Electrostatic Precipitator,NA,OTC
NY,"RED-Rochester, LLC-Eastman Business Park",10025,1F,CS1E1F,2000,7300,7296.5,NA,1499285,NA,NA,NA,NA,477.365,0.4939,1933353.365,Coal,NA,Other boiler,NA,NA,Electrostatic Precipitator,NA,OTC
NY,"RED-Rochester, LLC-Eastman Business Park",10025,1F,CS1E1F,2001,7614,7607.25,NA,1520811,NA,NA,NA,NA,610.266,0.6056,2015424.668,Coal,NA,Other boiler,NA,NA,Electrostatic Precipitator,NA,OTC
NY,"RED-Rochester, LLC-Eastman Business Park",10025,1F,CS1E1F,2002,7789,7787.25,NA,1557319,NA,NA,NA,NA,427.999,0.4807,1778321.401,Coal,NA,Other boiler,NA,NA,Electrostatic Precipitator,NA,OTC
NY,"RED-Rochester, LLC-Eastman Business Park",10025,1F,CS1E1F,2003,7049,7044,NA,915587.5,NA,NA,NA,NA,342.988,0.4584,1490779.591,Coal,NA,Other boiler,NA,NA,Electrostatic Precipitator,NA,NBP
NY,"RED-Rochester, LLC-Eastman Business Park",10025,1F,CS1E1F,2004,7120,7103.6,NA,897592.85,NA,NA,NA,NA,271.143,0.4646,1232223.514,Coal,NA,Other boiler,NA,NA,Electrostatic Precipitator,NA,NBP
NY,"RED-Rochester, LLC-Eastman Business Park",10025,1F,CS1E1F,2005,5490,5470.58,NA,742965.68,NA,NA,NA,NA,234.981,0.4474,1039369.347,Coal,NA,Other boiler,NA,NA,Electrostatic Precipitator,NA,NBP
NY,"RED-Rochester, LLC-Eastman Business Park",10025,1F,CS1E1F,2006,3376,3364.36,NA,454645.22,NA,NA,NA,NA,145.662,0.4503,642647.784,Coal,NA,Other boiler,NA,NA,Electrostatic Precipitator,NA,NBP
NY,"RED-Rochester, LLC-Eastman Business Park",10025,1F,CS1E1F,2007,1286,1283.43,NA,185997.47,NA,NA,NA,NA,60.294,0.4408,271385.674,Coal,NA,Other boiler,NA,NA,Electrostatic Precipitator,NA,NBP
NY,"RED-Rochester, LLC-Eastman Business Park",10025,2C,NA,1999,5084,5082,NA,2235640,NA,NA,NA,NA,1187.869,0.8887,2672606,Coal,Residual Oil,Cyclone boiler,NA,Combustion Modification/Fuel Reburning,Electrostatic Precipitator,NA,OTC
NY,"RED-Rochester, LLC-Eastman Business Park",10025,2C,NA,2000,7009,7004.75,NA,2827619,NA,NA,NA,NA,1200.108,0.7762,1527504,Coal,Residual Oil,Cyclone boiler,NA,Combustion Modification/Fuel Reburning,Electrostatic Precipitator,NA,OTC
NY,"RED-Rochester, LLC-Eastman Business Park",10025,2C,NA,2001,7845,7842.25,NA,3096174,NA,NA,NA,NA,1192.22,NA,NA,Coal,Residual Oil,Cyclone boiler,NA,Combustion Modification/Fuel Reburning,Electrostatic Precipitator,NA,OTC
NY,"RED-Rochester, LLC-Eastman Business Park",10025,2C,NA,2002,7670,7669.25,NA,3058720.5,NA,NA,NA,NA,1133.791,0.6112,2534682.075,Coal,Residual Oil,Cyclone boiler,NA,Combustion Modification/Fuel Reburning,Electrostatic Precipitator,NA,OTC
NY,"RED-Rochester, LLC-Eastman Business Park",10025,2C,NA,2003,8158,8157.25,NA,2999018,NA,NA,NA,NA,1137.189,0.6052,3749760.675,Coal,Residual Oil,Cyclone boiler,NA,Combustion Modification/Fuel Reburning,Electrostatic Precipitator,NA,NBP
NY,"RED-Rochester, LLC-Eastman Business Park",10025,2C,NA,2004,7657,7656.9,NA,2960558.5,NA,NA,NA,NA,1109.79,0.6166,3599899.7,Coal,Residual Oil,Cyclone boiler,NA,Combustion Modification/Fuel Reburning,Electrostatic Precipitator,NA,NBP
NY,"RED-Rochester, LLC-Eastman Business Park",10025,2C,NA,2005,8516,8516,NA,3322226,NA,NA,NA,NA,1376.008,0.6012,4573643.2,Coal,Residual Oil,Cyclone boiler,NA,Combustion Modification/Fuel Reburning,Electrostatic Precipitator,NA,NBP
NY,"RED-Rochester, LLC-Eastman Business Park",10025,2C,NA,2006,7788,7787.47,NA,3006395.66,NA,NA,NA,NA,1234.847,0.6173,3997749.363,Coal,Residual Oil,Cyclone boiler,NA,Combustion Modification/Fuel Reburning,Electrostatic Precipitator,NA,NBP
NY,"RED-Rochester, LLC-Eastman Business Park",10025,2C,NA,2007,1871,1869.64,NA,695693.63,NA,NA,NA,NA,274.848,0.6622,828619.627,Coal,Residual Oil,Cyclone boiler,NA,Combustion Modification/Fuel Reburning,Electrostatic Precipitator,NA,NBP
NY,"RED-Rochester, LLC-Eastman Business Park",10025,2D,NA,1999,2013,2013,NA,996435,NA,NA,NA,NA,130.775,0.2388,1095072,Residual Oil,NA,Dry bottom wall-fired boiler,NA,NA,Electrostatic Precipitator,NA,OTC
NY,"RED-Rochester, LLC-Eastman Business Park",10025,2D,NA,2000,1812,1804.75,NA,833230,NA,NA,NA,NA,55.216,0.2339,470315.1,Residual Oil,NA,Dry bottom wall-fired boiler,NA,NA,Electrostatic Precipitator,NA,OTC
NY,"RED-Rochester, LLC-Eastman Business Park",10025,2D,NA,2001,76,75.25,NA,33707.5,NA,NA,NA,NA,1.408,0.2654,11270.9,Residual Oil,NA,Dry bottom wall-fired boiler,NA,NA,Electrostatic Precipitator,NA,OTC
NY,"RED-Rochester, LLC-Eastman Business Park",10025,2D,NA,2002,951,947.25,NA,424955.25,NA,NA,NA,NA,16.205,0.2109,155946.175,Residual Oil,NA,Dry bottom wall-fired boiler,NA,NA,Electrostatic Precipitator,NA,OTC
NY,"RED-Rochester, LLC-Eastman Business Park",10025,2D,NA,2003,444,444,NA,199148,NA,NA,NA,NA,12.93,0.2249,111833.1,Residual Oil,NA,Dry bottom wall-fired boiler,NA,NA,Electrostatic Precipitator,NA,NBP
NY,"RED-Rochester, LLC-Eastman Business Park",10025,2D,NA,2004,0,0,NA,NA,NA,NA,NA,NA,NA,NA,NA,Residual Oil,NA,Dry bottom wall-fired boiler,NA,NA,Electrostatic Precipitator,NA,NBP
NY,"RED-Rochester, LLC-Eastman Business Park",10025,2D,NA,2005,0,0,NA,NA,NA,NA,NA,NA,NA,NA,NA,Residual Oil,NA,Dry bottom wall-fired boiler,NA,NA,Electrostatic Precipitator,NA,NBP
NY,"RED-Rochester, LLC-Eastman Business Park",10025,2D,NA,2006,0,0,NA,NA,NA,NA,NA,NA,NA,NA,NA,Residual Oil,NA,Dry bottom wall-fired boiler,NA,NA,Electrostatic Precipitator,NA,NBP
NY,"RED-Rochester, LLC-Eastman Business Park",10025,2D,NA,2007,0,0,NA,NA,NA,NA,NA,NA,NA,NA,NA,Residual Oil,NA,Dry bottom wall-fired boiler,NA,NA,Electrostatic Precipitator,NA,NBP
NY,"RED-Rochester, LLC-Eastman Business Park",10025,3A,NA,1999,6431,6430.75,NA,2829530,NA,NA,NA,NA,1290.044,0.7295,3536912.5,Coal,"Natural Gas, Residual Oil",Cyclone boiler,NA,Combustion Modification/Fuel Reburning,Electrostatic Precipitator,NA,OTC
NY,"RED-Rochester, LLC-Eastman Business Park",10025,3A,NA,2000,7185,7176.25,NA,2568255.25,NA,NA,NA,NA,1049.889,0.6418,1211237.5,Coal,"Natural Gas, Residual Oil",Cyclone boiler,NA,Combustion Modification/Fuel Reburning,Electrostatic Precipitator,NA,OTC
NY,"RED-Rochester, LLC-Eastman Business Park",10025,3A,NA,2001,7083,7076.75,NA,2370880,NA,NA,NA,NA,966.483,NA,NA,Coal,"Natural Gas, Residual Oil",Cyclone boiler,NA,Combustion Modification/Fuel Reburning,Electrostatic Precipitator,NA,OTC
NY,"RED-Rochester, LLC-Eastman Business Park",10025,3A,NA,2002,7722,7721.75,NA,2621431.75,NA,NA,NA,NA,1003.896,0.6734,2497663.475,Coal,"Natural Gas, Residual Oil",Cyclone boiler,NA,Combustion Modification/Fuel Reburning,Electrostatic Precipitator,NA,OTC
NY,"RED-Rochester, LLC-Eastman Business Park",10025,3A,NA,2003,6392,6390.75,NA,2187544,NA,NA,NA,NA,780.841,0.5547,2875433.125,Coal,"Natural Gas, Residual Oil",Cyclone boiler,NA,Combustion Modification/Fuel Reburning,Electrostatic Precipitator,NA,NBP
NY,"RED-Rochester, LLC-Eastman Business Park",10025,3A,NA,2004,8071,7989.53,NA,2869921.15,NA,NA,NA,NA,1018.278,0.5362,3808199.283,Coal,"Natural Gas, Residual Oil",Cyclone boiler,NA,Combustion Modification/Fuel Reburning,Electrostatic Precipitator,NA,NBP
NY,"RED-Rochester, LLC-Eastman Business Park",10025,3A,NA,2005,6814,6795,NA,2446740.75,NA,NA,NA,NA,939.114,0.5652,3322604.55,Coal,"Natural Gas, Residual Oil",Cyclone boiler,NA,Combustion Modification/Fuel Reburning,Electrostatic Precipitator,NA,NBP
NY,"RED-Rochester, LLC-Eastman Business Park",10025,3A,NA,2006,3957,3949.65,NA,1479862.08,NA,NA,NA,NA,557.969,0.5696,1959441.167,Coal,"Natural Gas, Residual Oil",Cyclone boiler,NA,Combustion Modification/Fuel Reburning,Electrostatic Precipitator,NA,NBP
NY,"RED-Rochester, LLC-Eastman Business Park",10025,3A,NA,2007,3429,3424.54,NA,1239516.84,NA,NA,NA,NA,509.593,0.5834,1744828.523,Coal,"Natural Gas, Residual Oil",Cyclone boiler,NA,Combustion Modification/Fuel Reburning,Electrostatic Precipitator,NA,NBP
NY,"RED-Rochester, LLC-Eastman Business Park",10025,3A,NA,2008,3424,3414.34,NA,1214268.91,NA,NA,NA,NA,522.921,0.582,1790709.71,Coal,"Natural Gas, Residual Oil",Cyclone boiler,NA,Combustion Modification/Fuel Reburning,Electrostatic Precipitator,NA,"CAIROS, NBP"
NY,"RED-Rochester, LLC-Eastman Business Park",10025,3A,NA,2009,2940,2930.41,NA,983659.38,NA,NA,NA,NA,405.995,0.5786,1399017.897,Coal,"Natural Gas, Residual Oil",Cyclone boiler,NA,Combustion Modification/Fuel Reburning,Electrostatic Precipitator,NA,CAIROS
NY,"RED-Rochester, LLC-Eastman Business Park",10025,3A,NA,2010,6155,6149.99,NA,2130452.72,NA,NA,NA,NA,853.095,0.5759,2957600.497,Coal,"Natural Gas, Residual Oil",Cyclone boiler,NA,Combustion Modification/Fuel Reburning,Electrostatic Precipitator,NA,CAIROS
NY,"RED-Rochester, LLC-Eastman Business Park",10025,3A,NA,2011,0,0,NA,NA,NA,NA,NA,NA,NA,NA,NA,Coal,"Natural Gas, Residual Oil",Cyclone boiler,NA,Combustion Modification/Fuel Reburning,Electrostatic Precipitator,NA,CAIROS
NY,"RED-Rochester, LLC-Eastman Business Park",10025,3A,NA,2012,0,0,NA,NA,NA,NA,NA,NA,NA,NA,NA,Coal,"Natural Gas, Residual Oil",Cyclone boiler,NA,Combustion Modification/Fuel Reburning,Electrostatic Precipitator,NA,CAIROS
NY,"RED-Rochester, LLC-Eastman Business Park",10025,3A,NA,2013,0,0,NA,NA,NA,NA,NA,NA,NA,NA,NA,Coal,"Natural Gas, Residual Oil",Cyclone boiler,NA,Combustion Modification/Fuel Reburning,Electrostatic Precipitator,NA,CAIROS
NY,"RED-Rochester, LLC-Eastman Business Park",10025,3B,NA,1999,5446,5446,NA,2396240,NA,NA,NA,NA,1106.917,0.7391,2995300,Coal,"Natural Gas, Residual Oil",Cyclone boiler,NA,Combustion Modification/Fuel Reburning,Electrostatic Precipitator,NA,OTC
NY,"RED-Rochester, LLC-Eastman Business Park",10025,3B,NA,2000,8013,7999.75,NA,2893744.75,NA,NA,NA,NA,1546.527,0.6903,1492768.75,Coal,"Natural Gas, Residual Oil",Cyclone boiler,NA,Combustion Modification/Fuel Reburning,Electrostatic Precipitator,NA,OTC
NY,"RED-Rochester, LLC-Eastman Business Park",10025,3B,NA,2001,7350,7342.75,NA,2457628.25,NA,NA,NA,NA,983.332,NA,NA,Coal,"Natural Gas, Residual Oil",Cyclone boiler,NA,Combustion Modification/Fuel Reburning,Electrostatic Precipitator,NA,OTC
NY,"RED-Rochester, LLC-Eastman Business Park",10025,3B,NA,2002,8286,8286,NA,2818113,NA,NA,NA,NA,999.604,0.5586,2598463.1,Coal,"Natural Gas, Residual Oil",Cyclone boiler,NA,Combustion Modification/Fuel Reburning,Electrostatic Precipitator,NA,OTC
NY,"RED-Rochester, LLC-Eastman Business Park",10025,3B,NA,2003,7001,6999.75,NA,2384225,NA,NA,NA,NA,795.419,0.5334,2980489.875,Coal,"Natural Gas, Residual Oil",Cyclone boiler,NA,Combustion Modification/Fuel Reburning,Electrostatic Precipitator,NA,NBP
NY,"RED-Rochester, LLC-Eastman Business Park",10025,3B,NA,2004,4087,4049.2,NA,1433922.46,NA,NA,NA,NA,542.994,0.5885,1853563.454,Coal,"Natural Gas, Residual Oil",Cyclone boiler,NA,Combustion Modification/Fuel Reburning,Electrostatic Precipitator,NA,NBP
NY,"RED-Rochester, LLC-Eastman Business Park",10025,3B,NA,2005,6462,6438.88,NA,2296696.48,NA,NA,NA,NA,886.773,0.5864,3025544.592,Coal,"Natural Gas, Residual Oil",Cyclone boiler,NA,Combustion Modification/Fuel Reburning,Electrostatic Precipitator,NA,NBP
NY,"RED-Rochester, LLC-Eastman Business Park",10025,3B,NA,2006,7642,7600.98,NA,2815338.57,NA,NA,NA,NA,1047.573,0.5656,3704983.063,Coal,"Natural Gas, Residual Oil",Cyclone boiler,NA,Combustion Modification/Fuel Reburning,Electrostatic Precipitator,NA,NBP
NY,"RED-Rochester, LLC-Eastman Business Park",10025,3B,NA,2007,6635,6629.53,NA,2318225.45,NA,NA,NA,NA,893.543,0.5828,3065041.16,Coal,"Natural Gas, Residual Oil",Cyclone boiler,NA,Combustion Modification/Fuel Reburning,Electrostatic Precipitator,NA,NBP
NY,"RED-Rochester, LLC-Eastman Business Park",10025,3B,NA,2008,7480,7476.65,NA,2647363.46,NA,NA,NA,NA,1030.137,0.5832,3528782.759,Coal,"Natural Gas, Residual Oil",Cyclone boiler,NA,Combustion Modification/Fuel Reburning,Electrostatic Precipitator,NA,"CAIROS, NBP"
NY,"RED-Rochester, LLC-Eastman Business Park",10025,3B,NA,2009,6140,6129.03,NA,2135203.85,NA,NA,NA,NA,806.323,0.5753,2795676.108,Coal,"Natural Gas, Residual Oil",Cyclone boiler,NA,Combustion Modification/Fuel Reburning,Electrostatic Precipitator,NA,CAIROS
NY,"RED-Rochester, LLC-Eastman Business Park",10025,3B,NA,2010,7607,7599.82,NA,2640030.78,NA,NA,NA,NA,996.951,0.5747,3465133.247,Coal,"Natural Gas, Residual Oil",Cyclone boiler,NA,Combustion Modification/Fuel Reburning,Electrostatic Precipitator,NA,CAIROS
NY,"RED-Rochester, LLC-Eastman Business Park",10025,3B,NA,2011,2604,2592.41,NA,857396.55,NA,NA,NA,NA,292.447,0.5376,1076962.98,Coal,"Natural Gas, Residual Oil",Cyclone boiler,NA,Combustion Modification/Fuel Reburning,Electrostatic Precipitator,NA,CAIROS
NY,"RED-Rochester, LLC-Eastman Business Park",10025,3B,NA,2012,2036,2034.74,NA,718837.92,NA,NA,NA,NA,244.381,0.5145,942712.282,Coal,"Natural Gas, Residual Oil",Cyclone boiler,NA,Combustion Modification/Fuel Reburning,Electrostatic Precipitator,NA,CAIROS
NY,"RED-Rochester, LLC-Eastman Business Park",10025,3B,NA,2013,3231,3221.38,NA,1128243.23,NA,NA,NA,NA,423.035,0.5643,1492049.338,Coal,"Natural Gas, Residual Oil",Cyclone boiler,NA,Combustion Modification/Fuel Reburning,Electrostatic Precipitator,NA,CAIROS
NY,"RED-Rochester, LLC-Eastman Business Park",10025,3B,NA,2014,6486,6482.08,NA,2390013.34,NA,NA,NA,NA,872.6,0.5695,3061849.746,Coal,"Natural Gas, Residual Oil",Cyclone boiler,NA,Combustion Modification/Fuel Reburning,Electrostatic Precipitator,NA,CAIROS
NY,"RED-Rochester, LLC-Eastman Business Park",10025,3B,NA,2015,6309,6296.55,NA,2313167.05,NA,NA,NA,NA,833.829,0.5607,2969121.52,Coal,"Natural Gas, Residual Oil",Cyclone boiler,NA,Combustion Modification/Fuel Reburning,Electrostatic Precipitator,NA,SIPNOX
NY,"RED-Rochester, LLC-Eastman Business Park",10025,3B,NA,2016,8573,8570.08,NA,3143748.89,NA,NA,NA,NA,1114.657,0.5526,4032278.449,Coal,"Natural Gas, Residual Oil",Cyclone boiler,NA,Combustion Modification/Fuel Reburning,Electrostatic Precipitator,NA,SIPNOX
NY,"RED-Rochester, LLC-Eastman Business Park",10025,3B,NA,2017,6011,6004.14,NA,2006446.98,NA,NA,NA,NA,679.996,0.5351,2534118.419,Coal,"Natural Gas, Residual Oil",Cyclone boiler,NA,Combustion Modification/Fuel Reburning,Electrostatic Precipitator,NA,SIPNOX
NY,"RED-Rochester, LLC-Eastman Business Park",10025,3B,NA,2018,767,763.9,NA,243411.16,NA,NA,NA,NA,79.019,0.4672,334384.167,Coal,"Natural Gas, Residual Oil",Cyclone boiler,NA,Combustion Modification/Fuel Reburning,Electrostatic Precipitator,NA,NA
NY,"RED-Rochester, LLC-Eastman Business Park",10025,4A,NA,1999,4878,4878,NA,2951190,NA,NA,NA,NA,1033.639,0.602,3434112,Coal,"Natural Gas, Residual Oil",Cyclone boiler,NA,Combustion Modification/Fuel Reburning,Electrostatic Precipitator,NA,OTC
NY,"RED-Rochester, LLC-Eastman Business Park",10025,4A,NA,2000,8099,8086.5,NA,3900718.75,NA,NA,NA,NA,1594.045,0.6854,1636800,Coal,"Natural Gas, Residual Oil",Cyclone boiler,NA,Combustion Modification/Fuel Reburning,Electrostatic Precipitator,NA,OTC
NY,"RED-Rochester, LLC-Eastman Business Park",10025,4A,NA,2001,7006,7003.75,NA,2930237.5,NA,NA,NA,NA,1196.647,NA,NA,Coal,"Natural Gas, Residual Oil",Cyclone boiler,NA,Combustion Modification/Fuel Reburning,Electrostatic Precipitator,NA,OTC
NY,"RED-Rochester, LLC-Eastman Business Park",10025,4A,NA,2002,2583,2578.5,NA,986575.5,NA,NA,NA,NA,369.999,0.6374,1262688.7,Coal,"Natural Gas, Residual Oil",Cyclone boiler,NA,Combustion Modification/Fuel Reburning,Electrostatic Precipitator,NA,OTC
NY,"RED-Rochester, LLC-Eastman Business Park",10025,4A,NA,2003,4064,4063,NA,1680519.25,NA,NA,NA,NA,594.969,0.9499,2233564.325,Coal,"Natural Gas, Residual Oil",Cyclone boiler,NA,Combustion Modification/Fuel Reburning,Electrostatic Precipitator,NA,NBP
NY,"RED-Rochester, LLC-Eastman Business Park",10025,4A,NA,2004,7201,7139.72,NA,3191073.77,NA,NA,NA,NA,1190.663,0.5759,4134931.13,Coal,"Natural Gas, Residual Oil",Cyclone boiler,NA,Combustion Modification/Fuel Reburning,Electrostatic Precipitator,NA,NBP
NY,"RED-Rochester, LLC-Eastman Business Park",10025,4A,NA,2005,3757,3756.27,NA,1686623.2,NA,NA,NA,NA,650.705,0.5748,2260049.6,Coal,"Natural Gas, Residual Oil",Cyclone boiler,NA,Combustion Modification/Fuel Reburning,Electrostatic Precipitator,NA,NBP
NY,"RED-Rochester, LLC-Eastman Business Park",10025,4A,NA,2006,799,798,NA,365044.5,NA,NA,NA,NA,136.545,0.5584,490809.95,Coal,"Natural Gas, Residual Oil",Cyclone boiler,NA,Combustion Modification/Fuel Reburning,Electrostatic Precipitator,NA,NBP
NY,"RED-Rochester, LLC-Eastman Business Park",10025,4A,NA,2007,5711,5704.51,NA,2421409.22,NA,NA,NA,NA,958.261,0.5836,3279729.931,Coal,"Natural Gas, Residual Oil",Cyclone boiler,NA,Combustion Modification/Fuel Reburning,Electrostatic Precipitator,NA,NBP
NY,"RED-Rochester, LLC-Eastman Business Park",10025,4A,NA,2008,7588,7582.75,NA,3557846.06,NA,NA,NA,NA,1391.483,0.5808,4779778.623,Coal,"Natural Gas, Residual Oil",Cyclone boiler,NA,Combustion Modification/Fuel Reburning,Electrostatic Precipitator,NA,"CAIROS, NBP"
NY,"RED-Rochester, LLC-Eastman Business Park",10025,4A,NA,2009,5284,5280.64,NA,2122124.69,NA,NA,NA,NA,828.286,0.5788,2855589.061,Coal,"Natural Gas, Residual Oil",Cyclone boiler,NA,Combustion Modification/Fuel Reburning,Electrostatic Precipitator,NA,CAIROS
NY,"RED-Rochester, LLC-Eastman Business Park",10025,4A,NA,2010,2042,2030.23,NA,880431.76,NA,NA,NA,NA,321.294,0.5685,1103256.272,Coal,"Natural Gas, Residual Oil",Cyclone boiler,NA,Combustion Modification/Fuel Reburning,Electrostatic Precipitator,NA,CAIROS
NY,"RED-Rochester, LLC-Eastman Business Park",10025,4A,NA,2011,8220,8215.73,NA,3852744.94,NA,NA,NA,NA,1393.483,0.5803,4795448.563,Coal,"Natural Gas, Residual Oil",Cyclone boiler,NA,Combustion Modification/Fuel Reburning,Electrostatic Precipitator,NA,CAIROS
NY,"RED-Rochester, LLC-Eastman Business Park",10025,4A,NA,2012,7821,7819,NA,3810618.83,NA,NA,NA,NA,1389.607,0.577,4811178.764,Coal,"Natural Gas, Residual Oil",Cyclone boiler,NA,Combustion Modification/Fuel Reburning,Electrostatic Precipitator,NA,CAIROS
NY,"RED-Rochester, LLC-Eastman Business Park",10025,4A,NA,2013,5688,5678.82,NA,2731791.4,NA,NA,NA,NA,977.542,0.5658,3428608.664,Coal,"Natural Gas, Residual Oil",Cyclone boiler,NA,Combustion Modification/Fuel Reburning,Electrostatic Precipitator,NA,CAIROS
NY,"RED-Rochester, LLC-Eastman Business Park",10025,4A,NA,2014,4477,4468.75,NA,2172022.82,NA,NA,NA,NA,758.23,0.5671,2660656.252,Coal,"Natural Gas, Residual Oil",Cyclone boiler,NA,Combustion Modification/Fuel Reburning,Electrostatic Precipitator,NA,CAIROS
NY,"RED-Rochester, LLC-Eastman Business Park",10025,4A,NA,2015,2951,2943.14,NA,1382267.09,NA,NA,NA,NA,476.538,0.5555,1704034.274,Coal,"Natural Gas, Residual Oil",Cyclone boiler,NA,Combustion Modification/Fuel Reburning,Electrostatic Precipitator,NA,SIPNOX
NY,"RED-Rochester, LLC-Eastman Business Park",10025,4A,NA,2016,1456,1450.31,NA,654804.75,NA,NA,NA,NA,220.381,0.5266,828356.106,Coal,"Natural Gas, Residual Oil",Cyclone boiler,NA,Combustion Modification/Fuel Reburning,Electrostatic Precipitator,NA,SIPNOX
NY,"RED-Rochester, LLC-Eastman Business Park",10025,4A,NA,2017,3816,3808.57,NA,1721170.92,NA,NA,NA,NA,586.146,0.5402,2166531.84,Coal,"Natural Gas, Residual Oil",Cyclone boiler,NA,Combustion Modification/Fuel Reburning,Electrostatic Precipitator,NA,SIPNOX
NY,"RED-Rochester, LLC-Eastman Business Park",10025,4A,NA,2018,485,481.47,NA,194458.51,NA,NA,NA,NA,62.869,0.5258,237726.799,Coal,"Natural Gas, Residual Oil",Cyclone boiler,NA,Combustion Modification/Fuel Reburning,Electrostatic Precipitator,NA,NA
NY,"RED-Rochester, LLC-Eastman Business Park",10025,4B,NA,1999,5683,5683,NA,3438215,NA,NA,NA,NA,869.15,0.4151,4188371,Coal,Diesel Oil,Tangentially-fired,NA,NA,Electrostatic Precipitator,NA,OTC
NY,"RED-Rochester, LLC-Eastman Business Park",10025,4B,NA,2000,7748,7729,NA,3989286.75,NA,NA,NA,NA,1080.179,0.4981,1518911.375,Coal,Diesel Oil,Tangentially-fired,NA,NA,Electrostatic Precipitator,NA,OTC
NY,"RED-Rochester, LLC-Eastman Business Park",10025,4B,NA,2001,7299,7295.25,NA,3391526,NA,NA,NA,NA,788.139,NA,NA,Coal,Diesel Oil,Tangentially-fired,NA,NA,Electrostatic Precipitator,NA,OTC
NY,"RED-Rochester, LLC-Eastman Business Park",10025,4B,NA,2002,8196,8196,NA,4154570,NA,NA,NA,NA,918.839,0.3524,3801334.2,Coal,Diesel Oil,Tangentially-fired,NA,NA,Electrostatic Precipitator,NA,OTC
NY,"RED-Rochester, LLC-Eastman Business Park",10025,4B,NA,2003,8236,8231.75,NA,3984425,NA,NA,NA,NA,831.019,0.3405,4921891.05,Coal,Diesel Oil,Tangentially-fired,NA,NA,Electrostatic Precipitator,NA,NBP
NY,"RED-Rochester, LLC-Eastman Business Park",10025,4B,NA,2004,7936,7870.96,NA,3719822.68,NA,NA,NA,NA,766.243,0.331,4666413.038,Coal,Diesel Oil,Tangentially-fired,NA,NA,Electrostatic Precipitator,NA,NBP
NY,"RED-Rochester, LLC-Eastman Business Park",10025,4B,NA,2005,8617,8617,NA,4042653,NA,NA,NA,NA,866.816,0.346,5016926.3,Coal,Diesel Oil,Tangentially-fired,NA,NA,Electrostatic Precipitator,NA,NBP
NY,"RED-Rochester, LLC-Eastman Business Park",10025,4B,NA,2006,7618,7581.2,NA,3650215.51,NA,NA,NA,NA,784.229,0.3424,4589272.462,Coal,Diesel Oil,Tangentially-fired,NA,NA,Electrostatic Precipitator,NA,NBP
NY,"RED-Rochester, LLC-Eastman Business Park",10025,4B,NA,2007,8543,8540.3,NA,3522027.84,NA,NA,NA,NA,713.378,0.3237,4422526.218,Coal,Diesel Oil,Tangentially-fired,NA,NA,Electrostatic Precipitator,NA,NBP
NY,"RED-Rochester, LLC-Eastman Business Park",10025,4B,NA,2008,7598,7595.26,NA,3151562.81,NA,NA,NA,NA,669.71,0.3427,3896565.93,Coal,Diesel Oil,Tangentially-fired,NA,NA,Electrostatic Precipitator,NA,"CAIROS, NBP"
NY,"RED-Rochester, LLC-Eastman Business Park",10025,4B,NA,2009,8715,8711.43,NA,3520592.92,NA,NA,NA,NA,756.454,0.3402,4460631.554,Coal,Diesel Oil,Tangentially-fired,NA,NA,Electrostatic Precipitator,NA,CAIROS
NY,"RED-Rochester, LLC-Eastman Business Park",10025,4B,NA,2010,7435,7433.6,NA,3204259.14,NA,NA,NA,NA,692.493,0.3473,3929044.822,Coal,Diesel Oil,Tangentially-fired,NA,NA,Electrostatic Precipitator,NA,CAIROS
NY,"RED-Rochester, LLC-Eastman Business Park",10025,4B,NA,2011,8717,8713.86,NA,3787646.13,NA,NA,NA,NA,877.9,0.3634,4833506.457,Coal,Diesel Oil,Tangentially-fired,NA,NA,Electrostatic Precipitator,NA,CAIROS
NY,"RED-Rochester, LLC-Eastman Business Park",10025,4B,NA,2012,7744,7741.65,NA,3181344.18,NA,NA,NA,NA,719.158,0.3566,4034887.648,Coal,Diesel Oil,Tangentially-fired,NA,NA,Electrostatic Precipitator,NA,CAIROS
NY,"RED-Rochester, LLC-Eastman Business Park",10025,4B,NA,2013,8667,8665.74,NA,3615656.05,NA,NA,NA,NA,751.577,0.3377,4471043.116,Coal,Diesel Oil,Tangentially-fired,NA,NA,Electrostatic Precipitator,NA,CAIROS
NY,"RED-Rochester, LLC-Eastman Business Park",10025,4B,NA,2014,6628,6621.62,NA,2623344.79,NA,NA,NA,NA,567.495,0.3333,3396777.228,Coal,Diesel Oil,Tangentially-fired,NA,NA,Electrostatic Precipitator,NA,CAIROS
NY,"RED-Rochester, LLC-Eastman Business Park",10025,4B,NA,2015,8137,8128.65,NA,3118097.98,NA,NA,NA,NA,691.806,0.3394,4058423.682,Coal,Diesel Oil,Tangentially-fired,NA,NA,Electrostatic Precipitator,NA,SIPNOX
NY,"RED-Rochester, LLC-Eastman Business Park",10025,4B,NA,2016,7343,7341.04,NA,2917490.56,NA,NA,NA,NA,583.168,0.3167,3658405.723,Coal,Diesel Oil,Tangentially-fired,NA,NA,Electrostatic Precipitator,NA,SIPNOX
NY,"RED-Rochester, LLC-Eastman Business Park",10025,4B,NA,2017,7356,7347.02,NA,2471995.72,NA,NA,NA,NA,328.693,0.2141,3023614.868,"Coal, Natural Gas","Coal, Diesel Oil",Tangentially-fired,NA,NA,Electrostatic Precipitator,NA,SIPNOX
NY,"RED-Rochester, LLC-Eastman Business Park",10025,4B,NA,2018,7715,7712.85,NA,2784070.6,NA,NA,NA,NA,167.247,0.0919,3665096.42,Natural Gas,Diesel Oil,Tangentially-fired,NA,NA,"Electrostatic Precipitator (Retired Nov 27, 2018)",NA,SIPNOX
NY,"RED-Rochester, LLC-Eastman Business Park",10025,4B,NA,2019,8119,8118.25,NA,2725478.5,NA,NA,NA,NA,181.287,0.1092,3366655.925,Natural Gas,Diesel Oil,Tangentially-fired,NA,NA,NA,NA,SIPNOX
NY,"RED-Rochester, LLC-Eastman Business Park",10025,4B,NA,2020,8781,7125,NA,2106163.5,NA,NA,NA,NA,141.19,0.1028,2744396.425,Natural Gas,Diesel Oil,Tangentially-fired,NA,NA,NA,NA,SIPNOX
NY,"RED-Rochester, LLC-Eastman Business Park",10025,4B,NA,2021,8095,7825.25,NA,2550748.25,NA,NA,NA,NA,160.335,0.0962,3364185.95,Natural Gas,Diesel Oil,Tangentially-fired,NA,NA,NA,NA,SIPNOX
NY,"RED-Rochester, LLC-Eastman Business Park",10025,4B,NA,2022,8602,8601.5,NA,2747934.5,NA,NA,NA,NA,170.442,0.0971,3531012.45,Natural Gas,Diesel Oil,Tangentially-fired,NA,NA,NA,NA,SIPNOX
NY,"RED-Rochester, LLC-Eastman Business Park",10025,4B,NA,2023,7620,7616,NA,2311530,NA,NA,NA,NA,135.719,0.0957,2897348.7,Natural Gas,Diesel Oil,Tangentially-fired,NA,NA,NA,NA,SIPNOX
NY,"RED-Rochester, LLC-Eastman Business Park",10025,4B,NA,2024,8396,8390.5,NA,2769145.25,NA,NA,NA,NA,111.68,0.0713,3118888.975,Natural Gas,Diesel Oil,Tangentially-fired,NA,NA,NA,NA,SIPNOX
NY,"Castleton Power, LLC",10190,1,NA,1999,2613,2514.5,159565.75,NA,NA,NA,NA,NA,45.032,0.0807,1283865.55,Pipeline Natural Gas,Diesel Oil,Combined cycle,NA,Steam Injection,NA,NA,OTC
NY,"Castleton Power, LLC",10190,1,NA,2000,5896,5682.25,397751.5,NA,NA,NA,NA,NA,102.111,0.0723,3105600.8,Pipeline Natural Gas,Diesel Oil,Combined cycle,NA,Steam Injection,NA,NA,OTC
NY,"Castleton Power, LLC",10190,1,NA,2001,5261,5130.74,342951.66,NA,0.593,0.001,117511.652,0.0591,96.07,0.075,2842141.209,Pipeline Natural Gas,Diesel Oil,Combined cycle,NA,Steam Injection,NA,NA,"ARP, OTC"
NY,"Castleton Power, LLC",10190,1,NA,2002,6078,5836.42,376533.97,NA,0.998,0.0011,196818.991,0.0591,110.604,0.0752,3311837.992,Pipeline Natural Gas,Diesel Oil,Combined cycle,NA,Steam Injection,NA,NA,"ARP, OTC"
NY,"Castleton Power, LLC",10190,1,NA,2003,3937,3809.49,239889.22,NA,8.492,0.0089,125889.208,0.0601,74.607,0.0809,2085817.582,Pipeline Natural Gas,Diesel Oil,Combined cycle,NA,Steam Injection,NA,NA,"ARP, NBP"
NY,"Castleton Power, LLC",10190,1,NA,2004,3120,3019.34,190566.07,NA,4.726,0.006,99850.534,0.0597,59.393,0.0807,1662730.589,Pipeline Natural Gas,Diesel Oil,Combined cycle,NA,Steam Injection,NA,NA,"ARP, NBP"
NY,"Castleton Power, LLC",10190,1,NA,2005,2945,2860.29,178879.09,NA,5.862,0.0077,94269.256,0.0599,59.576,0.085,1563968.831,Pipeline Natural Gas,Diesel Oil,Combined cycle,NA,Steam Injection,NA,NA,"ARP, NBP"
NY,"Castleton Power, LLC",10190,1,NA,2006,2425,2243.04,132553.89,NA,0.348,0.001,68923.933,0.0592,34.228,0.069,1159783.035,Pipeline Natural Gas,Diesel Oil,Combined cycle,NA,Steam Injection,NA,NA,"ARP, NBP"
NY,"Castleton Power, LLC",10190,1,NA,2007,4061,3831.03,238575.6,NA,3.167,0.0033,124590.749,0.0593,57.451,0.0645,2090557.669,Pipeline Natural Gas,Diesel Oil,Combined cycle,NA,Steam Injection,NA,NA,"ARP, NBP"
NY,"Castleton Power, LLC",10190,1,NA,2008,1577,1489.74,88723.57,NA,1.877,0.0049,46635.481,0.0594,25.355,0.0787,780639.409,Pipeline Natural Gas,Diesel Oil,Combined cycle,NA,Steam Injection,NA,NA,"ARP, CAIRNOX, CAIROS, NBP"
NY,"Castleton Power, LLC",10190,1,NA,2009,1273,1137.37,61182.7,NA,0.32,0.002,31464.224,0.0593,20.298,0.0911,528907.776,Pipeline Natural Gas,Diesel Oil,Combined cycle,NA,Steam Injection,NA,NA,"ARP, CAIRNOX, CAIROS, CAIRSO2, RGGI"
NY,"Castleton Power, LLC",10190,1,NA,2010,2833,2578.05,140547.7,NA,0.468,0.0012,72444.183,0.0591,51.021,0.0938,1218627.743,Pipeline Natural Gas,Diesel Oil,Combined cycle,NA,Steam Injection,NA,NA,"ARP, CAIRNOX, CAIROS, CAIRSO2, RGGI"
NY,"Castleton Power, LLC",10190,1,NA,2011,1901,1684.57,89042.18,NA,0.542,0.0018,45694.94,0.0593,33.059,0.0962,767748.738,Pipeline Natural Gas,Diesel Oil,Combined cycle,NA,Steam Injection,NA,NA,"ARP, CAIRNOX, CAIROS, CAIRSO2, RGGI"
NY,"Castleton Power, LLC",10190,1,NA,2012,2949,2770.26,147470.06,NA,0.47,0.0012,74568.194,0.0591,47.165,0.0835,1254384.04,Pipeline Natural Gas,Diesel Oil,Combined cycle,NA,Steam Injection,NA,NA,"ARP, CAIRNOX, CAIROS, CAIRSO2, RGGI"
NY,"Castleton Power, LLC",10190,1,NA,2013,2198,2023.37,110349.88,NA,1.059,0.0027,56461.669,0.0595,35.66,0.0828,947059.639,Pipeline Natural Gas,Diesel Oil,Combined cycle,NA,Steam Injection,NA,NA,"ARP, CAIRNOX, CAIROS, CAIRSO2, RGGI"
NY,"Castleton Power, LLC",10190,1,NA,2014,4379,4148.39,236709.24,NA,0.669,0.001,123785.976,0.0611,72.416,0.0791,2039078.319,Pipeline Natural Gas,Diesel Oil,Combined cycle,NA,Steam Injection,NA,NA,"ARP, CAIRNOX, CAIROS, CAIRSO2, RGGI"
NY,"Castleton Power, LLC",10190,1,NA,2015,4871,4806.52,293171.64,NA,0.805,0.001,153265.815,0.0599,80.699,0.067,2549479.296,Pipeline Natural Gas,Diesel Oil,Combined cycle,NA,Steam Injection,NA,NA,"ARP, CSNOX, CSNOXOS, CSSO2G1, RGGI"
NY,"Castleton Power, LLC",10190,1,NA,2016,4674,4603.57,274856.71,NA,0.71,0.001,140538.844,0.0592,83.273,0.0738,2364623.594,Pipeline Natural Gas,Diesel Oil,Combined cycle,NA,Steam Injection,NA,NA,"ARP, CSNOX, CSNOXOS, CSSO2G1, RGGI"
NY,"Castleton Power, LLC",10190,1,NA,2017,2760,2735.56,163941.12,NA,0.448,0.001,87340.804,0.0595,60.72,0.0857,1463237.713,Pipeline Natural Gas,Diesel Oil,Combined cycle,NA,Steam Injection,NA,NA,"ARP, CSNOX, CSOSG2, CSSO2G1, RGGI"
NY,"Castleton Power, LLC",10190,1,NA,2018,2301,2273.62,136116.6,NA,0.382,0.001,73756.805,0.0598,41.319,0.0707,1231299.889,Pipeline Natural Gas,Diesel Oil,Combined cycle,NA,Steam Injection,NA,NA,"ARP, CSNOX, CSOSG2, CSSO2G1, RGGI"
NY,"Castleton Power, LLC",10190,1,NA,2019,2417,2372.31,135263.36,NA,0.365,0.001,72312.39,0.0592,44.832,0.0787,1216663.482,Pipeline Natural Gas,Diesel Oil,Combined cycle,NA,Steam Injection,NA,NA,"ARP, CSNOX, CSOSG2, CSSO2G1, RGGI"
NY,"Castleton Power, LLC",10190,1,NA,2020,1541,1481.9,81564.51,NA,0.222,0.001,43928.712,0.0592,32.511,0.0964,739155.058,Pipeline Natural Gas,Diesel Oil,Combined cycle,NA,Steam Injection,NA,NA,"ARP, CSNOX, CSOSG2, CSSO2G1, RGGI"
NY,"Castleton Power, LLC",10190,1,NA,2021,2742,2620.09,151554.84,NA,0.412,0.001,81698.482,0.0593,54.664,0.0895,1374700.171,Pipeline Natural Gas,Diesel Oil,Combined cycle,NA,Steam Injection,NA,NA,"ARP, CSNOX, CSOSG3, CSSO2G1, RGGI"
NY,"Castleton Power, LLC",10190,1,NA,2022,3296,3136.51,182896.12,NA,0.497,0.001,98307.944,0.0594,60.773,0.0842,1653893.445,Pipeline Natural Gas,Diesel Oil,Combined cycle,NA,Steam Injection,NA,NA,"ARP, CSNOX, CSOSG3, CSSO2G1, RGGI"
NY,"Castleton Power, LLC",10190,1,NA,2023,1704,1634.46,93552.14,NA,0.256,0.001,50310.811,0.0594,32.554,0.0873,844955.459,Pipeline Natural Gas,Diesel Oil,Combined cycle,NA,Steam Injection,NA,NA,"ARP, CSNOX, CSOSG3, CSSO2G1, RGGI"
NY,"Castleton Power, LLC",10190,1,NA,2024,1585,1513.76,88709.63,NA,0.242,0.001,47866.668,0.0596,26.452,0.0751,805453.194,Pipeline Natural Gas,Diesel Oil,Combined cycle,NA,Steam Injection,NA,NA,"ARP, CSNOX, CSOSG2E, CSSO2G1, RGGI"
NY,"Black River Generation, LLC",10464,E0001,CS-1,1999,5878,5875.5,NA,994158.5,NA,NA,NA,NA,86.781,NA,NA,Coal,"Other Solid Fuel, Petroleum Coke, Tire Derived Fuel, Wood",Circulating fluidized bed boiler,Dry Lime FGD,NA,Baghouse,NA,OTC
NY,"Black River Generation, LLC",10464,E0001,CS-1,2000,8612,8608.5,NA,1407429.75,NA,NA,NA,NA,170.17,NA,NA,Coal,"Other Solid Fuel, Petroleum Coke, Tire Derived Fuel, Wood",Circulating fluidized bed boiler,Dry Lime FGD,NA,Baghouse,NA,OTC
NY,"Black River Generation, LLC",10464,E0001,CS-1,2001,8607,8592.98,NA,1403986.41,NA,NA,NA,NA,182.116,0.141,1037779.551,Coal,"Other Solid Fuel, Petroleum Coke, Tire Derived Fuel, Wood",Circulating fluidized bed boiler,Dry Lime FGD,NA,Baghouse,NA,OTC
NY,"Black River Generation, LLC",10464,E0001,CS-1,2002,8544,8535.1,NA,1448616.46,NA,NA,NA,NA,134.881,0.1299,2075906.975,Coal,"Other Solid Fuel, Petroleum Coke, Tire Derived Fuel, Wood",Circulating fluidized bed boiler,Dry Lime FGD,NA,Baghouse,NA,OTC
NY,"Black River Generation, LLC",10464,E0001,CS-1,2003,7348,7341.69,NA,1238273.12,NA,NA,NA,NA,127.093,0.1448,1762704.074,Coal,"Other Solid Fuel, Petroleum Coke, Tire Derived Fuel, Wood",Circulating fluidized bed boiler,Dry Lime FGD,NA,Baghouse,NA,NBP
NY,"Black River Generation, LLC",10464,E0001,CS-1,2004,8310,8293.75,NA,1379367.6,NA,NA,NA,NA,125.481,0.131,1929404.402,Coal,"Other Solid Fuel, Petroleum Coke, Tire Derived Fuel, Wood",Circulating fluidized bed boiler,Dry Lime FGD,NA,Baghouse,NA,NBP
NY,"Black River Generation, LLC",10464,E0001,CS-1,2005,6828,6819.35,674644,1173594.48,NA,NA,NA,NA,132.032,0.1605,1631332.881,Coal,"Other Solid Fuel, Petroleum Coke, Tire Derived Fuel, Wood",Circulating fluidized bed boiler,Dry Lime FGD,NA,Baghouse,NA,NBP
NY,"Black River Generation, LLC",10464,E0001,CS-1,2006,8286,8286,1565345,1565345,NA,NA,NA,NA,171.34,0.1697,2016620.054,Coal,"Other Solid Fuel, Petroleum Coke, Tire Derived Fuel, Wood",Circulating fluidized bed boiler,Dry Lime FGD,NA,Baghouse,NA,NBP
NY,"Black River Generation, LLC",10464,E0001,CS-1,2007,8025,8024.88,1137195,1526791.6,NA,NA,NA,NA,153.396,0.1661,1854241.377,Coal,"Other Solid Fuel, Petroleum Coke, Tire Derived Fuel, Wood",Circulating fluidized bed boiler,Dry Lime FGD,NA,Baghouse,NA,NBP
NY,"Black River Generation, LLC",10464,E0001,CS-1,2008,8488,8476.87,NA,1534161.6,NA,NA,NA,NA,152.399,0.1471,2071619.458,Coal,"Other Solid Fuel, Petroleum Coke, Tire Derived Fuel, Wood",Circulating fluidized bed boiler,Dry Lime FGD,NA,Baghouse,NA,"CAIRNOX, CAIROS, NBP"
NY,"Black River Generation, LLC",10464,E0001,CS-1,2009,1647,1633.04,NA,277501.04,90.53,0.5115,37538.334,0.1044,29.126,0.1603,358588.582,Coal,"Other Solid Fuel, Petroleum Coke, Tire Derived Fuel, Wood",Circulating fluidized bed boiler,Dry Lime FGD,NA,Baghouse,NA,"CAIRNOX, CAIROS, CAIRSO2, RGGI"
NY,"Black River Generation, LLC",10464,E0001,CS-1,2010,1585,1568.19,NA,255093.92,82.29,0.4503,38945.079,0.1046,34.44,0.1845,371381.575,Coal,"Other Solid Fuel, Petroleum Coke, Tire Derived Fuel, Wood",Circulating fluidized bed boiler,Dry Lime FGD,NA,Baghouse,NA,"CAIRNOX, CAIROS, CAIRSO2, RGGI"
NY,"Black River Generation, LLC",10464,E0001,CS-1,2011,0,0,NA,NA,NA,NA,NA,NA,NA,NA,NA,Coal,"Other Solid Fuel, Petroleum Coke, Tire Derived Fuel, Wood",Circulating fluidized bed boiler,Dry Lime FGD,NA,Baghouse,NA,"CAIRNOX, CAIROS, CAIRSO2, RGGI"
NY,"Black River Generation, LLC",10464,E0001,CS-1,2012,0,0,NA,NA,NA,NA,NA,NA,NA,NA,NA,Coal,"Other Solid Fuel, Petroleum Coke, Tire Derived Fuel, Wood",Circulating fluidized bed boiler,Dry Lime FGD,NA,Baghouse,NA,"CAIRNOX, CAIROS, CAIRSO2, RGGI"
NY,"Black River Generation, LLC",10464,E0001,CS-1,2013,4190,4156.23,NA,627838.96,10.395,0.0205,97821.468,0.1005,79.334,0.1528,989310.171,"Coal, Wood","Other Solid Fuel, Petroleum Coke, Tire Derived Fuel, Wood",Circulating fluidized bed boiler,NA,NA,Baghouse,NA,"CAIRNOX, CAIROS, CAIRSO2, RGGI"
NY,"Black River Generation, LLC",10464,E0001,CS-1,2014,7687,7661.24,NA,1164618.72,87.936,0.1116,168268,0.1073,93.036,0.1178,1573518.709,Wood,"Other Solid Fuel, Petroleum Coke, Tire Derived Fuel",Circulating fluidized bed boiler,NA,NA,Baghouse,NA,"CAIRNOX, CAIROS, CAIRSO2, RGGI"
NY,"Black River Generation, LLC",10464,E0001,CS-1,2015,7971,7948.32,NA,1101828.16,29.092,0.0396,177092.88,0.1079,108.79,0.1321,1642320.294,Wood,"Other Solid Fuel, Petroleum Coke, Tire Derived Fuel",Circulating fluidized bed boiler,NA,NA,Baghouse,NA,"CSNOX, CSNOXOS, CSSO2G1, RGGI"
NY,"Black River Generation, LLC",10464,E0001,CS-1,2016,8257,8242.11,NA,1183378.65,2.417,0.0026,207675.358,0.1074,135.43,0.1384,1935752.589,Wood,"Other Solid Fuel, Petroleum Coke, Tire Derived Fuel",Circulating fluidized bed boiler,NA,NA,Baghouse,NA,"CSNOX, CSNOXOS, CSSO2G1, RGGI"
NY,"Black River Generation, LLC",10464,E0001,CS-1,2017,8219,8201.84,NA,1224478.07,2.538,0.0025,210797.21,0.1073,136.31,0.137,1979051.026,Wood,"Other Solid Fuel, Petroleum Coke, Tire Derived Fuel",Circulating fluidized bed boiler,NA,NA,Baghouse,NA,"CSNOX, CSOSG2, CSSO2G1, RGGI"
NY,"Black River Generation, LLC",10464,E0001,CS-1,2018,8252,8238,NA,1248891.02,1.122,0.0011,208310.955,0.1064,141.215,0.1441,1958955.328,Wood,"Other Solid Fuel, Petroleum Coke, Tire Derived Fuel",Circulating fluidized bed boiler,NA,NA,Baghouse,NA,"CSNOX, CSOSG2, CSSO2G1, RGGI"
NY,"Black River Generation, LLC",10464,E0001,CS-1,2019,8083,8065.24,NA,1082868.62,5.783,0.0073,180431.774,0.107,110.502,0.1306,1701032.868,Wood,"Other Solid Fuel, Petroleum Coke, Tire Derived Fuel",Circulating fluidized bed boiler,NA,NA,Baghouse,NA,"CSNOX, CSOSG2, CSSO2G1, RGGI"
NY,"Black River Generation, LLC",10464,E0001,CS-1,2020,8318,8302.39,NA,1172154.25,23.267,0.0265,199807.622,0.1053,124.745,0.1301,1896607.611,Wood,"Other Solid Fuel, Petroleum Coke, Tire Derived Fuel",Circulating fluidized bed boiler,NA,NA,Baghouse,NA,"CSNOX, CSOSG2, CSSO2G1, RGGI"
NY,"Black River Generation, LLC",10464,E0001,CS-1,2021,7768,7749.87,NA,1077712.37,13.373,0.0134,200224.69,0.1054,123.397,0.1289,1898455.864,Wood,"Other Solid Fuel, Petroleum Coke, Tire Derived Fuel",Circulating fluidized bed boiler,NA,NA,Baghouse,NA,"CSNOX, CSOSG3, CSSO2G1, RGGI"
NY,"Black River Generation, LLC",10464,E0001,CS-1,2022,7914,7900.82,NA,982734.06,17.445,0.0202,168405.675,0.1059,99.612,0.1251,1589685.627,Wood,"Other Solid Fuel, Petroleum Coke, Tire Derived Fuel",Circulating fluidized bed boiler,NA,NA,Baghouse,NA,"CSNOX, CSOSG3, CSSO2G1, RGGI"
NY,"Black River Generation, LLC",10464,E0001,CS-1,2023,2475,2470.1,NA,279585.81,2.278,0.01,48801.042,0.1047,31.215,0.1353,463101.786,Wood,"Other Solid Fuel, Petroleum Coke, Tire Derived Fuel",Circulating fluidized bed boiler,NA,NA,Baghouse,NA,"CSNOX, CSSO2G1, RGGI"
NY,"Black River Generation, LLC",10464,E0001,CS-1,2024,0,0,NA,NA,NA,NA,NA,NA,NA,NA,NA,Wood,"Other Solid Fuel, Petroleum Coke, Tire Derived Fuel",Circulating fluidized bed boiler,NA,NA,Baghouse,NA,NA
NY,"Black River Generation, LLC",10464,E0002,CS-1,1999,5878,5876.25,NA,1011600.75,NA,NA,NA,NA,88.162,NA,NA,Coal,"Other Solid Fuel, Petroleum Coke, Tire Derived Fuel, Wood",Circulating fluidized bed boiler,Dry Lime FGD,NA,Baghouse,NA,OTC
NY,"Black River Generation, LLC",10464,E0002,CS-1,2000,8612,8608.5,NA,1450507.5,NA,NA,NA,NA,172.912,NA,NA,Coal,"Other Solid Fuel, Petroleum Coke, Tire Derived Fuel, Wood",Circulating fluidized bed boiler,Dry Lime FGD,NA,Baghouse,NA,OTC
NY,"Black River Generation, LLC",10464,E0002,CS-1,2001,8645,8628.69,NA,1432710.72,NA,NA,NA,NA,184.414,0.1409,1064314.922,Coal,"Other Solid Fuel, Petroleum Coke, Tire Derived Fuel, Wood",Circulating fluidized bed boiler,Dry Lime FGD,NA,Baghouse,NA,OTC
NY,"Black River Generation, LLC",10464,E0002,CS-1,2002,8580,8569.72,NA,1468709.9,NA,NA,NA,NA,135.92,0.1294,2099881.11,Coal,"Other Solid Fuel, Petroleum Coke, Tire Derived Fuel, Wood",Circulating fluidized bed boiler,Dry Lime FGD,NA,Baghouse,NA,OTC
NY,"Black River Generation, LLC",10464,E0002,CS-1,2003,6775,6757.84,NA,1149844.91,NA,NA,NA,NA,115.854,0.1415,1645053.659,Coal,"Other Solid Fuel, Petroleum Coke, Tire Derived Fuel, Wood",Circulating fluidized bed boiler,Dry Lime FGD,NA,Baghouse,NA,NBP
NY,"Black River Generation, LLC",10464,E0002,CS-1,2004,8470,8457.97,NA,1436587.51,NA,NA,NA,NA,129.671,0.13,2006507.164,Coal,"Other Solid Fuel, Petroleum Coke, Tire Derived Fuel, Wood",Circulating fluidized bed boiler,Dry Lime FGD,NA,Baghouse,NA,NBP
NY,"Black River Generation, LLC",10464,E0002,CS-1,2005,6901,6896.73,666744,1193161.61,NA,NA,NA,NA,133.151,0.159,1659730.526,Coal,"Other Solid Fuel, Petroleum Coke, Tire Derived Fuel, Wood",Circulating fluidized bed boiler,Dry Lime FGD,NA,Baghouse,NA,NBP
NY,"Black River Generation, LLC",10464,E0002,CS-1,2006,8114,8114,1535184,1535184,NA,NA,NA,NA,165.192,0.1667,1979490.708,Coal,"Other Solid Fuel, Petroleum Coke, Tire Derived Fuel, Wood",Circulating fluidized bed boiler,Dry Lime FGD,NA,Baghouse,NA,NBP
NY,"Black River Generation, LLC",10464,E0002,CS-1,2007,8386,8385.88,1213255,1593114.6,NA,NA,NA,NA,157.732,0.1658,1913908.037,Coal,"Other Solid Fuel, Petroleum Coke, Tire Derived Fuel, Wood",Circulating fluidized bed boiler,Dry Lime FGD,NA,Baghouse,NA,NBP
NY,"Black River Generation, LLC",10464,E0002,CS-1,2008,8610,8597.94,NA,1558309.41,NA,NA,NA,NA,155.129,0.1469,2109622.938,Coal,"Other Solid Fuel, Petroleum Coke, Tire Derived Fuel, Wood",Circulating fluidized bed boiler,Dry Lime FGD,NA,Baghouse,NA,"CAIRNOX, CAIROS, NBP"
NY,"Black River Generation, LLC",10464,E0002,CS-1,2009,1615,1595.71,NA,271102.16,89.905,0.5216,37599.585,0.1053,29.012,0.1659,358626.32,Coal,"Other Solid Fuel, Petroleum Coke, Tire Derived Fuel, Wood",Circulating fluidized bed boiler,Dry Lime FGD,NA,Baghouse,NA,"CAIRNOX, CAIROS, CAIRSO2, RGGI"
NY,"Black River Generation, LLC",10464,E0002,CS-1,2010,1684,1674.99,NA,278915.01,89.925,0.4449,42501.544,0.1048,37.619,0.1852,404852.838,Coal,"Other Solid Fuel, Petroleum Coke, Tire Derived Fuel, Wood",Circulating fluidized bed boiler,Dry Lime FGD,NA,Baghouse,NA,"CAIRNOX, CAIROS, CAIRSO2, RGGI"
NY,"Black River Generation, LLC",10464,E0002,CS-1,2011,0,0,NA,NA,NA,NA,NA,NA,NA,NA,NA,Coal,"Other Solid Fuel, Petroleum Coke, Tire Derived Fuel, Wood",Circulating fluidized bed boiler,Dry Lime FGD,NA,Baghouse,NA,"CAIRNOX, CAIROS, CAIRSO2, RGGI"
NY,"Black River Generation, LLC",10464,E0002,CS-1,2012,0,0,NA,NA,NA,NA,NA,NA,NA,NA,NA,Coal,"Other Solid Fuel, Petroleum Coke, Tire Derived Fuel, Wood",Circulating fluidized bed boiler,Dry Lime FGD,NA,Baghouse,NA,"CAIRNOX, CAIROS, CAIRSO2, RGGI"
NY,"Black River Generation, LLC",10464,E0002,CS-1,2013,5066,5058.95,NA,749678.02,11.597,0.0217,129508.27,0.1002,113.487,0.1572,1321860.443,"Coal, Wood","Other Solid Fuel, Petroleum Coke, Tire Derived Fuel, Wood",Circulating fluidized bed boiler,NA,NA,Baghouse,NA,"CAIRNOX, CAIROS, CAIRSO2, RGGI"
NY,"Black River Generation, LLC",10464,E0002,CS-1,2014,8137,8132.27,NA,1235228.86,92.519,0.1096,177654.241,0.1074,98.14,0.1175,1664807.486,Wood,"Other Solid Fuel, Petroleum Coke, Tire Derived Fuel",Circulating fluidized bed boiler,NA,NA,Baghouse,NA,"CAIRNOX, CAIROS, CAIRSO2, RGGI"
NY,"Black River Generation, LLC",10464,E0002,CS-1,2015,7921,7911.11,NA,1143509.65,33.646,0.0419,184245.719,0.108,112.782,0.1315,1705401.068,Wood,"Other Solid Fuel, Petroleum Coke, Tire Derived Fuel",Circulating fluidized bed boiler,NA,NA,Baghouse,NA,"CSNOX, CSNOXOS, CSSO2G1, RGGI"
NY,"Black River Generation, LLC",10464,E0002,CS-1,2016,8157,8144.91,NA,1182097.57,2.006,0.0025,207304.312,0.1074,135.807,0.1389,1930447.233,Wood,"Other Solid Fuel, Petroleum Coke, Tire Derived Fuel",Circulating fluidized bed boiler,NA,NA,Baghouse,NA,"CSNOX, CSNOXOS, CSSO2G1, RGGI"
NY,"Black River Generation, LLC",10464,E0002,CS-1,2017,8228,8215.9,NA,1185254.56,2.41,0.0024,204219.066,0.107,132.461,0.1374,1916361.072,Wood,"Other Solid Fuel, Petroleum Coke, Tire Derived Fuel",Circulating fluidized bed boiler,NA,NA,Baghouse,NA,"CSNOX, CSOSG2, CSSO2G1, RGGI"
NY,"Black River Generation, LLC",10464,E0002,CS-1,2018,8381,8368.9,NA,1284451.42,1.139,0.0011,213734.822,0.1063,145.62,0.1445,2012253.312,Wood,"Other Solid Fuel, Petroleum Coke, Tire Derived Fuel",Circulating fluidized bed boiler,NA,NA,Baghouse,NA,"CSNOX, CSOSG2, CSSO2G1, RGGI"
NY,"Black River Generation, LLC",10464,E0002,CS-1,2019,7849,7830.96,NA,1076925.74,5.828,0.0074,179923.348,0.1064,111.088,0.1307,1693866.887,Wood,"Other Solid Fuel, Petroleum Coke, Tire Derived Fuel",Circulating fluidized bed boiler,NA,NA,Baghouse,NA,"CSNOX, CSOSG2, CSSO2G1, RGGI"
NY,"Black River Generation, LLC",10464,E0002,CS-1,2020,8136,8120.63,NA,1159405.41,26.237,0.0292,197210.433,0.1052,123.329,0.13,1872816.277,Wood,"Other Solid Fuel, Petroleum Coke, Tire Derived Fuel",Circulating fluidized bed boiler,NA,NA,Baghouse,NA,"CSNOX, CSOSG2, CSSO2G1, RGGI"
NY,"Black River Generation, LLC",10464,E0002,CS-1,2021,7860,7848.06,NA,1109438.12,14.003,0.0138,206035.097,0.1054,127.528,0.1294,1953834.7,Wood,"Other Solid Fuel, Petroleum Coke, Tire Derived Fuel",Circulating fluidized bed boiler,NA,NA,Baghouse,NA,"CSNOX, CSOSG3, CSSO2G1, RGGI"
NY,"Black River Generation, LLC",10464,E0002,CS-1,2022,7901,7885.06,NA,1004190.21,16.46,0.019,172268.915,0.1059,101.812,0.1251,1624370.722,Wood,"Other Solid Fuel, Petroleum Coke, Tire Derived Fuel",Circulating fluidized bed boiler,NA,NA,Baghouse,NA,"CSNOX, CSOSG3, CSSO2G1, RGGI"
NY,"Black River Generation, LLC",10464,E0002,CS-1,2023,2370,2366.65,NA,268351,2.314,0.0091,46896.223,0.1053,29.555,0.1344,445133.8,Wood,"Other Solid Fuel, Petroleum Coke, Tire Derived Fuel",Circulating fluidized bed boiler,NA,NA,Baghouse,NA,"CSNOX, CSSO2G1, RGGI"
NY,"Black River Generation, LLC",10464,E0002,CS-1,2024,0,0,NA,NA,NA,NA,NA,NA,NA,NA,NA,Wood,"Other Solid Fuel, Petroleum Coke, Tire Derived Fuel",Circulating fluidized bed boiler,NA,NA,Baghouse,NA,NA
NY,"Black River Generation, LLC",10464,E0003,CS-1,1999,5878,5876.25,NA,969158,NA,NA,NA,NA,84.914,NA,NA,Coal,"Other Solid Fuel, Petroleum Coke, Tire Derived Fuel, Wood",Circulating fluidized bed boiler,Dry Lime FGD,NA,Baghouse,NA,OTC
NY,"Black River Generation, LLC",10464,E0003,CS-1,2000,8612,8608.5,NA,1423149.5,NA,NA,NA,NA,169.988,NA,NA,Coal,"Other Solid Fuel, Petroleum Coke, Tire Derived Fuel, Wood",Circulating fluidized bed boiler,Dry Lime FGD,NA,Baghouse,NA,OTC
NY,"Black River Generation, LLC",10464,E0003,CS-1,2001,8698,8686.81,NA,1386024.34,NA,NA,NA,NA,178.577,0.1411,1060949.061,Coal,"Other Solid Fuel, Petroleum Coke, Tire Derived Fuel, Wood",Circulating fluidized bed boiler,Dry Lime FGD,NA,Baghouse,NA,OTC
NY,"Black River Generation, LLC",10464,E0003,CS-1,2002,8390,8375.84,NA,1354795.04,NA,NA,NA,NA,126.376,0.1307,1940474.326,Coal,"Other Solid Fuel, Petroleum Coke, Tire Derived Fuel, Wood",Circulating fluidized bed boiler,Dry Lime FGD,NA,Baghouse,NA,OTC
NY,"Black River Generation, LLC",10464,E0003,CS-1,2003,6534,6518.13,NA,1091126.49,NA,NA,NA,NA,108.296,0.1396,1563371.571,Coal,"Other Solid Fuel, Petroleum Coke, Tire Derived Fuel, Wood",Circulating fluidized bed boiler,Dry Lime FGD,NA,Baghouse,NA,NBP
NY,"Black River Generation, LLC",10464,E0003,CS-1,2004,8424,8410.66,NA,1407708.2,NA,NA,NA,NA,128.019,0.1309,1968798.583,Coal,"Other Solid Fuel, Petroleum Coke, Tire Derived Fuel, Wood",Circulating fluidized bed boiler,Dry Lime FGD,NA,Baghouse,NA,NBP
NY,"Black River Generation, LLC",10464,E0003,CS-1,2005,6987,6983.35,663937,1199826.19,NA,NA,NA,NA,134.659,0.1597,1667663.53,Coal,"Other Solid Fuel, Petroleum Coke, Tire Derived Fuel, Wood",Circulating fluidized bed boiler,Dry Lime FGD,NA,Baghouse,NA,NBP
NY,"Black River Generation, LLC",10464,E0003,CS-1,2006,8368,8368,1579151,1579151,NA,NA,NA,NA,170.672,0.168,2033632.955,Coal,"Other Solid Fuel, Petroleum Coke, Tire Derived Fuel, Wood",Circulating fluidized bed boiler,Dry Lime FGD,NA,Baghouse,NA,NBP
NY,"Black River Generation, LLC",10464,E0003,CS-1,2007,8219,8218.88,1140894,1564552.6,NA,NA,NA,NA,156.572,0.1645,1924985.621,Coal,"Other Solid Fuel, Petroleum Coke, Tire Derived Fuel, Wood",Circulating fluidized bed boiler,Dry Lime FGD,NA,Baghouse,NA,NBP
NY,"Black River Generation, LLC",10464,E0003,CS-1,2008,8454,8440.8,NA,1523954.66,NA,NA,NA,NA,151.837,0.1472,2062419.943,Coal,"Other Solid Fuel, Petroleum Coke, Tire Derived Fuel, Wood",Circulating fluidized bed boiler,Dry Lime FGD,NA,Baghouse,NA,"CAIRNOX, CAIROS, NBP"
NY,"Black River Generation, LLC",10464,E0003,CS-1,2009,1337,1326.29,NA,228332.74,76.1,0.5182,30570.401,0.1034,23.138,0.1574,294020.361,Coal,"Other Solid Fuel, Petroleum Coke, Tire Derived Fuel, Wood",Circulating fluidized bed boiler,Dry Lime FGD,NA,Baghouse,NA,"CAIRNOX, CAIROS, CAIRSO2, RGGI"
NY,"Black River Generation, LLC",10464,E0003,CS-1,2010,1687,1675.66,NA,280178.72,90.14,0.4433,42734.178,0.105,37.788,0.1855,406359.279,Coal,"Other Solid Fuel, Petroleum Coke, Tire Derived Fuel, Wood",Circulating fluidized bed boiler,Dry Lime FGD,NA,Baghouse,NA,"CAIRNOX, CAIROS, CAIRSO2, RGGI"
NY,"Black River Generation, LLC",10464,E0003,CS-1,2011,0,0,NA,NA,NA,NA,NA,NA,NA,NA,NA,Coal,"Other Solid Fuel, Petroleum Coke, Tire Derived Fuel, Wood",Circulating fluidized bed boiler,Dry Lime FGD,NA,Baghouse,NA,"CAIRNOX, CAIROS, CAIRSO2, RGGI"
NY,"Black River Generation, LLC",10464,E0003,CS-1,2012,0,0,NA,NA,NA,NA,NA,NA,NA,NA,NA,Coal,"Other Solid Fuel, Petroleum Coke, Tire Derived Fuel, Wood",Circulating fluidized bed boiler,Dry Lime FGD,NA,Baghouse,NA,"CAIRNOX, CAIROS, CAIRSO2, RGGI"
NY,"Black River Generation, LLC",10464,E0003,CS-1,2013,4990,4945.15,NA,611702.76,37.322,0.0426,106356.703,0.0991,90.959,0.1929,1080867.848,"Coal, Wood","Other Solid Fuel, Petroleum Coke, Tire Derived Fuel, Wood",Circulating fluidized bed boiler,NA,NA,Baghouse,NA,"CAIRNOX, CAIROS, CAIRSO2, RGGI"
NY,"Black River Generation, LLC",10464,E0003,CS-1,2014,7069,7047.39,NA,1084826.99,77.614,0.1054,155593.208,0.1067,85.623,0.1163,1461467.077,Wood,"Other Solid Fuel, Petroleum Coke, Tire Derived Fuel",Circulating fluidized bed boiler,NA,NA,Baghouse,NA,"CAIRNOX, CAIROS, CAIRSO2, RGGI"
NY,"Black River Generation, LLC",10464,E0003,CS-1,2015,7541,7508.81,NA,1042192.01,28.931,0.0389,167767.442,0.1079,101.854,0.1315,1556528.092,Wood,"Other Solid Fuel, Petroleum Coke, Tire Derived Fuel",Circulating fluidized bed boiler,NA,NA,Baghouse,NA,"CSNOX, CSNOXOS, CSSO2G1, RGGI"
NY,"Black River Generation, LLC",10464,E0003,CS-1,2016,8016,8006.53,NA,1142731.09,2.274,0.0026,200737.142,0.1075,130.013,0.1377,1869309.292,Wood,"Other Solid Fuel, Petroleum Coke, Tire Derived Fuel",Circulating fluidized bed boiler,NA,NA,Baghouse,NA,"CSNOX, CSNOXOS, CSSO2G1, RGGI"
NY,"Black River Generation, LLC",10464,E0003,CS-1,2017,8360,8349.76,NA,1226754.32,2.402,0.0023,211839.689,0.1076,136.175,0.1365,1986067.866,Wood,"Other Solid Fuel, Petroleum Coke, Tire Derived Fuel",Circulating fluidized bed boiler,NA,NA,Baghouse,NA,"CSNOX, CSOSG2, CSSO2G1, RGGI"
NY,"Black River Generation, LLC",10464,E0003,CS-1,2018,8326,8314.44,NA,1284620.72,1.164,0.0011,214187.799,0.1064,145.233,0.1441,2014567.457,Wood,"Other Solid Fuel, Petroleum Coke, Tire Derived Fuel",Circulating fluidized bed boiler,NA,NA,Baghouse,NA,"CSNOX, CSOSG2, CSSO2G1, RGGI"
NY,"Black River Generation, LLC",10464,E0003,CS-1,2019,8196,8177.84,NA,1096144.1,5.494,0.0069,183367.94,0.107,113.288,0.1315,1727523.564,Wood,"Other Solid Fuel, Petroleum Coke, Tire Derived Fuel",Circulating fluidized bed boiler,NA,NA,Baghouse,NA,"CSNOX, CSOSG2, CSSO2G1, RGGI"
NY,"Black River Generation, LLC",10464,E0003,CS-1,2020,8153,8137.11,NA,1161556.27,25.356,0.0285,197516.728,0.1053,122.665,0.1295,1875210.89,Wood,"Other Solid Fuel, Petroleum Coke, Tire Derived Fuel",Circulating fluidized bed boiler,NA,NA,Baghouse,NA,"CSNOX, CSOSG2, CSSO2G1, RGGI"
NY,"Black River Generation, LLC",10464,E0003,CS-1,2021,7955,7935.76,NA,1114335.89,13.131,0.0136,207521.603,0.1058,128.006,0.1298,1965063.889,Wood,"Other Solid Fuel, Petroleum Coke, Tire Derived Fuel",Circulating fluidized bed boiler,NA,NA,Baghouse,NA,"CSNOX, CSOSG3, CSSO2G1, RGGI"
NY,"Black River Generation, LLC",10464,E0003,CS-1,2022,7897,7878.51,NA,971004.44,16.628,0.0197,166308.832,0.1058,98.437,0.1254,1568822.994,Wood,"Other Solid Fuel, Petroleum Coke, Tire Derived Fuel",Circulating fluidized bed boiler,NA,NA,Baghouse,NA,"CSNOX, CSOSG3, CSSO2G1, RGGI"
NY,"Black River Generation, LLC",10464,E0003,CS-1,2023,2449,2445.4,NA,275877,1.774,0.0084,48201.274,0.1047,30.834,0.1352,457382.293,Wood,"Other Solid Fuel, Petroleum Coke, Tire Derived Fuel",Circulating fluidized bed boiler,NA,NA,Baghouse,NA,"CSNOX, CSSO2G1, RGGI"
NY,"Black River Generation, LLC",10464,E0003,CS-1,2024,0,0,NA,NA,NA,NA,NA,NA,NA,NA,NA,Wood,"Other Solid Fuel, Petroleum Coke, Tire Derived Fuel",Circulating fluidized bed boiler,NA,NA,Baghouse,NA,NA
NY,"Beaver Falls, LLC",10617,1,NA,1999,2991,2936.25,156356.5,NA,NA,NA,NA,NA,17.643,0.0221,1837755.3,Pipeline Natural Gas,Diesel Oil,Combined cycle,NA,Selective Catalytic Reduction|Steam Injection,NA,NA,OTC
NY,"Beaver Falls, LLC",10617,1,NA,2000,2795,2635.5,131935,NA,NA,NA,NA,NA,16.117,0.0236,1586786.65,Pipeline Natural Gas,Diesel Oil,Combined cycle,NA,Selective Catalytic Reduction|Steam Injection,NA,NA,OTC
NY,"Beaver Falls, LLC",10617,1,NA,2001,1746,1685.75,80399.75,NA,NA,NA,NA,NA,8.844,0.0205,999657.6,Pipeline Natural Gas,Diesel Oil,Combined cycle,NA,Selective Catalytic Reduction|Steam Injection,NA,NA,OTC
NY,"Beaver Falls, LLC",10617,1,NA,2002,2113,2057.75,87650.5,NA,NA,NA,NA,NA,11.884,0.0236,1121162.525,Pipeline Natural Gas,Diesel Oil,Combined cycle,NA,Selective Catalytic Reduction|Steam Injection,NA,NA,OTC
NY,"Beaver Falls, LLC",10617,1,NA,2003,1367,1353,56716,NA,NA,NA,NA,NA,5.979,0.0221,567423.55,Pipeline Natural Gas,Diesel Oil,Combined cycle,NA,Selective Catalytic Reduction|Steam Injection,NA,NA,NBP
NY,"Beaver Falls, LLC",10617,1,NA,2004,266,239.68,8499.09,NA,NA,NA,NA,NA,0.976,0.0314,90190.98,Pipeline Natural Gas,Diesel Oil,Combined cycle,NA,Selective Catalytic Reduction|Steam Injection,NA,NA,NBP
NY,"Beaver Falls, LLC",10617,1,NA,2005,322,310.65,16673.04,NA,NA,NA,NA,NA,1.991,0.0341,143970.014,Pipeline Natural Gas,Diesel Oil,Combined cycle,NA,Selective Catalytic Reduction|Steam Injection,NA,NA,NBP
NY,"Beaver Falls, LLC",10617,1,NA,2006,0,0,NA,NA,NA,NA,NA,NA,NA,NA,NA,Pipeline Natural Gas,Diesel Oil,Combined cycle,NA,Selective Catalytic Reduction|Steam Injection,NA,NA,NBP
NY,"Beaver Falls, LLC",10617,1,NA,2007,982,937.73,64859.23,NA,NA,NA,NA,NA,7.363,0.0381,507334.615,Pipeline Natural Gas,Diesel Oil,Combined cycle,NA,Selective Catalytic Reduction|Steam Injection,NA,NA,NBP
NY,"Beaver Falls, LLC",10617,1,NA,2008,309,247.56,10251.62,NA,NA,NA,NA,NA,2.309,0.0789,119903.026,Pipeline Natural Gas,Diesel Oil,Combined cycle,NA,Selective Catalytic Reduction|Steam Injection,NA,NA,"CAIRNOX, CAIROS, NBP"
NY,"Beaver Falls, LLC",10617,1,NA,2009,431,379.82,14970.38,NA,0.358,0.0045,11432.224,0.0616,5.177,0.076,185131.901,Pipeline Natural Gas,Diesel Oil,Combined cycle,NA,Selective Catalytic Reduction|Steam Injection,NA,NA,"CAIRNOX, CAIROS, CAIRSO2, RGGI"
NY,"Beaver Falls, LLC",10617,1,NA,2010,56,36.14,1399.6,NA,0.063,0.0183,1123.137,0.0693,1.722,0.2067,17767.711,Pipeline Natural Gas,Diesel Oil,Combined cycle,NA,Selective Catalytic Reduction|Steam Injection,NA,NA,"CAIRNOX, CAIROS, CAIRSO2, RGGI"
NY,"Beaver Falls, LLC",10617,1,NA,2011,75,61.09,2327.76,NA,0.009,0.001,1781.207,0.0592,1.602,0.2037,29971.974,Pipeline Natural Gas,Diesel Oil,Combined cycle,NA,Selective Catalytic Reduction|Steam Injection,NA,NA,"CAIRNOX, CAIROS, CAIRSO2, RGGI"
NY,"Beaver Falls, LLC",10617,1,NA,2012,134,119.11,4801.41,NA,0.018,0.001,3546.881,0.0591,2.004,0.0754,59680.308,Pipeline Natural Gas,Diesel Oil,Combined cycle,NA,Selective Catalytic Reduction|Steam Injection,NA,NA,"CAIRNOX, CAIROS, CAIRSO2, RGGI"
NY,"Beaver Falls, LLC",10617,1,NA,2013,120,112.31,6888.05,NA,0.017,0.001,3397.429,0.0596,0.721,0.029,57174.094,Pipeline Natural Gas,Diesel Oil,Combined cycle,NA,Selective Catalytic Reduction|Steam Injection,NA,NA,"CAIRNOX, CAIROS, CAIRSO2, RGGI"
NY,"Beaver Falls, LLC",10617,1,NA,2014,25,22.31,1479.26,NA,0.004,0.001,744.823,0.059,0.127,0.0222,12531.406,Pipeline Natural Gas,Diesel Oil,Combined cycle,NA,Selective Catalytic Reduction|Steam Injection,NA,NA,"CAIRNOX, CAIROS, CAIRSO2, RGGI"
NY,"Beaver Falls, LLC",10617,1,NA,2015,61,54.55,3362.02,NA,0.009,0.001,1696.812,0.0591,0.494,0.0433,28551.641,Pipeline Natural Gas,Diesel Oil,Combined cycle,NA,Selective Catalytic Reduction|Steam Injection,NA,NA,"CSNOX, CSNOXOS, CSSO2G1, RGGI"
NY,"Beaver Falls, LLC",10617,1,NA,2016,55,47.27,2943.54,NA,0.008,0.001,1563.431,0.0599,0.443,0.0657,26310.549,Pipeline Natural Gas,Diesel Oil,Combined cycle,NA,Selective Catalytic Reduction|Steam Injection,NA,NA,"CSNOX, CSNOXOS, CSSO2G1, RGGI"
NY,"Beaver Falls, LLC",10617,1,NA,2017,112,102.66,6488.74,NA,0.016,0.001,3198.349,0.0591,0.87,0.0647,53821.349,Pipeline Natural Gas,Diesel Oil,Combined cycle,NA,Selective Catalytic Reduction|Steam Injection,NA,NA,"CSNOX, CSOSG2, CSSO2G1, RGGI"
NY,"Beaver Falls, LLC",10617,1,NA,2018,205,187.84,12098.64,NA,0.03,0.001,5963.211,0.0591,2.852,0.0979,100334.103,Pipeline Natural Gas,Diesel Oil,Combined cycle,NA,Selective Catalytic Reduction|Steam Injection,NA,NA,"CSNOX, CSOSG2, CSSO2G1, RGGI"
NY,"Beaver Falls, LLC",10617,1,NA,2019,38,33,2166.1,NA,0.006,0.001,1091.111,0.0594,0.514,0.1838,18357.198,Pipeline Natural Gas,Diesel Oil,Combined cycle,NA,Selective Catalytic Reduction|Steam Injection,NA,NA,"CSNOX, CSOSG2, CSSO2G1, RGGI"
NY,"Beaver Falls, LLC",10617,1,NA,2020,33,32.15,2380.64,NA,0.006,0.001,1180.788,0.0591,0.488,0.0637,19862.319,Pipeline Natural Gas,Diesel Oil,Combined cycle,NA,Selective Catalytic Reduction|Steam Injection,NA,NA,"CSNOX, CSOSG2, CSSO2G1, RGGI"
NY,"Beaver Falls, LLC",10617,1,NA,2021,85,76.71,4771.18,NA,0.012,0.001,2396.511,0.0591,0.701,0.0681,40319.946,Pipeline Natural Gas,Diesel Oil,Combined cycle,NA,Selective Catalytic Reduction|Steam Injection,NA,NA,"CSNOX, CSOSG3, CSSO2G1, RGGI"
NY,"Beaver Falls, LLC",10617,1,NA,2022,99,94.43,6047.21,NA,0.015,0.001,3028.926,0.0591,0.842,0.0645,50966.076,Pipeline Natural Gas,Diesel Oil,Combined cycle,NA,Selective Catalytic Reduction|Steam Injection,NA,NA,"CSNOX, CSOSG3, CSSO2G1, RGGI"
NY,"Beaver Falls, LLC",10617,1,NA,2023,83,79.13,4861.17,NA,0.013,0.001,2510.974,0.0591,0.606,0.0403,42254.879,Pipeline Natural Gas,Diesel Oil,Combined cycle,NA,Selective Catalytic Reduction|Steam Injection,NA,NA,"CSNOX, CSOSG3, CSSO2G1, RGGI"
NY,"Beaver Falls, LLC",10617,1,NA,2024,161,150.06,8718.42,NA,0.023,0.001,4503.894,0.0591,1.412,0.0722,75782.415,Pipeline Natural Gas,Diesel Oil,Combined cycle,NA,Selective Catalytic Reduction|Steam Injection,NA,NA,"CSNOX, CSOSG2E, CSSO2G1, RGGI"
NY,South Glens Falls Energy,10618,1,NA,1999,1674,1567.75,78235.25,NA,NA,NA,NA,NA,30.322,0.1034,630292.175,Pipeline Natural Gas,Diesel Oil,Combined cycle,NA,Steam Injection,NA,NA,OTC
NY,South Glens Falls Energy,10618,1,NA,2000,3171,2922.25,132617.25,NA,NA,NA,NA,NA,67.009,0.119,1259713.375,Pipeline Natural Gas,Diesel Oil,Combined cycle,NA,Steam Injection,NA,NA,OTC
NY,South Glens Falls Energy,10618,1,NA,2001,2947,2780.28,95944.3,NA,1.246,0.0022,68180.04,0.0591,79.138,0.1298,1229472.918,Pipeline Natural Gas,Diesel Oil,Combined cycle,NA,Steam Injection,NA,NA,"ARP, OTC"
NY,South Glens Falls Energy,10618,1,NA,2002,3887,3555.47,127116.57,NA,0.659,0.0013,91302.602,0.0593,92.191,0.1293,1532940.568,Pipeline Natural Gas,Diesel Oil,Combined cycle,NA,Steam Injection,NA,NA,"ARP, OTC"
NY,South Glens Falls Energy,10618,1,NA,2003,2364,2149.39,97501.07,NA,2.761,0.0069,57498.292,0.063,53.715,0.1283,912997.766,Pipeline Natural Gas,Diesel Oil,Combined cycle,NA,Steam Injection,NA,NA,"ARP, NBP"
NY,South Glens Falls Energy,10618,1,NA,2004,343,292.57,13324.08,NA,0.922,0.0146,7988.17,0.0667,8.293,0.1524,118375.595,Pipeline Natural Gas,Diesel Oil,Combined cycle,NA,Steam Injection,NA,NA,"ARP, NBP"
NY,South Glens Falls Energy,10618,1,NA,2005,793,704.88,32220.84,NA,0.168,0.0016,17346.46,0.0597,12.918,0.0987,289951.803,Pipeline Natural Gas,Diesel Oil,Combined cycle,NA,Steam Injection,NA,NA,"ARP, NBP"
NY,South Glens Falls Energy,10618,1,NA,2006,8,6.43,271.66,NA,0.038,0.0308,199.614,0.0809,0.314,0.2803,2467.905,Pipeline Natural Gas,Diesel Oil,Combined cycle,NA,Steam Injection,NA,NA,"ARP, NBP"
NY,Allegany Station No. 133,10619,00001,NA,1999,870,806.75,34464,0,0.096,0.001,19120.05,0.0593,26.316,0.1814,321685.675,Pipeline Natural Gas,NA,Combined cycle,NA,Water Injection|Selective Catalytic Reduction,NA,NA,"ARP, OTC"
NY,Allegany Station No. 133,10619,00001,NA,2000,2390,2335.75,109024.5,0,0.283,0.001,56146.675,0.0592,32.973,0.1191,944775.075,Pipeline Natural Gas,NA,Combined cycle,NA,Water Injection|Selective Catalytic Reduction,NA,NA,"ARP, OTC"
NY,Allegany Station No. 133,10619,00001,NA,2001,4576,4536.5,222565.75,NA,0.638,0.001,126359.025,0.0592,40.149,0.0461,2126222.05,Pipeline Natural Gas,NA,Combined cycle,NA,Water Injection|Selective Catalytic Reduction,NA,NA,"ARP, OTC"
NY,Allegany Station No. 133,10619,00001,NA,2002,4289,4274.5,207526,NA,0.594,0.001,117650.7,0.0592,32.288,0.0327,1979848.525,Pipeline Natural Gas,NA,Combined cycle,NA,Water Injection|Selective Catalytic Reduction,NA,NA,"ARP, OTC"
NY,Allegany Station No. 133,10619,00001,NA,2003,3639,3583.5,159379.5,NA,0.396,0.001,78486.5,0.0592,19.942,0.0311,1320688.525,Pipeline Natural Gas,NA,Combined cycle,NA,Water Injection|Selective Catalytic Reduction,NA,NA,"ARP, NBP"
NY,Allegany Station No. 133,10619,00001,NA,2004,2545,2458.75,90768.5,NA,0.235,0.001,46485.45,0.0593,11.44,0.031,782208.05,Pipeline Natural Gas,NA,Combined cycle,NA,Water Injection|Selective Catalytic Reduction,NA,NA,"ARP, NBP"
NY,Allegany Station No. 133,10619,00001,NA,2005,1752,1705.5,89864.5,NA,0.216,0.001,42831.025,0.0592,10.526,0.0298,720722.525,Pipeline Natural Gas,NA,Combined cycle,NA,Water Injection|Selective Catalytic Reduction,NA,NA,"ARP, NBP"
NY,Allegany Station No. 133,10619,00001,NA,2006,1246,1211.5,68196.75,NA,0.163,0.001,32295.025,0.0592,8.082,0.0306,543430.325,Pipeline Natural Gas,NA,Combined cycle,NA,Water Injection|Selective Catalytic Reduction,NA,NA,"ARP, NBP"
NY,Allegany Station No. 133,10619,00001,NA,2007,1527,1482,81436.5,NA,0.194,0.001,38380.15,0.0592,9.626,0.0309,645811.05,Pipeline Natural Gas,NA,Combined cycle,NA,Water Injection|Selective Catalytic Reduction,NA,NA,"ARP, NBP"
NY,Allegany Station No. 133,10619,00001,NA,2008,682,646.48,35199.21,NA,0.087,0.001,16790.497,0.0592,4.274,0.0319,282554.312,Pipeline Natural Gas,NA,Combined cycle,NA,Water Injection|Selective Catalytic Reduction,NA,NA,"ARP, CAIRNOX, CAIROS, NBP"
NY,Allegany Station No. 133,10619,00001,NA,2009,1107,1057.83,56550.05,NA,0.142,9e-4,26492.052,0.0592,6.696,0.0316,445803.75,Pipeline Natural Gas,NA,Combined cycle,NA,Water Injection|Selective Catalytic Reduction,NA,NA,"ARP, CAIRNOX, CAIROS, CAIRSO2, RGGI"
NY,Allegany Station No. 133,10619,00001,NA,2010,969,918.29,50599.28,NA,0.124,0.001,24580.835,0.0592,6.131,0.0308,413639.628,Pipeline Natural Gas,NA,Combined cycle,NA,Water Injection|Selective Catalytic Reduction,NA,NA,"ARP, CAIRNOX, CAIROS, CAIRSO2, RGGI"
NY,Allegany Station No. 133,10619,00001,NA,2011,2036,1880,78936.33,NA,0.197,0.001,38983.204,0.0593,9.542,0.0307,655964.407,Pipeline Natural Gas,NA,Combined cycle,NA,Water Injection|Selective Catalytic Reduction,NA,NA,"ARP, CAIRNOX, CAIROS, CAIRSO2, RGGI"
NY,Allegany Station No. 133,10619,00001,NA,2012,2047,1906.1,83646.06,NA,0.201,0.001,39818.57,0.0593,8.98,0.0274,670026.919,Pipeline Natural Gas,NA,Combined cycle,NA,Water Injection|Selective Catalytic Reduction,NA,NA,"ARP, CAIRNOX, CAIROS, CAIRSO2, RGGI"
NY,Allegany Station No. 133,10619,00001,NA,2013,13,9.44,423.15,NA,0.001,9e-4,213.118,0.0594,0.055,0.0574,3584.562,Pipeline Natural Gas,NA,Combined cycle,NA,Water Injection|Selective Catalytic Reduction,NA,NA,"ARP, CAIRNOX, CAIROS, CAIRSO2, RGGI"
NY,Allegany Station No. 133,10619,00001,NA,2014,2139,2044.05,103059.9,NA,0.245,0.001,48451.623,0.0592,12.032,0.031,815302.803,Pipeline Natural Gas,NA,Combined cycle,NA,Water Injection|Selective Catalytic Reduction,NA,NA,"ARP, CAIRNOX, CAIROS, CAIRSO2, RGGI"
NY,Allegany Station No. 133,10619,00001,NA,2015,2359,2227.39,113767.53,NA,0.271,0.001,53649.728,0.0592,13.136,0.0294,902771.666,Pipeline Natural Gas,NA,Combined cycle,NA,Water Injection|Selective Catalytic Reduction,NA,NA,"ARP, CSNOX, CSNOXOS, CSSO2G1, RGGI"
NY,Allegany Station No. 133,10619,00001,NA,2016,1952,1826.04,92201.96,NA,0.22,0.001,43533.443,0.0592,10.691,0.0295,732532.546,Pipeline Natural Gas,NA,Combined cycle,NA,Water Injection|Selective Catalytic Reduction,NA,NA,"ARP, CSNOX, CSNOXOS, CSSO2G1, RGGI"
NY,Allegany Station No. 133,10619,00001,NA,2017,774,692.35,35916.91,NA,0.086,0.001,17072,0.0592,4.351,0.0331,287270.572,Pipeline Natural Gas,NA,Combined cycle,NA,Water Injection|Selective Catalytic Reduction,NA,NA,"ARP, CSNOX, CSOSG2, CSSO2G1, RGGI"
NY,Allegany Station No. 133,10619,00001,NA,2018,899,822.1,39078.85,NA,0.094,0.001,18691.601,0.0592,4.627,0.0303,314518.91,Pipeline Natural Gas,NA,Combined cycle,NA,Water Injection|Selective Catalytic Reduction,NA,NA,"ARP, CSNOX, CSOSG2, CSSO2G1, RGGI"
NY,Allegany Station No. 133,10619,00001,NA,2019,447,386.8,17538.83,NA,0.043,0.001,8459.997,0.0592,2.22,0.0377,142364.471,Pipeline Natural Gas,NA,Combined cycle,NA,Water Injection|Selective Catalytic Reduction,NA,NA,"ARP, CSNOX, CSOSG2, CSSO2G1, RGGI"
NY,Allegany Station No. 133,10619,00001,NA,2020,475,420.57,19624.41,NA,0.047,0.001,9364.501,0.0592,2.375,0.0366,157585.291,Pipeline Natural Gas,NA,Combined cycle,NA,Water Injection|Selective Catalytic Reduction,NA,NA,"ARP, CSNOX, CSOSG2, CSSO2G1, RGGI"
NY,Allegany Station No. 133,10619,00001,NA,2021,401,348.74,15209.7,NA,0.039,0.001,7734.072,0.0592,2.035,0.0411,130143.225,Pipeline Natural Gas,NA,Combined cycle,NA,Water Injection|Selective Catalytic Reduction,NA,NA,"ARP, CSNOX, CSOSG3, CSSO2G1, RGGI"
NY,Allegany Station No. 133,10619,00001,NA,2022,1047,919.06,36072.82,NA,0.107,0.001,21280.83,0.0592,5.414,0.0369,358112.693,Pipeline Natural Gas,NA,Combined cycle,NA,Water Injection|Selective Catalytic Reduction,NA,NA,"ARP, CSNOX, CSOSG3, CSSO2G1, RGGI"
NY,Allegany Station No. 133,10619,00001,NA,2023,311,265.66,12637.49,NA,0.03,0.001,5982.533,0.0593,1.547,0.0421,100660.599,Pipeline Natural Gas,NA,Combined cycle,NA,Water Injection|Selective Catalytic Reduction,NA,NA,"ARP, CSNOX, CSOSG3, CSSO2G1, RGGI"
NY,Allegany Station No. 133,10619,00001,NA,2024,398,348.81,16657.92,NA,0.039,0.001,7799.133,0.0593,1.974,0.0378,131235.124,Pipeline Natural Gas,NA,Combined cycle,NA,Water Injection|Selective Catalytic Reduction,NA,NA,"ARP, CSNOX, CSOSG2E, CSSO2G1, RGGI"
NY,Carthage Energy,10620,1,NA,1999,1019,966.25,13623.25,NA,NA,NA,NA,NA,44.114,0.2657,379833.9,Pipeline Natural Gas,Diesel Oil,Combined cycle,NA,Steam Injection,NA,NA,OTC
NY,Carthage Energy,10620,1,NA,2000,1665,1617.5,84794,NA,NA,NA,NA,NA,48.38,0.1437,686917.2,Pipeline Natural Gas,Diesel Oil,Combined cycle,NA,Steam Injection,NA,NA,OTC
NY,Carthage Energy,10620,1,NA,2001,1727,1640.77,55095.95,NA,0.332,0.0016,38874.014,0.0593,47.034,0.1468,655219.594,Pipeline Natural Gas,Diesel Oil,Combined cycle,NA,Steam Injection,NA,NA,"ARP, OTC"
NY,Carthage Energy,10620,1,NA,2002,1812,1716.76,56625.57,NA,0.223,0.001,41100.555,0.0591,49.945,0.1487,692324.013,Pipeline Natural Gas,Diesel Oil,Combined cycle,NA,Steam Injection,NA,NA,"ARP, OTC"
NY,Carthage Energy,10620,1,NA,2003,798,742.36,28612.76,NA,1.594,0.0102,13474.829,0.0567,23.897,0.1785,286214.313,Pipeline Natural Gas,Diesel Oil,Combined cycle,NA,Steam Injection,NA,NA,"ARP, NBP"
NY,Carthage Energy,10620,1,NA,2004,147,129.67,5969.37,NA,0.644,0.0208,3703.118,0.0678,5.056,0.2008,53238.486,Pipeline Natural Gas,Diesel Oil,Combined cycle,NA,Steam Injection,NA,NA,"ARP, NBP"
NY,Carthage Energy,10620,1,NA,2005,322,288.02,13070.92,NA,0.344,0.0058,6995.774,0.0613,8.592,0.1587,113248.316,Pipeline Natural Gas,Diesel Oil,Combined cycle,NA,Steam Injection,NA,NA,"ARP, NBP"
NY,Carthage Energy,10620,1,NA,2006,286,263.14,12223.53,NA,0.031,0.001,6196.198,0.0593,7.166,0.1399,104250.618,Pipeline Natural Gas,Diesel Oil,Combined cycle,NA,Steam Injection,NA,NA,"ARP, NBP"
NY,Carthage Energy,10620,1,NA,2007,585,539.64,26080.86,NA,0.179,0.0018,13299.051,0.0597,15.785,0.1465,221784.679,Pipeline Natural Gas,Diesel Oil,Combined cycle,NA,Steam Injection,NA,NA,"ARP, NBP"
NY,Carthage Energy,10620,1,NA,2008,115,103,5038.61,NA,0.013,0.001,2598.968,0.0593,3.215,0.1504,43726.102,Pipeline Natural Gas,Diesel Oil,Combined cycle,NA,Steam Injection,NA,NA,"ARP, CAIRNOX, CAIROS, NBP"
NY,Carthage Energy,10620,1,NA,2009,116,98.72,4879.28,NA,0.173,0.0081,2704.926,0.0629,3.302,0.1538,42789.073,Pipeline Natural Gas,Diesel Oil,Combined cycle,NA,Steam Injection,NA,NA,"ARP, CAIRNOX, CAIROS, CAIRSO2, RGGI"
NY,Carthage Energy,10620,1,NA,2010,352,293.2,12603.73,NA,0.042,0.0016,6605.525,0.0595,7.655,0.1461,111010.824,Pipeline Natural Gas,Diesel Oil,Combined cycle,NA,Steam Injection,NA,NA,"ARP, CAIRNOX, CAIROS, CAIRSO2, RGGI"
NY,Carthage Energy,10620,1,NA,2011,171,150.29,6859.29,NA,0.018,0.001,3559.134,0.0592,4.038,0.1408,59892.546,Pipeline Natural Gas,Diesel Oil,Combined cycle,NA,Steam Injection,NA,NA,"ARP, CAIRNOX, CAIROS, CAIRSO2, RGGI"
NY,Carthage Energy,10620,1,NA,2012,621,547.54,24773.54,NA,0.066,0.001,13030.465,0.0592,14.768,0.1397,219262.22,Pipeline Natural Gas,Diesel Oil,Combined cycle,NA,Steam Injection,NA,NA,"ARP, CAIRNOX, CAIROS, CAIRSO2, RGGI"
NY,Carthage Energy,10620,1,NA,2013,81,67.88,3125.15,NA,0.009,0.001,1710.297,0.0593,1.694,0.1112,28775.152,Pipeline Natural Gas,Diesel Oil,Combined cycle,NA,Steam Injection,NA,NA,"ARP, CAIRNOX, CAIROS, CAIRSO2, RGGI"
NY,Carthage Energy,10620,1,NA,2014,296,241.92,11533.33,NA,0.264,0.0038,6613.115,0.0607,7.829,0.1508,107346.094,Pipeline Natural Gas,Diesel Oil,Combined cycle,NA,Steam Injection,NA,NA,"ARP, CAIRNOX, CAIROS, CAIRSO2, RGGI"
NY,Carthage Energy,10620,1,NA,2015,279,238.63,10224.42,NA,0.101,0.002,5609.734,0.0597,6.517,0.1432,93159.598,Pipeline Natural Gas,Diesel Oil,Combined cycle,NA,Steam Injection,NA,NA,"ARP, CSNOX, CSNOXOS, CSSO2G1, RGGI"
NY,Carthage Energy,10620,1,NA,2016,299,253.2,10568.14,NA,0.057,0.0015,5629.988,0.0596,7.39,0.1607,94231.027,Pipeline Natural Gas,Diesel Oil,Combined cycle,NA,Steam Injection,NA,NA,"ARP, CSNOX, CSNOXOS, CSSO2G1, RGGI"
NY,Carthage Energy,10620,1,NA,2017,150,121.76,5006.22,NA,0.014,0.001,2709.884,0.0592,2.862,0.1308,45596.043,Pipeline Natural Gas,Diesel Oil,Combined cycle,NA,Steam Injection,NA,NA,"ARP, CSNOX, CSOSG2, CSSO2G1, RGGI"
NY,Carthage Energy,10620,1,NA,2018,541,468.05,20264.28,NA,0.054,0.001,10733.032,0.0592,12.285,0.1392,180611.287,Pipeline Natural Gas,Diesel Oil,Combined cycle,NA,Steam Injection,NA,NA,"ARP, CSNOX, CSOSG2, CSSO2G1, RGGI"
NY,Carthage Energy,10620,1,NA,2019,87,78.08,3207.75,NA,0.009,0.001,1747.254,0.0593,1.969,0.1407,29396.529,Pipeline Natural Gas,Diesel Oil,Combined cycle,NA,Steam Injection,NA,NA,"ARP, CSNOX, CSOSG2, CSSO2G1, RGGI"
NY,Carthage Energy,10620,1,NA,2020,138,114.82,4697.04,NA,0.013,0.001,2551.519,0.0592,2.919,0.134,42939.676,Pipeline Natural Gas,Diesel Oil,Combined cycle,NA,Steam Injection,NA,NA,"ARP, CSNOX, CSOSG2, CSSO2G1, RGGI"
NY,Carthage Energy,10620,1,NA,2021,138,116.34,4986.08,NA,0.014,0.001,2684.06,0.0592,8.995,0.3949,45166.892,Pipeline Natural Gas,Diesel Oil,Combined cycle,NA,Steam Injection,NA,NA,"ARP, CSNOX, CSOSG3, CSSO2G1, RGGI"
NY,Carthage Energy,10620,1,NA,2022,77,66.42,2814.71,NA,0.008,0.001,1541.585,0.0592,5.454,0.4206,25931.064,Pipeline Natural Gas,Diesel Oil,Combined cycle,NA,Steam Injection,NA,NA,"ARP, CSNOX, CSOSG3, CSSO2G1, RGGI"
NY,Carthage Energy,10620,1,NA,2023,75,60.24,2292.92,NA,0.007,0.001,1300.4,0.0593,2.305,0.2346,21885.463,Pipeline Natural Gas,Diesel Oil,Combined cycle,NA,Steam Injection,NA,NA,"ARP, CSNOX, CSOSG3, CSSO2G1, RGGI"
NY,Carthage Energy,10620,1,NA,2024,90,77.2,3338.61,NA,0.009,0.001,1821.404,0.0593,2.247,0.1545,30646.286,Pipeline Natural Gas,Diesel Oil,Combined cycle,NA,Steam Injection,NA,NA,"ARP, CSNOX, CSOSG2E, CSSO2G1, RGGI"
NY,"Syracuse, LLC",10621,1,NA,1999,3829,3773,282046.75,NA,NA,NA,NA,NA,23.603,0.0221,2264726.125,Pipeline Natural Gas,Diesel Oil,Combined cycle,NA,Selective Catalytic Reduction|Steam Injection,NA,NA,OTC
NY,"Syracuse, LLC",10621,1,NA,2000,2511,2400.75,147117.25,NA,6.904,0.0108,73520.175,0.0596,16.529,0.0338,1228028.275,Pipeline Natural Gas,Diesel Oil,Combined cycle,NA,Selective Catalytic Reduction|Steam Injection,NA,NA,"ARP, OTC"
NY,"Syracuse, LLC",10621,1,NA,2001,1714,1661.5,104739,NA,0.312,0.0011,46911.925,0.0591,8.679,0.0259,789310.975,Pipeline Natural Gas,Diesel Oil,Combined cycle,NA,Selective Catalytic Reduction|Steam Injection,NA,NA,"ARP, OTC"
NY,"Syracuse, LLC",10621,1,NA,2002,2569,2520.25,94475.75,NA,1.75,0.0045,67917.75,0.0593,13.184,0.0256,1140864.9,Pipeline Natural Gas,Diesel Oil,Combined cycle,NA,Selective Catalytic Reduction|Steam Injection,NA,NA,"ARP, OTC"
NY,"Syracuse, LLC",10621,1,NA,2003,494,469,15638.25,NA,0.357,0.0019,11421.3,0.0593,3.272,0.0409,191755.95,Pipeline Natural Gas,Diesel Oil,Combined cycle,NA,Selective Catalytic Reduction|Steam Injection,NA,NA,"ARP, NBP"
NY,"Syracuse, LLC",10621,1,NA,2004,1033,986.58,36783.96,NA,0.139,0.0011,27587.346,0.0591,6.438,0.0356,464194.969,Pipeline Natural Gas,Diesel Oil,Combined cycle,NA,Selective Catalytic Reduction|Steam Injection,NA,NA,"ARP, NBP"
NY,"Syracuse, LLC",10621,1,NA,2005,298,261.99,11339.16,NA,0.067,0.0021,6804.435,0.0596,3.054,0.0762,113917.898,Pipeline Natural Gas,Diesel Oil,Combined cycle,NA,Selective Catalytic Reduction|Steam Injection,NA,NA,"ARP, NBP"
NY,"Syracuse, LLC",10621,1,NA,2006,1159,1081.48,66360.57,NA,0.162,0.001,32140.483,0.0592,8.329,0.0436,540822.648,Pipeline Natural Gas,Diesel Oil,Combined cycle,NA,Selective Catalytic Reduction|Steam Injection,NA,NA,"ARP, NBP"
NY,"Syracuse, LLC",10621,1,NA,2007,1112,1038.31,72261.98,NA,0.171,0.001,33889.687,0.0591,9.903,0.0445,570231.369,Pipeline Natural Gas,Diesel Oil,Combined cycle,NA,Selective Catalytic Reduction|Steam Injection,NA,NA,"ARP, NBP"
NY,"Syracuse, LLC",10621,1,NA,2008,455,418.62,22508.77,NA,0.064,0.001,12701.304,0.0591,7.444,0.0822,213722.738,Pipeline Natural Gas,Diesel Oil,Combined cycle,NA,Selective Catalytic Reduction|Steam Injection,NA,NA,"ARP, CAIRNOX, CAIROS, NBP"
NY,"Syracuse, LLC",10621,1,NA,2009,495,428.45,18649.73,NA,0.098,0.0029,12698.901,0.0603,8.635,0.1114,213065.805,Pipeline Natural Gas,Diesel Oil,Combined cycle,NA,Selective Catalytic Reduction|Steam Injection,NA,NA,"ARP, CAIRNOX, CAIROS, CAIRSO2, RGGI"
NY,"Syracuse, LLC",10621,1,NA,2010,142,128.6,5401.26,NA,0.019,0.001,3840.256,0.0592,2.265,0.0885,64618.587,Pipeline Natural Gas,Diesel Oil,Combined cycle,NA,Selective Catalytic Reduction|Steam Injection,NA,NA,"ARP, CAIRNOX, CAIROS, CAIRSO2, RGGI"
NY,"Syracuse, LLC",10621,1,NA,2011,166,147.12,6773.55,NA,0.024,0.001,4656.939,0.0591,9.549,0.3741,78359.03,Pipeline Natural Gas,Diesel Oil,Combined cycle,NA,Selective Catalytic Reduction|Steam Injection,NA,NA,"ARP, CAIRNOX, CAIROS, CAIRSO2, RGGI"
NY,"Syracuse, LLC",10621,1,NA,2012,282,250.45,11925.01,NA,0.041,0.001,8205.263,0.0589,9.039,0.3103,138061.837,Pipeline Natural Gas,Diesel Oil,Combined cycle,NA,Selective Catalytic Reduction|Steam Injection,NA,NA,"ARP, CAIRNOX, CAIROS, CAIRSO2, RGGI"
NY,"Syracuse, LLC",10621,1,NA,2013,410,385.85,23902.42,NA,0.066,0.001,13063.62,0.0589,9.788,0.1845,219825.64,Pipeline Natural Gas,Diesel Oil,Combined cycle,NA,Selective Catalytic Reduction|Steam Injection,NA,NA,"ARP, CAIRNOX, CAIROS, CAIRSO2, RGGI"
NY,"Syracuse, LLC",10621,1,NA,2014,679,654.05,44129.25,NA,0.105,0.001,20874.344,0.0591,12.17,0.1313,351246.499,Pipeline Natural Gas,Diesel Oil,Combined cycle,NA,Selective Catalytic Reduction|Steam Injection,NA,NA,"ARP, CAIRNOX, CAIROS, CAIRSO2, RGGI"
NY,"Syracuse, LLC",10621,1,NA,2015,434,412.8,28688.53,NA,0.069,0.001,13716.36,0.0589,8.357,0.1415,230789.108,Pipeline Natural Gas,Diesel Oil,Combined cycle,NA,Selective Catalytic Reduction|Steam Injection,NA,NA,"ARP, CSNOX, CSNOXOS, CSSO2G1, RGGI"
NY,"Syracuse, LLC",10621,1,NA,2016,440,427.41,30058.97,NA,0.073,0.001,14404.662,0.0591,6.724,0.1048,242396.741,Pipeline Natural Gas,Diesel Oil,Combined cycle,NA,Selective Catalytic Reduction|Steam Injection,NA,NA,"ARP, CSNOX, CSNOXOS, CSSO2G1, RGGI"
NY,"Syracuse, LLC",10621,1,NA,2017,344,328.28,22188.57,NA,0.053,0.001,10500.612,0.0591,4.82,0.1031,176702.28,Pipeline Natural Gas,Diesel Oil,Combined cycle,NA,Selective Catalytic Reduction|Steam Injection,NA,NA,"ARP, CSNOX, CSOSG2, CSSO2G1, RGGI"
NY,"Syracuse, LLC",10621,1,NA,2018,570,514.3,35299.09,NA,0.085,0.001,16759.623,0.0591,8.874,0.1674,282012.151,Pipeline Natural Gas,Diesel Oil,Combined cycle,NA,Selective Catalytic Reduction|Steam Injection,NA,NA,"ARP, CSNOX, CSOSG2, CSSO2G1, RGGI"
NY,"Syracuse, LLC",10621,1,NA,2019,290,273.32,15092.83,NA,0.037,0.001,7409.839,0.0592,4.246,0.1423,124672.024,Pipeline Natural Gas,Diesel Oil,Combined cycle,NA,Selective Catalytic Reduction|Steam Injection,NA,NA,"ARP, CSNOX, CSOSG2, CSSO2G1, RGGI"
NY,"Syracuse, LLC",10621,1,NA,2020,116,108.89,6043.22,NA,0.015,0.001,3005.003,0.0592,2.436,0.2223,50565.66,Pipeline Natural Gas,Diesel Oil,Combined cycle,NA,Selective Catalytic Reduction|Steam Injection,NA,NA,"ARP, CSNOX, CSOSG2, CSSO2G1, RGGI"
NY,"Syracuse, LLC",10621,1,NA,2021,223,205.83,13638.04,NA,0.033,0.001,6600.704,0.0592,4.9,0.2232,111074.046,Pipeline Natural Gas,Diesel Oil,Combined cycle,NA,Selective Catalytic Reduction|Steam Injection,NA,NA,"ARP, CSNOX, CSOSG3, CSSO2G1, RGGI"
NY,"Syracuse, LLC",10621,1,NA,2022,76,65.79,3168.15,NA,0.009,0.001,1739.505,0.0584,3.861,0.5371,29269.106,Pipeline Natural Gas,Diesel Oil,Combined cycle,NA,Selective Catalytic Reduction|Steam Injection,NA,NA,"ARP, CSNOX, CSOSG3, CSSO2G1, RGGI"
NY,"Syracuse, LLC",10621,1,NA,2023,208,189.79,12237.82,NA,0.031,0.001,6152.986,0.0592,6.344,0.3224,103536.573,Pipeline Natural Gas,Diesel Oil,Combined cycle,NA,Selective Catalytic Reduction|Steam Injection,NA,NA,"ARP, CSNOX, CSOSG3, CSSO2G1, RGGI"
NY,"Syracuse, LLC",10621,1,NA,2024,252,245.36,17632.78,NA,0.043,0.001,8543.407,0.0591,5.353,0.1516,143750.989,Pipeline Natural Gas,Diesel Oil,Combined cycle,NA,Selective Catalytic Reduction|Steam Injection,NA,NA,"ARP, CSNOX, CSOSG2E, CSSO2G1, RGGI"
NY,Selkirk Cogen Partners,10725,CTG101,NA,1999,7379,7366.75,616913,0,NA,NA,NA,NA,241.851,0.0798,6202943.15,Pipeline Natural Gas,Diesel Oil,Combined cycle,NA,Steam Injection,NA,NA,OTC
NY,Selkirk Cogen Partners,10725,CTG101,NA,2000,8400,8399.75,687845.25,0,NA,NA,NA,NA,290.533,0.0788,7367025.85,Pipeline Natural Gas,Diesel Oil,Combined cycle,NA,Steam Injection,NA,NA,OTC
NY,Selkirk Cogen Partners,10725,CTG101,NA,2001,6794,6792.5,586166.5,0,NA,NA,NA,NA,233.204,0.0754,6204889.85,Pipeline Natural Gas,Diesel Oil,Combined cycle,NA,Steam Injection,NA,NA,OTC
NY,Selkirk Cogen Partners,10725,CTG101,NA,2002,8375,8371.5,700285.5,NA,NA,NA,NA,NA,283.235,0.0764,7396360.675,Pipeline Natural Gas,Diesel Oil,Combined cycle,NA,Steam Injection,NA,NA,OTC
NY,Selkirk Cogen Partners,10725,CTG101,NA,2003,8538,8525.75,708543.5,NA,NA,NA,NA,NA,280.179,0.0749,7429703.375,Pipeline Natural Gas,Diesel Oil,Combined cycle,NA,Steam Injection,NA,NA,NBP
NY,Selkirk Cogen Partners,10725,CTG101,NA,2004,7850,7812.5,786357,NA,NA,NA,NA,NA,245.225,0.0711,6877654.825,Pipeline Natural Gas,Diesel Oil,Combined cycle,NA,Steam Injection,NA,NA,NBP
NY,Selkirk Cogen Partners,10725,CTG101,NA,2005,6989,6979.5,776073,NA,NA,NA,NA,NA,217.26,0.0716,6043468.8,Pipeline Natural Gas,Diesel Oil,Combined cycle,NA,Steam Injection,NA,NA,NBP
NY,Selkirk Cogen Partners,10725,CTG101,NA,2006,6312,6259.65,687622.76,NA,NA,NA,NA,NA,209.097,0.0717,5846374.613,Pipeline Natural Gas,Diesel Oil,Combined cycle,NA,Steam Injection,NA,NA,NBP
NY,Selkirk Cogen Partners,10725,CTG101,NA,2007,6206,6128.07,654763.18,NA,NA,NA,NA,NA,202.277,0.0744,5485424.163,Pipeline Natural Gas,Diesel Oil,Combined cycle,NA,Steam Injection,NA,NA,NBP
NY,Selkirk Cogen Partners,10725,CTG101,NA,2008,6079,6020.23,665733.6,NA,0.852,0.001,168661.876,0.059,203.142,0.075,5434577.814,Pipeline Natural Gas,Diesel Oil,Combined cycle,NA,Steam Injection,NA,NA,"ARP, CAIRNOX, CAIROS, NBP"
NY,Selkirk Cogen Partners,10725,CTG101,NA,2009,4897,4873.8,539785.26,NA,1.325,0.001,258646.336,0.059,169.38,0.078,4352245.952,Pipeline Natural Gas,Diesel Oil,Combined cycle,NA,Steam Injection,NA,NA,"ARP, CAIRNOX, CAIROS, CAIRSO2, RGGI"
NY,Selkirk Cogen Partners,10725,CTG101,NA,2010,5721,5707.06,630663.41,NA,1.571,0.001,311091.787,0.059,198.001,0.0756,5234752.605,Pipeline Natural Gas,Diesel Oil,Combined cycle,NA,Steam Injection,NA,NA,"ARP, CAIRNOX, CAIROS, CAIRSO2, RGGI"
NY,Selkirk Cogen Partners,10725,CTG101,NA,2011,7165,7155.51,769246.74,NA,1.897,0.001,375652.244,0.059,237.845,0.0753,6321225.396,Pipeline Natural Gas,Diesel Oil,Combined cycle,NA,Steam Injection,NA,NA,"ARP, CAIRNOX, CAIROS, CAIRSO2, RGGI"
NY,Selkirk Cogen Partners,10725,CTG101,NA,2012,5847,5822.19,623242.95,NA,1.55,0.001,307039.015,0.059,200.889,0.0782,5166728.523,Pipeline Natural Gas,Diesel Oil,Combined cycle,NA,Steam Injection,NA,NA,"ARP, CAIRNOX, CAIROS, CAIRSO2, RGGI"
NY,Selkirk Cogen Partners,10725,CTG101,NA,2013,5635,5588.22,592539.07,NA,1.453,0.001,287788.98,0.059,193.025,0.0802,4842814.317,Pipeline Natural Gas,Diesel Oil,Combined cycle,NA,Steam Injection,NA,NA,"ARP, CAIRNOX, CAIROS, CAIRSO2, RGGI"
NY,Selkirk Cogen Partners,10725,CTG101,NA,2014,3633,3611.74,400131.93,NA,0.971,0.001,192421.044,0.059,129.361,0.0805,3237997.256,Pipeline Natural Gas,Diesel Oil,Combined cycle,NA,Steam Injection,NA,NA,"ARP, CAIRNOX, CAIROS, CAIRSO2, RGGI"
NY,Selkirk Cogen Partners,10725,CTG101,NA,2015,3434,3383.89,402805.04,NA,0.959,0.001,190021.97,0.059,128.141,0.0807,3197432.716,Pipeline Natural Gas,Diesel Oil,Combined cycle,NA,Steam Injection,NA,NA,"ARP, CSNOX, CSNOXOS, CSSO2G1, RGGI"
NY,Selkirk Cogen Partners,10725,CTG101,NA,2016,1701,1666.5,197604.96,NA,0.465,0.001,92124.017,0.059,60.558,0.0785,1550184.572,Pipeline Natural Gas,Diesel Oil,Combined cycle,NA,Steam Injection,NA,NA,"ARP, CSNOX, CSNOXOS, CSSO2G1, RGGI"
NY,Selkirk Cogen Partners,10725,CTG101,NA,2017,374,364.6,41226.85,NA,0.098,0.001,19328.038,0.059,12.479,0.0771,325232.259,Pipeline Natural Gas,Diesel Oil,Combined cycle,NA,Steam Injection,NA,NA,"ARP, CSNOX, CSOSG2, CSSO2G1, RGGI"
NY,Selkirk Cogen Partners,10725,CTG101,NA,2018,331,321.04,35927.95,NA,0.084,0.001,16681.117,0.059,11.163,0.0803,280688.469,Pipeline Natural Gas,Diesel Oil,Combined cycle,NA,Steam Injection,NA,NA,"ARP, CSNOX, CSOSG2, CSSO2G1, RGGI"
NY,Selkirk Cogen Partners,10725,CTG101,NA,2019,215,206.67,22212.41,NA,0.054,0.001,10713.425,0.059,7.351,0.0848,180260.147,Pipeline Natural Gas,Diesel Oil,Combined cycle,NA,Steam Injection,NA,NA,"ARP, CSNOX, CSOSG2, CSSO2G1, RGGI"
NY,Selkirk Cogen Partners,10725,CTG101,NA,2020,329,317.94,34804.08,NA,0.082,0.001,16267.296,0.059,11.137,0.082,273743.266,Pipeline Natural Gas,Diesel Oil,Combined cycle,NA,Steam Injection,NA,NA,"ARP, CSNOX, CSOSG2, CSSO2G1, RGGI"
NY,Selkirk Cogen Partners,10725,CTG101,NA,2021,169,163.13,12184.73,NA,0.042,0.001,8256.127,0.059,5.651,0.0825,138938.35,Pipeline Natural Gas,Diesel Oil,Combined cycle,NA,Steam Injection,NA,NA,"ARP, CSNOX, CSOSG3, CSSO2G1, RGGI"
NY,Selkirk Cogen Partners,10725,CTG101,NA,2022,573,562.59,60390.52,NA,0.149,0.001,29524.178,0.059,19.558,0.08,496784.395,Pipeline Natural Gas,Diesel Oil,Combined cycle,NA,Steam Injection,NA,NA,"ARP, CSNOX, CSOSG3, CSSO2G1, RGGI"
NY,Selkirk Cogen Partners,10725,CTG101,NA,2023,544,538.89,57022.04,NA,0.145,0.001,28648.444,0.059,19.768,0.0826,482115.409,Pipeline Natural Gas,Diesel Oil,Combined cycle,NA,Steam Injection,NA,NA,"ARP, CSNOX, CSOSG3, CSSO2G1, RGGI"
NY,Selkirk Cogen Partners,10725,CTG101,NA,2024,153,145.25,15916.35,NA,0.038,0.001,7433.855,0.059,5.028,0.0816,125092.731,Pipeline Natural Gas,Diesel Oil,Combined cycle,NA,Steam Injection,NA,NA,"ARP, CSNOX, CSOSG2E, CSSO2G1, RGGI"
NY,Selkirk Cogen Partners,10725,CTG201,NA,1999,6931,6892.25,651720,0,NA,NA,NA,NA,80.237,0.0293,6688505.8,Pipeline Natural Gas,Diesel Oil,Combined cycle,NA,Selective Catalytic Reduction|Steam Injection,NA,NA,OTC
NY,Selkirk Cogen Partners,10725,CTG201,NA,2000,7353,7309.75,623945.75,0,NA,NA,NA,NA,78.556,0.0238,6809613.95,Pipeline Natural Gas,Diesel Oil,Combined cycle,NA,Selective Catalytic Reduction|Steam Injection,NA,NA,OTC
NY,Selkirk Cogen Partners,10725,CTG201,NA,2001,7934,7926.75,704519.75,0,NA,NA,NA,NA,99.635,0.0269,7681257.025,Pipeline Natural Gas,Diesel Oil,Combined cycle,NA,Selective Catalytic Reduction|Steam Injection,NA,NA,OTC
NY,Selkirk Cogen Partners,10725,CTG201,NA,2002,6958,6950,583084.5,NA,NA,NA,NA,NA,83.28,0.0258,6502038.725,Pipeline Natural Gas,Diesel Oil,Combined cycle,NA,Selective Catalytic Reduction|Steam Injection,NA,NA,OTC
NY,Selkirk Cogen Partners,10725,CTG201,NA,2003,7903,7895,664891,NA,NA,NA,NA,NA,81.149,0.0219,7368457.75,Pipeline Natural Gas,Diesel Oil,Combined cycle,NA,Selective Catalytic Reduction|Steam Injection,NA,NA,NBP
NY,Selkirk Cogen Partners,10725,CTG201,NA,2004,7823,7813,820464,NA,NA,NA,NA,NA,69.135,0.0189,7329589.95,Pipeline Natural Gas,Diesel Oil,Combined cycle,NA,Selective Catalytic Reduction|Steam Injection,NA,NA,NBP
NY,Selkirk Cogen Partners,10725,CTG201,NA,2005,7462,7429.75,885687.5,NA,NA,NA,NA,NA,51.936,0.0153,6927449.625,Pipeline Natural Gas,Diesel Oil,Combined cycle,NA,Selective Catalytic Reduction|Steam Injection,NA,NA,NBP
NY,Selkirk Cogen Partners,10725,CTG201,NA,2006,6239,6090.04,715877.22,NA,NA,NA,NA,NA,49.158,0.0175,5956363.183,Pipeline Natural Gas,Diesel Oil,Combined cycle,NA,Selective Catalytic Reduction|Steam Injection,NA,NA,NBP
NY,Selkirk Cogen Partners,10725,CTG201,NA,2007,6252,6125.08,717520.35,NA,NA,NA,NA,NA,73.153,0.0256,5982639.011,Pipeline Natural Gas,Diesel Oil,Combined cycle,NA,Selective Catalytic Reduction|Steam Injection,NA,NA,NBP
NY,Selkirk Cogen Partners,10725,CTG201,NA,2008,6875,6728,789953.21,NA,NA,NA,NA,NA,86.372,0.0273,6632081.424,Pipeline Natural Gas,Diesel Oil,Combined cycle,NA,Selective Catalytic Reduction|Steam Injection,NA,NA,"CAIRNOX, CAIROS, NBP"
NY,Selkirk Cogen Partners,10725,CTG201,NA,2009,5709,5601.76,705100.43,NA,1.718,0.001,342286.675,0.059,73.375,0.0266,5759617.704,Pipeline Natural Gas,Diesel Oil,Combined cycle,NA,Selective Catalytic Reduction|Steam Injection,NA,NA,"CAIRNOX, CAIROS, CAIRSO2, RGGI"
NY,Selkirk Cogen Partners,10725,CTG201,NA,2010,5061,4954.62,596882.47,NA,1.488,0.001,294706.054,0.059,64.715,0.0272,4958990.923,Pipeline Natural Gas,Diesel Oil,Combined cycle,NA,Selective Catalytic Reduction|Steam Injection,NA,NA,"CAIRNOX, CAIROS, CAIRSO2, RGGI"
NY,Selkirk Cogen Partners,10725,CTG201,NA,2011,6004,5904.18,717825.14,NA,1.759,0.001,348486.264,0.059,76.213,0.027,5863926.257,Pipeline Natural Gas,Diesel Oil,Combined cycle,NA,Selective Catalytic Reduction|Steam Injection,NA,NA,"CAIRNOX, CAIROS, CAIRSO2, RGGI"
NY,Selkirk Cogen Partners,10725,CTG201,NA,2012,4766,4694.03,573267.53,NA,1.402,0.001,277720.968,0.059,71.5,0.0313,4673142.489,Pipeline Natural Gas,Diesel Oil,Combined cycle,NA,Selective Catalytic Reduction|Steam Injection,NA,NA,"CAIRNOX, CAIROS, CAIRSO2, RGGI"
NY,Selkirk Cogen Partners,10725,CTG201,NA,2013,6316,6191.86,763377.09,NA,1.868,0.001,370014.585,0.059,80.864,0.0272,6226194.027,Pipeline Natural Gas,Diesel Oil,Combined cycle,NA,Selective Catalytic Reduction|Steam Injection,NA,NA,"CAIRNOX, CAIROS, CAIRSO2, RGGI"
NY,Selkirk Cogen Partners,10725,CTG201,NA,2014,3788,3716.42,450963.1,NA,1.101,0.001,218052.905,0.059,47.161,0.0269,3669158.297,Pipeline Natural Gas,Diesel Oil,Combined cycle,NA,Selective Catalytic Reduction|Steam Injection,NA,NA,"ARP, CAIRNOX, CAIROS, CAIRSO2, RGGI"
NY,Selkirk Cogen Partners,10725,CTG201,NA,2015,3646,3582.08,419474.19,NA,1.034,0.001,204838.137,0.059,46.21,0.0281,3446762.61,Pipeline Natural Gas,Diesel Oil,Combined cycle,NA,Selective Catalytic Reduction|Steam Injection,NA,NA,"ARP, CSNOX, CSNOXOS, CSSO2G1, RGGI"
NY,Selkirk Cogen Partners,10725,CTG201,NA,2016,2305,2263.72,258151.14,NA,0.646,0.001,127964.001,0.059,29.08,0.0284,2153257.407,Pipeline Natural Gas,Diesel Oil,Combined cycle,NA,Selective Catalytic Reduction|Steam Injection,NA,NA,"ARP, CSNOX, CSNOXOS, CSSO2G1, RGGI"
NY,Selkirk Cogen Partners,10725,CTG201,NA,2017,1044,1016.43,110940.93,NA,0.278,0.001,55147.188,0.059,12.539,0.0285,927953.602,Pipeline Natural Gas,Diesel Oil,Combined cycle,NA,Selective Catalytic Reduction|Steam Injection,NA,NA,"ARP, CSNOX, CSOSG2, CSSO2G1, RGGI"
NY,Selkirk Cogen Partners,10725,CTG201,NA,2018,2033,1990.24,221658.58,NA,0.551,0.001,109231.857,0.059,24.809,0.0282,1838018.937,Pipeline Natural Gas,Diesel Oil,Combined cycle,NA,Selective Catalytic Reduction|Steam Injection,NA,NA,"ARP, CSNOX, CSOSG2, CSSO2G1, RGGI"
NY,Selkirk Cogen Partners,10725,CTG201,NA,2019,628,613.67,67241.6,NA,0.17,0.001,33594.03,0.059,7.73,0.0291,565267.556,Pipeline Natural Gas,Diesel Oil,Combined cycle,NA,Selective Catalytic Reduction|Steam Injection,NA,NA,"ARP, CSNOX, CSOSG2, CSSO2G1, RGGI"
NY,Selkirk Cogen Partners,10725,CTG201,NA,2020,608,590.69,62513.32,NA,0.156,0.001,30908.393,0.059,7.312,0.0301,520154.826,Pipeline Natural Gas,Diesel Oil,Combined cycle,NA,Selective Catalytic Reduction|Steam Injection,NA,NA,"ARP, CSNOX, CSOSG2, CSSO2G1, RGGI"
NY,Selkirk Cogen Partners,10725,CTG201,NA,2021,515,499.99,54530.07,NA,0.137,0.001,27077.271,0.059,6.204,0.0298,455642.77,Pipeline Natural Gas,Diesel Oil,Combined cycle,NA,Selective Catalytic Reduction|Steam Injection,NA,NA,"ARP, CSNOX, CSOSG3, CSSO2G1, RGGI"
NY,Selkirk Cogen Partners,10725,CTG201,NA,2022,1441,1424.74,164113.45,NA,0.403,0.001,79735.493,0.059,17.965,0.0278,1341650.17,Pipeline Natural Gas,Diesel Oil,Combined cycle,NA,Selective Catalytic Reduction|Steam Injection,NA,NA,"ARP, CSNOX, CSOSG3, CSSO2G1, RGGI"
NY,Selkirk Cogen Partners,10725,CTG201,NA,2023,510,495.32,52972.04,NA,0.134,0.001,26530.571,0.059,5.925,0.0287,446429.302,Pipeline Natural Gas,Diesel Oil,Combined cycle,NA,Selective Catalytic Reduction|Steam Injection,NA,NA,"ARP, CSNOX, CSOSG3, CSSO2G1, RGGI"
NY,Selkirk Cogen Partners,10725,CTG201,NA,2024,476,465.23,49716.1,NA,0.126,0.001,25047.148,0.059,5.754,0.0294,421475.518,Pipeline Natural Gas,Diesel Oil,Combined cycle,NA,Selective Catalytic Reduction|Steam Injection,NA,NA,"ARP, CSNOX, CSOSG2E, CSSO2G1, RGGI"
NY,Selkirk Cogen Partners,10725,CTG301,NA,1999,7016,6952.25,642496.5,0,NA,NA,NA,NA,84.618,0.0301,6783149.7,Pipeline Natural Gas,Diesel Oil,Combined cycle,NA,Selective Catalytic Reduction|Steam Injection,NA,NA,OTC
NY,Selkirk Cogen Partners,10725,CTG301,NA,2000,7074,7027.75,590302.75,0,NA,NA,NA,NA,78.416,0.0239,6707247.1,Pipeline Natural Gas,Diesel Oil,Combined cycle,NA,Selective Catalytic Reduction|Steam Injection,NA,NA,OTC
NY,Selkirk Cogen Partners,10725,CTG301,NA,2001,7825,7819.5,685759,0,NA,NA,NA,NA,91.635,0.024,7679373.675,Pipeline Natural Gas,Diesel Oil,Combined cycle,NA,Selective Catalytic Reduction|Steam Injection,NA,NA,OTC
NY,Selkirk Cogen Partners,10725,CTG301,NA,2002,7743,7740.5,647451,NA,NA,NA,NA,NA,89.375,0.0244,7352359.9,Pipeline Natural Gas,Diesel Oil,Combined cycle,NA,Selective Catalytic Reduction|Steam Injection,NA,NA,OTC
NY,Selkirk Cogen Partners,10725,CTG301,NA,2003,7813,7807.5,661368,NA,NA,NA,NA,NA,77.112,0.0209,7321321.725,Pipeline Natural Gas,Diesel Oil,Combined cycle,NA,Selective Catalytic Reduction|Steam Injection,NA,NA,NBP
NY,Selkirk Cogen Partners,10725,CTG301,NA,2004,7799,7784.75,811476.5,NA,NA,NA,NA,NA,69.293,0.0189,7370168.325,Pipeline Natural Gas,Diesel Oil,Combined cycle,NA,Selective Catalytic Reduction|Steam Injection,NA,NA,NBP
NY,Selkirk Cogen Partners,10725,CTG301,NA,2005,7297,7262,858410.75,NA,NA,NA,NA,NA,51.196,0.0155,6766438.275,Pipeline Natural Gas,Diesel Oil,Combined cycle,NA,Selective Catalytic Reduction|Steam Injection,NA,NA,NBP
NY,Selkirk Cogen Partners,10725,CTG301,NA,2006,6129,5989.96,693249.44,NA,NA,NA,NA,NA,46.666,0.0169,5728678.819,Pipeline Natural Gas,Diesel Oil,Combined cycle,NA,Selective Catalytic Reduction|Steam Injection,NA,NA,NBP
NY,Selkirk Cogen Partners,10725,CTG301,NA,2007,5777,5644.85,647220.56,NA,NA,NA,NA,NA,65.127,0.0253,5367932.044,Pipeline Natural Gas,Diesel Oil,Combined cycle,NA,Selective Catalytic Reduction|Steam Injection,NA,NA,NBP
NY,Selkirk Cogen Partners,10725,CTG301,NA,2008,6290,6159.06,710589.99,NA,NA,NA,NA,NA,77.524,0.0272,5958784.467,Pipeline Natural Gas,Diesel Oil,Combined cycle,NA,Selective Catalytic Reduction|Steam Injection,NA,NA,"CAIRNOX, CAIROS, NBP"
NY,Selkirk Cogen Partners,10725,CTG301,NA,2009,5639,5564.81,649325.3,NA,1.641,0.001,323231.326,0.059,69.295,0.0263,5438997.686,Pipeline Natural Gas,Diesel Oil,Combined cycle,NA,Selective Catalytic Reduction|Steam Injection,NA,NA,"CAIRNOX, CAIROS, CAIRSO2, RGGI"
NY,Selkirk Cogen Partners,10725,CTG301,NA,2010,4895,4801.85,567625.76,NA,1.415,0.001,280190.497,0.059,60.543,0.0265,4714865.972,Pipeline Natural Gas,Diesel Oil,Combined cycle,NA,Selective Catalytic Reduction|Steam Injection,NA,NA,"CAIRNOX, CAIROS, CAIRSO2, RGGI"
NY,Selkirk Cogen Partners,10725,CTG301,NA,2011,5559,5480.51,643217.03,NA,1.57,0.001,310897.295,0.059,67.806,0.0265,5231417.173,Pipeline Natural Gas,Diesel Oil,Combined cycle,NA,Selective Catalytic Reduction|Steam Injection,NA,NA,"CAIRNOX, CAIROS, CAIRSO2, RGGI"
NY,Selkirk Cogen Partners,10725,CTG301,NA,2012,4938,4863.75,573278.18,NA,1.413,0.001,279823.582,0.059,69.186,0.0302,4708631.846,Pipeline Natural Gas,Diesel Oil,Combined cycle,NA,Selective Catalytic Reduction|Steam Injection,NA,NA,"CAIRNOX, CAIROS, CAIRSO2, RGGI"
NY,Selkirk Cogen Partners,10725,CTG301,NA,2013,6155,6064.68,754800.4,NA,1.864,0.001,369127.287,0.059,80.724,0.0267,6211324.814,Pipeline Natural Gas,Diesel Oil,Combined cycle,NA,Selective Catalytic Reduction|Steam Injection,NA,NA,"CAIRNOX, CAIROS, CAIRSO2, RGGI"
NY,Selkirk Cogen Partners,10725,CTG301,NA,2014,3621,3563.11,446593.09,NA,1.089,0.001,215627.368,0.059,47.118,0.0267,3628347.861,Pipeline Natural Gas,Diesel Oil,Combined cycle,NA,Selective Catalytic Reduction|Steam Injection,NA,NA,"ARP, CAIRNOX, CAIROS, CAIRSO2, RGGI"
NY,Selkirk Cogen Partners,10725,CTG301,NA,2015,3492,3344.49,376472.02,NA,0.928,0.001,183756.156,0.059,40.138,0.0288,3092077.068,Pipeline Natural Gas,Diesel Oil,Combined cycle,NA,Selective Catalytic Reduction|Steam Injection,NA,NA,"ARP, CSNOX, CSNOXOS, CSSO2G1, RGGI"
NY,Selkirk Cogen Partners,10725,CTG301,NA,2016,2178,2074.67,230516.14,NA,0.577,0.001,114362.481,0.059,25.051,0.0295,1924320.874,Pipeline Natural Gas,Diesel Oil,Combined cycle,NA,Selective Catalytic Reduction|Steam Injection,NA,NA,"ARP, CSNOX, CSNOXOS, CSSO2G1, RGGI"
NY,Selkirk Cogen Partners,10725,CTG301,NA,2017,946,908.06,94375.31,NA,0.235,0.001,46536.749,0.059,10.325,0.0288,783040.031,Pipeline Natural Gas,Diesel Oil,Combined cycle,NA,Selective Catalytic Reduction|Steam Injection,NA,NA,"ARP, CSNOX, CSOSG2, CSSO2G1, RGGI"
NY,Selkirk Cogen Partners,10725,CTG301,NA,2018,1918,1849,192475.19,NA,0.476,0.001,94296.218,0.059,20.684,0.0287,1586737.627,Pipeline Natural Gas,Diesel Oil,Combined cycle,NA,Selective Catalytic Reduction|Steam Injection,NA,NA,"ARP, CSNOX, CSOSG2, CSSO2G1, RGGI"
NY,Selkirk Cogen Partners,10725,CTG301,NA,2019,538,519.01,53030.43,NA,0.134,0.001,26460.729,0.059,5.911,0.0281,445271.768,Pipeline Natural Gas,Diesel Oil,Combined cycle,NA,Selective Catalytic Reduction|Steam Injection,NA,NA,"ARP, CSNOX, CSOSG2, CSSO2G1, RGGI"
NY,Selkirk Cogen Partners,10725,CTG301,NA,2020,543,526.15,56357.62,NA,0.137,0.001,27115.689,0.059,6.052,0.0276,456319.212,Pipeline Natural Gas,Diesel Oil,Combined cycle,NA,Selective Catalytic Reduction|Steam Injection,NA,NA,"ARP, CSNOX, CSOSG2, CSSO2G1, RGGI"
NY,Selkirk Cogen Partners,10725,CTG301,NA,2021,457,441.49,48645.91,NA,0.119,0.001,23491.72,0.059,5.309,0.0281,395309.025,Pipeline Natural Gas,Diesel Oil,Combined cycle,NA,Selective Catalytic Reduction|Steam Injection,NA,NA,"ARP, CSNOX, CSOSG3, CSSO2G1, RGGI"
NY,Selkirk Cogen Partners,10725,CTG301,NA,2022,1372,1350.49,151503.48,NA,0.369,0.001,73021.456,0.059,16.219,0.0272,1228746.924,Pipeline Natural Gas,Diesel Oil,Combined cycle,NA,Selective Catalytic Reduction|Steam Injection,NA,NA,"ARP, CSNOX, CSOSG3, CSSO2G1, RGGI"
NY,Selkirk Cogen Partners,10725,CTG301,NA,2023,442,426.13,44928.87,NA,0.113,0.001,22307.702,0.059,4.967,0.0281,375373.247,Pipeline Natural Gas,Diesel Oil,Combined cycle,NA,Selective Catalytic Reduction|Steam Injection,NA,NA,"ARP, CSNOX, CSOSG3, CSSO2G1, RGGI"
NY,Selkirk Cogen Partners,10725,CTG301,NA,2024,398,385.86,40411.35,NA,0.101,0.001,20064.198,0.059,4.525,0.0281,337603.307,Pipeline Natural Gas,Diesel Oil,Combined cycle,NA,Selective Catalytic Reduction|Steam Injection,NA,NA,"ARP, CSNOX, CSOSG2E, CSSO2G1, RGGI"
NY,AG - Energy,10803,1,NA,1999,1799,1661.75,64610.25,0,NA,NA,NA,NA,14.62,0.0571,660058.175,Pipeline Natural Gas,Diesel Oil,Combined cycle,NA,Water Injection|Selective Catalytic Reduction,NA,NA,OTC
NY,AG - Energy,10803,1,NA,2000,2321,2196,65379.25,0,NA,NA,NA,NA,14.046,0.0487,701181.825,Pipeline Natural Gas,Diesel Oil,Combined cycle,NA,Water Injection|Selective Catalytic Reduction,NA,NA,OTC
NY,AG - Energy,10803,1,NA,2001,1837,1724,57128.5,NA,NA,NA,NA,NA,12.845,0.0531,592544.025,Pipeline Natural Gas,Diesel Oil,Combined cycle,NA,Water Injection|Selective Catalytic Reduction,NA,NA,OTC
NY,AG - Energy,10803,1,NA,2002,2196,2080,67229.25,NA,NA,NA,NA,NA,15.498,0.057,703471.85,Pipeline Natural Gas,Diesel Oil,Combined cycle,NA,Water Injection|Selective Catalytic Reduction,NA,NA,OTC
NY,AG - Energy,10803,1,NA,2003,1565,1428,45951.5,NA,0.175,0.0012,28673.525,0.0594,15.031,0.0781,481726.875,Pipeline Natural Gas,Diesel Oil,Combined cycle,NA,Water Injection|Selective Catalytic Reduction,NA,NA,"ARP, NBP"
NY,AG - Energy,10803,1,NA,2004,2447,2198.25,74190.75,NA,2.033,0.0053,47970.725,0.0623,29.783,0.0974,764868,Pipeline Natural Gas,Diesel Oil,Combined cycle,NA,Water Injection|Selective Catalytic Reduction,NA,NA,"ARP, NBP"
NY,AG - Energy,10803,1,NA,2005,848,738.75,28764.75,NA,0.187,0.0023,14560.475,0.0607,10.236,0.1057,240920.625,Pipeline Natural Gas,Diesel Oil,Combined cycle,NA,Water Injection|Selective Catalytic Reduction,NA,NA,"ARP, NBP"
NY,AG - Energy,10803,1,NA,2006,162,144,5817.5,NA,0.015,0.0012,2857.05,0.0594,1.861,0.0977,48081.6,Pipeline Natural Gas,Diesel Oil,Combined cycle,NA,Water Injection|Selective Catalytic Reduction,NA,NA,"ARP, NBP"
NY,AG - Energy,10803,1,NA,2007,25,22.75,622.5,NA,0.002,0.001,382.925,0.0593,0.251,0.0892,6443.575,Pipeline Natural Gas,Diesel Oil,Combined cycle,NA,Water Injection|Selective Catalytic Reduction,NA,NA,"ARP, NBP"
NY,AG - Energy,10803,1,NA,2008,0,0,NA,NA,NA,NA,NA,NA,NA,NA,NA,Pipeline Natural Gas,Diesel Oil,Combined cycle,NA,Water Injection|Selective Catalytic Reduction,NA,NA,"ARP, CAIRNOX, CAIROS, NBP"
NY,AG - Energy,10803,1,NA,2009,0,0,NA,NA,NA,NA,NA,NA,NA,NA,NA,Pipeline Natural Gas,Diesel Oil,Combined cycle,NA,Water Injection|Selective Catalytic Reduction,NA,NA,"ARP, CAIRNOX, CAIROS, CAIRSO2, RGGI"
NY,AG - Energy,10803,1,NA,2010,0,0,NA,NA,NA,NA,NA,NA,NA,NA,NA,Pipeline Natural Gas,Diesel Oil,Combined cycle,NA,Water Injection|Selective Catalytic Reduction,NA,NA,"ARP, CAIRNOX, CAIROS, CAIRSO2, RGGI"
NY,AG - Energy,10803,1,NA,2011,0,0,NA,NA,NA,NA,NA,NA,NA,NA,NA,Pipeline Natural Gas,Diesel Oil,Combined cycle,NA,Water Injection|Selective Catalytic Reduction,NA,NA,"ARP, CAIRNOX, CAIROS, CAIRSO2, RGGI"
NY,AG - Energy,10803,1,NA,2012,0,0,NA,NA,NA,NA,NA,NA,NA,NA,NA,Pipeline Natural Gas,Diesel Oil,Combined cycle,NA,Water Injection|Selective Catalytic Reduction,NA,NA,"ARP, CAIRNOX, CAIROS, CAIRSO2, RGGI"
NY,AG - Energy,10803,1,NA,2013,0,0,NA,NA,NA,NA,NA,NA,NA,NA,NA,Pipeline Natural Gas,Diesel Oil,Combined cycle,NA,Water Injection|Selective Catalytic Reduction,NA,NA,"ARP, CAIRNOX, CAIROS, CAIRSO2, RGGI"
NY,AG - Energy,10803,1,NA,2014,0,0,NA,NA,NA,NA,NA,NA,NA,NA,NA,Pipeline Natural Gas,Diesel Oil,Combined cycle,NA,Water Injection|Selective Catalytic Reduction,NA,NA,"ARP, CAIRNOX, CAIROS, CAIRSO2, RGGI"
NY,AG - Energy,10803,1,NA,2015,0,0,NA,NA,NA,NA,NA,NA,NA,NA,NA,Pipeline Natural Gas,Diesel Oil,Combined cycle,NA,Water Injection|Selective Catalytic Reduction,NA,NA,"ARP, CSNOX, CSNOXOS, CSSO2G1, RGGI"
NY,AG - Energy,10803,1,NA,2016,0,0,NA,NA,NA,NA,NA,NA,NA,NA,NA,Pipeline Natural Gas,Diesel Oil,Combined cycle,NA,Water Injection|Selective Catalytic Reduction,NA,NA,"ARP, CSNOX, CSNOXOS, CSSO2G1, RGGI"
NY,AG - Energy,10803,1,NA,2017,0,0,NA,NA,NA,NA,NA,NA,NA,NA,NA,Pipeline Natural Gas,Diesel Oil,Combined cycle,NA,Water Injection|Selective Catalytic Reduction,NA,NA,"ARP, CSNOX, CSOSG2, CSSO2G1, RGGI"
NY,AG - Energy,10803,1,NA,2018,0,0,NA,NA,NA,NA,NA,NA,NA,NA,NA,Pipeline Natural Gas,Diesel Oil,Combined cycle,NA,Water Injection|Selective Catalytic Reduction,NA,NA,"ARP, CSNOX, CSOSG2, CSSO2G1, RGGI"
NY,AG - Energy,10803,1,NA,2019,0,0,NA,NA,NA,NA,NA,NA,NA,NA,NA,Pipeline Natural Gas,Diesel Oil,Combined cycle,NA,Water Injection|Selective Catalytic Reduction,NA,NA,"ARP, CSNOX, CSOSG2, CSSO2G1, RGGI"
NY,AG - Energy,10803,1,NA,2020,0,0,NA,NA,NA,NA,NA,NA,NA,NA,NA,Pipeline Natural Gas,Diesel Oil,Combined cycle,NA,Water Injection|Selective Catalytic Reduction,NA,NA,"ARP, CSNOX, CSOSG2, CSSO2G1, RGGI"
NY,AG - Energy,10803,1,NA,2021,0,0,NA,NA,NA,NA,NA,NA,NA,NA,NA,Pipeline Natural Gas,Diesel Oil,Combined cycle,NA,Water Injection|Selective Catalytic Reduction,NA,NA,"ARP, CSNOX, CSOSG3, CSSO2G1, RGGI"
NY,AG - Energy,10803,1,NA,2022,0,0,NA,NA,NA,NA,NA,NA,NA,NA,NA,Pipeline Natural Gas,Diesel Oil,Combined cycle,NA,Water Injection|Selective Catalytic Reduction,NA,NA,"ARP, CSNOX, CSOSG3, CSSO2G1, RGGI"
NY,AG - Energy,10803,1,NA,2023,0,0,NA,NA,NA,NA,NA,NA,NA,NA,NA,Pipeline Natural Gas,Diesel Oil,Combined cycle,NA,Water Injection|Selective Catalytic Reduction,NA,NA,"ARP, CSNOX, CSOSG3, CSSO2G1, RGGI"
NY,AG - Energy,10803,1,NA,2024,0,0,NA,NA,NA,NA,NA,NA,NA,NA,NA,Pipeline Natural Gas,Diesel Oil,Combined cycle,NA,Water Injection|Selective Catalytic Reduction,NA,NA,"ARP, CSNOX, CSOSG2E, CSSO2G1, RGGI"
NY,AG - Energy,10803,2,NA,1999,1812,1757.5,36166.5,0,NA,NA,NA,NA,9.922,0.0551,396750.425,Pipeline Natural Gas,Diesel Oil,Combined cycle,NA,Water Injection|Selective Catalytic Reduction,NA,NA,OTC
NY,AG - Energy,10803,2,NA,2000,1502,1390.25,26245.25,0,NA,NA,NA,NA,7.595,0.0564,290036.525,Pipeline Natural Gas,Diesel Oil,Combined cycle,NA,Water Injection|Selective Catalytic Reduction,NA,NA,OTC
NY,AG - Energy,10803,2,NA,2001,1465,1349.25,26364.5,NA,NA,NA,NA,NA,5.982,0.0464,292034.075,Pipeline Natural Gas,Diesel Oil,Combined cycle,NA,Water Injection|Selective Catalytic Reduction,NA,NA,OTC
NY,AG - Energy,10803,2,NA,2002,1684,1556.75,29244.5,NA,NA,NA,NA,NA,6.53,0.048,323419.475,Pipeline Natural Gas,Diesel Oil,Combined cycle,NA,Water Injection|Selective Catalytic Reduction,NA,NA,OTC
NY,AG - Energy,10803,2,NA,2003,1166,1040.5,19353,NA,0.093,0.0013,12894.925,0.0596,5.187,0.0588,216309.95,Pipeline Natural Gas,Diesel Oil,Combined cycle,NA,Water Injection|Selective Catalytic Reduction,NA,NA,"ARP, NBP"
NY,AG - Energy,10803,2,NA,2004,1755,1550,29118.25,NA,1.152,0.0072,20412.75,0.0637,10.012,0.0775,318705.675,Pipeline Natural Gas,Diesel Oil,Combined cycle,NA,Water Injection|Selective Catalytic Reduction,NA,NA,"ARP, NBP"
NY,AG - Energy,10803,2,NA,2005,511,440.5,10503,NA,0.061,0.0022,5180.425,0.0606,2.883,0.081,85902.15,Pipeline Natural Gas,Diesel Oil,Combined cycle,NA,Water Injection|Selective Catalytic Reduction,NA,NA,"ARP, NBP"
NY,AG - Energy,10803,2,NA,2006,138,123,3049.5,NA,0.007,0.001,1473.9,0.0594,0.848,0.0796,24798.35,Pipeline Natural Gas,Diesel Oil,Combined cycle,NA,Water Injection|Selective Catalytic Reduction,NA,NA,"ARP, NBP"
NY,AG - Energy,10803,2,NA,2007,6,3.5,44.25,NA,0,0.001,27.05,0.059,0.022,0.0895,456.85,Pipeline Natural Gas,Diesel Oil,Combined cycle,NA,Water Injection|Selective Catalytic Reduction,NA,NA,"ARP, NBP"
NY,AG - Energy,10803,2,NA,2008,0,0,NA,NA,NA,NA,NA,NA,NA,NA,NA,Pipeline Natural Gas,Diesel Oil,Combined cycle,NA,Water Injection|Selective Catalytic Reduction,NA,NA,"ARP, CAIRNOX, CAIROS, NBP"
NY,AG - Energy,10803,2,NA,2009,0,0,NA,NA,NA,NA,NA,NA,NA,NA,NA,Pipeline Natural Gas,Diesel Oil,Combined cycle,NA,Water Injection|Selective Catalytic Reduction,NA,NA,"ARP, CAIRNOX, CAIROS, CAIRSO2, RGGI"
NY,AG - Energy,10803,2,NA,2010,0,0,NA,NA,NA,NA,NA,NA,NA,NA,NA,Pipeline Natural Gas,Diesel Oil,Combined cycle,NA,Water Injection|Selective Catalytic Reduction,NA,NA,"ARP, CAIRNOX, CAIROS, CAIRSO2, RGGI"
NY,AG - Energy,10803,2,NA,2011,0,0,NA,NA,NA,NA,NA,NA,NA,NA,NA,Pipeline Natural Gas,Diesel Oil,Combined cycle,NA,Water Injection|Selective Catalytic Reduction,NA,NA,"ARP, CAIRNOX, CAIROS, CAIRSO2, RGGI"
NY,AG - Energy,10803,2,NA,2012,0,0,NA,NA,NA,NA,NA,NA,NA,NA,NA,Pipeline Natural Gas,Diesel Oil,Combined cycle,NA,Water Injection|Selective Catalytic Reduction,NA,NA,"ARP, CAIRNOX, CAIROS, CAIRSO2, RGGI"
NY,AG - Energy,10803,2,NA,2013,0,0,NA,NA,NA,NA,NA,NA,NA,NA,NA,Pipeline Natural Gas,Diesel Oil,Combined cycle,NA,Water Injection|Selective Catalytic Reduction,NA,NA,"ARP, CAIRNOX, CAIROS, CAIRSO2, RGGI"
NY,AG - Energy,10803,2,NA,2014,0,0,NA,NA,NA,NA,NA,NA,NA,NA,NA,Pipeline Natural Gas,Diesel Oil,Combined cycle,NA,Water Injection|Selective Catalytic Reduction,NA,NA,"ARP, CAIRNOX, CAIROS, CAIRSO2, RGGI"
NY,AG - Energy,10803,2,NA,2015,0,0,NA,NA,NA,NA,NA,NA,NA,NA,NA,Pipeline Natural Gas,Diesel Oil,Combined cycle,NA,Water Injection|Selective Catalytic Reduction,NA,NA,"ARP, CSNOX, CSNOXOS, CSSO2G1, RGGI"
NY,AG - Energy,10803,2,NA,2016,0,0,NA,NA,NA,NA,NA,NA,NA,NA,NA,Pipeline Natural Gas,Diesel Oil,Combined cycle,NA,Water Injection|Selective Catalytic Reduction,NA,NA,"ARP, CSNOX, CSNOXOS, CSSO2G1, RGGI"
NY,AG - Energy,10803,2,NA,2017,0,0,NA,NA,NA,NA,NA,NA,NA,NA,NA,Pipeline Natural Gas,Diesel Oil,Combined cycle,NA,Water Injection|Selective Catalytic Reduction,NA,NA,"ARP, CSNOX, CSOSG2, CSSO2G1, RGGI"
NY,AG - Energy,10803,2,NA,2018,0,0,NA,NA,NA,NA,NA,NA,NA,NA,NA,Pipeline Natural Gas,Diesel Oil,Combined cycle,NA,Water Injection|Selective Catalytic Reduction,NA,NA,"ARP, CSNOX, CSOSG2, CSSO2G1, RGGI"
NY,AG - Energy,10803,2,NA,2019,0,0,NA,NA,NA,NA,NA,NA,NA,NA,NA,Pipeline Natural Gas,Diesel Oil,Combined cycle,NA,Water Injection|Selective Catalytic Reduction,NA,NA,"ARP, CSNOX, CSOSG2, CSSO2G1, RGGI"
NY,AG - Energy,10803,2,NA,2020,0,0,NA,NA,NA,NA,NA,NA,NA,NA,NA,Pipeline Natural Gas,Diesel Oil,Combined cycle,NA,Water Injection|Selective Catalytic Reduction,NA,NA,"ARP, CSNOX, CSOSG2, CSSO2G1, RGGI"
NY,AG - Energy,10803,2,NA,2021,0,0,NA,NA,NA,NA,NA,NA,NA,NA,NA,Pipeline Natural Gas,Diesel Oil,Combined cycle,NA,Water Injection|Selective Catalytic Reduction,NA,NA,"ARP, CSNOX, CSOSG3, CSSO2G1, RGGI"
NY,AG - Energy,10803,2,NA,2022,0,0,NA,NA,NA,NA,NA,NA,NA,NA,NA,Pipeline Natural Gas,Diesel Oil,Combined cycle,NA,Water Injection|Selective Catalytic Reduction,NA,NA,"ARP, CSNOX, CSOSG3, CSSO2G1, RGGI"
NY,AG - Energy,10803,2,NA,2023,0,0,NA,NA,NA,NA,NA,NA,NA,NA,NA,Pipeline Natural Gas,Diesel Oil,Combined cycle,NA,Water Injection|Selective Catalytic Reduction,NA,NA,"ARP, CSNOX, CSOSG3, CSSO2G1, RGGI"
NY,AG - Energy,10803,2,NA,2024,0,0,NA,NA,NA,NA,NA,NA,NA,NA,NA,Pipeline Natural Gas,Diesel Oil,Combined cycle,NA,Water Injection|Selective Catalytic Reduction,NA,NA,"ARP, CSNOX, CSOSG2E, CSSO2G1, RGGI"
NY,"Niagara Generation, LLC",50202,1,NA,1999,NA,NA,NA,NA,NA,NA,NA,NA,NA,NA,NA,Coal,"Residual Oil, Other Oil, Pipeline Natural Gas, Petroleum Coke, Refuse, Tire Derived Fuel",Circulating fluidized bed boiler,Wet Limestone,NA,Baghouse,NA,OTC
NY,"Niagara Generation, LLC",50202,1,NA,2000,4226,4223.25,219987,NA,697.248,0.5085,279462.575,0.1025,285.805,0.2072,2694279.45,Coal,"Residual Oil, Other Oil, Pipeline Natural Gas, Petroleum Coke, Refuse, Tire Derived Fuel",Circulating fluidized bed boiler,Wet Limestone,"Selective Non-catalytic Reduction (Began Apr 01, 2000)",Baghouse,NA,"ARP, OTC"
NY,"Niagara Generation, LLC",50202,1,NA,2001,8567,8563,410688.75,NA,1209.476,0.4764,520551.7,0.1037,447.754,0.1715,5008260.925,Coal,"Residual Oil, Other Oil, Pipeline Natural Gas, Petroleum Coke, Refuse, Tire Derived Fuel",Circulating fluidized bed boiler,Wet Limestone,Selective Non-catalytic Reduction,Baghouse,NA,"ARP, OTC"
NY,"Niagara Generation, LLC",50202,1,NA,2002,3854,3844,146692.75,NA,471.47,0.4885,195227.175,0.102,180.108,0.1833,1885898.6,Coal,"Residual Oil, Other Oil, Pipeline Natural Gas, Petroleum Coke, Refuse, Tire Derived Fuel",Circulating fluidized bed boiler,Wet Limestone,Selective Non-catalytic Reduction,Baghouse,NA,"ARP, OTC"
NY,"Niagara Generation, LLC",50202,1,NA,2003,7129,7121.25,288429.5,NA,901.508,0.4694,392366.85,0.103,258.125,0.1308,3777964.875,Coal,"Residual Oil, Other Oil, Pipeline Natural Gas, Petroleum Coke, Refuse, Tire Derived Fuel",Circulating fluidized bed boiler,Wet Limestone,Selective Non-catalytic Reduction,Baghouse,NA,"ARP, NBP"
NY,"Niagara Generation, LLC",50202,1,NA,2004,7034,7015.94,322733.2,NA,978.341,0.4904,439349.199,0.1084,258.01,0.1269,3997958.157,Coal,"Residual Oil, Other Oil, Pipeline Natural Gas, Petroleum Coke, Refuse, Tire Derived Fuel, Wood",Circulating fluidized bed boiler,Wet Limestone,Selective Non-catalytic Reduction,Baghouse,NA,"ARP, NBP"
NY,"Niagara Generation, LLC",50202,1,NA,2005,7371,7342.92,350260.74,NA,979.915,0.4466,473566.79,0.1077,387.198,0.1754,4320835.158,Coal,"Residual Oil, Other Oil, Pipeline Natural Gas, Petroleum Coke, Refuse, Tire Derived Fuel, Wood",Circulating fluidized bed boiler,Wet Limestone,Selective Non-catalytic Reduction,Baghouse,NA,"ARP, NBP"
NY,"Niagara Generation, LLC",50202,1,NA,2006,8075,8063.5,387244.94,NA,1091.962,0.4426,536848.295,0.1092,560.52,0.228,4880868.098,Coal,"Residual Oil, Other Oil, Pipeline Natural Gas, Petroleum Coke, Refuse, Tire Derived Fuel, Wood",Circulating fluidized bed boiler,"Fluidized Bed Limestone Injection (Began Oct 01, 2006)|Wet Limestone (Retired Sep 30, 2006)",Selective Non-catalytic Reduction,Baghouse,NA,"ARP, NBP"
NY,"Niagara Generation, LLC",50202,1,NA,2007,4254,4240.69,192323.18,NA,544.32,0.4497,254676.488,0.1069,234.659,0.192,2347812.994,"Coal, Wood","Coal, Residual Oil, Pipeline Natural Gas, Petroleum Coke, Tire Derived Fuel, Wood",Circulating fluidized bed boiler,Fluidized Bed Limestone Injection,Selective Non-catalytic Reduction,Baghouse,NA,"ARP, NBP"
NY,"Niagara Generation, LLC",50202,1,NA,2008,7876,7849.84,332978.9,NA,925.725,0.4567,444471.563,0.1077,335.131,0.1615,4080773.824,Wood,"Coal, Residual Oil, Pipeline Natural Gas, Petroleum Coke, Tire Derived Fuel",Circulating fluidized bed boiler,Fluidized Bed Limestone Injection,Selective Non-catalytic Reduction,Baghouse,NA,"ARP, CAIRNOX, CAIROS, NBP"
NY,"Niagara Generation, LLC",50202,1,NA,2009,4224,4191.81,157184.71,NA,451.86,0.4553,208400.401,0.1068,136.315,0.1387,1896538.566,Wood,"Coal, Residual Oil, Pipeline Natural Gas, Petroleum Coke, Tire Derived Fuel",Circulating fluidized bed boiler,Fluidized Bed Limestone Injection,Selective Non-catalytic Reduction,Baghouse,NA,"ARP, CAIRNOX, CAIROS, CAIRSO2, RGGI"
NY,"Niagara Generation, LLC",50202,1,NA,2010,1841,1829.47,66092.46,NA,159.746,0.3752,88665.563,0.1026,43.647,0.1058,851705.711,Wood,"Coal, Residual Oil, Pipeline Natural Gas, Petroleum Coke, Tire Derived Fuel",Circulating fluidized bed boiler,Fluidized Bed Limestone Injection,Selective Non-catalytic Reduction,Baghouse,NA,"ARP, CAIRNOX, CAIROS, CAIRSO2, RGGI"
NY,"Niagara Generation, LLC",50202,1,NA,2011,0,0,NA,NA,NA,NA,NA,NA,NA,NA,NA,Wood,"Coal, Residual Oil, Pipeline Natural Gas, Petroleum Coke, Tire Derived Fuel",Circulating fluidized bed boiler,Fluidized Bed Limestone Injection,Selective Non-catalytic Reduction,Baghouse,NA,"ARP, CAIRNOX, CAIROS, CAIRSO2, RGGI"
NY,"Niagara Generation, LLC",50202,1,NA,2012,3540,3502.3,138482.9,NA,354.737,0.3895,186614.811,0.1053,141.437,0.1599,1720514.917,"Other Solid Fuel, Wood","Coal, Residual Oil, Pipeline Natural Gas, Petroleum Coke, Tire Derived Fuel, Wood",Circulating fluidized bed boiler,Fluidized Bed Limestone Injection,Selective Non-catalytic Reduction,Baghouse,NA,"ARP, CAIRNOX, CAIROS, CAIRSO2, RGGI"
NY,"Niagara Generation, LLC",50202,1,NA,2013,1655,1650.82,50324.17,NA,48.922,0.1389,74661.413,0.1016,62.345,0.1666,705682.392,Other Solid Fuel,"Coal, Residual Oil, Pipeline Natural Gas, Petroleum Coke, Tire Derived Fuel, Wood",Circulating fluidized bed boiler,Fluidized Bed Limestone Injection,Selective Non-catalytic Reduction,Baghouse,NA,"ARP, CAIRNOX, CAIROS, CAIRSO2, RGGI"
NY,"Niagara Generation, LLC",50202,1,NA,2014,4527,4477.92,109505.43,NA,244.028,0.3206,156367.952,0.0999,106.795,0.1309,1499670.589,Other Solid Fuel,"Coal, Residual Oil, Pipeline Natural Gas, Petroleum Coke, Tire Derived Fuel, Wood",Circulating fluidized bed boiler,Fluidized Bed Limestone Injection,Selective Non-catalytic Reduction,Baghouse,NA,"ARP, CAIRNOX, CAIROS, CAIRSO2, RGGI"
NY,"Niagara Generation, LLC",50202,1,NA,2015,2104,2074.98,44620.92,NA,74.828,0.2576,70935.286,0.1001,40.894,0.1125,691862.304,Other Solid Fuel,"Coal, Residual Oil, Pipeline Natural Gas, Petroleum Coke, Tire Derived Fuel, Wood",Circulating fluidized bed boiler,Fluidized Bed Limestone Injection,Selective Non-catalytic Reduction,Baghouse,NA,"ARP, CSNOX, CSNOXOS, CSSO2G1, MATS, RGGI"
NY,"Niagara Generation, LLC",50202,1,NA,2016,0,0,NA,NA,NA,NA,NA,NA,NA,NA,NA,Other Solid Fuel,"Coal, Residual Oil, Pipeline Natural Gas, Petroleum Coke, Tire Derived Fuel, Wood",Circulating fluidized bed boiler,Fluidized Bed Limestone Injection,Selective Non-catalytic Reduction,Baghouse,NA,"ARP, CSNOX, CSNOXOS, CSSO2G1, MATS, RGGI"
NY,"Niagara Generation, LLC",50202,1,NA,2017,0,0,NA,NA,NA,NA,NA,NA,NA,NA,NA,Other Solid Fuel,"Coal, Residual Oil, Pipeline Natural Gas, Petroleum Coke, Tire Derived Fuel, Wood",Circulating fluidized bed boiler,Fluidized Bed Limestone Injection,Selective Non-catalytic Reduction,Baghouse,NA,"ARP, CSNOX, CSOSG2, CSSO2G1, MATS, RGGI"
NY,"Niagara Generation, LLC",50202,1,NA,2018,0,0,NA,NA,NA,NA,NA,NA,NA,NA,NA,Other Solid Fuel,"Coal, Residual Oil, Pipeline Natural Gas, Petroleum Coke, Tire Derived Fuel, Wood",Circulating fluidized bed boiler,Fluidized Bed Limestone Injection,Selective Non-catalytic Reduction,Baghouse,NA,"ARP, CSNOX, CSOSG2, CSSO2G1, MATS, RGGI"
NY,Bethpage Energy Center,50292,GT1,NA,1999,6482,6469.75,145591,NA,NA,NA,NA,NA,109.48,0.149,1457716.6,Pipeline Natural Gas,Diesel Oil,Combined cycle,NA,Steam Injection,NA,NA,OTC
NY,Bethpage Energy Center,50292,GT1,NA,2000,8467,8442.46,191750.91,NA,NA,NA,NA,NA,151.811,0.1521,1976238.437,Pipeline Natural Gas,Diesel Oil,Combined cycle,NA,Steam Injection,NA,NA,OTC
NY,Bethpage Energy Center,50292,GT1,NA,2001,7172,7149.69,146682.95,NA,NA,NA,NA,NA,117.154,0.1515,1485966.498,Pipeline Natural Gas,Diesel Oil,Combined cycle,NA,Steam Injection,NA,NA,OTC
NY,Bethpage Energy Center,50292,GT1,NA,2002,8586,8572.33,198618.38,NA,NA,NA,NA,NA,139.059,0.1387,2010391.099,Pipeline Natural Gas,Diesel Oil,Combined cycle,NA,Steam Injection,NA,NA,OTC
NY,Bethpage Energy Center,50292,GT1,NA,2003,8191,8174.62,186741.86,NA,NA,NA,NA,NA,151.959,0.1499,2031699.302,Pipeline Natural Gas,Diesel Oil,Combined cycle,NA,Steam Injection,NA,NA,NBP
NY,Bethpage Energy Center,50292,GT1,NA,2004,5916,5841.13,132089.35,NA,1.425,0.0303,6840.848,0.06,114.864,0.1543,1512243.724,Pipeline Natural Gas,Diesel Oil,Combined cycle,NA,Steam Injection,NA,NA,"ARP, NBP"
NY,Bethpage Energy Center,50292,GT1,NA,2005,2457,2275.9,71176.3,NA,1.318,0.01,24572.878,0.0595,28.706,0.1344,444111.404,Pipeline Natural Gas,Diesel Oil,Combined cycle,NA,Steam Injection,NA,NA,"ARP, NBP"
NY,Bethpage Energy Center,50292,GT1,NA,2006,2577,2367.95,77435.97,NA,0.698,0.0088,29134.647,0.0598,63.297,0.254,489190.886,Pipeline Natural Gas,Diesel Oil,Combined cycle,NA,Steam Injection,NA,NA,"ARP, NBP"
NY,Bethpage Energy Center,50292,GT1,NA,2007,1053,956.78,30169.47,NA,0.327,0.0081,11429.621,0.0598,21.087,0.2161,191862.497,Pipeline Natural Gas,Diesel Oil,Combined cycle,NA,Steam Injection,NA,NA,"ARP, NBP"
NY,Bethpage Energy Center,50292,GT1,NA,2008,2583,2404.62,88907.41,NA,0.667,0.0043,33876.69,0.0595,40.327,0.1405,568994.952,Pipeline Natural Gas,Diesel Oil,Combined cycle,NA,Steam Injection,NA,NA,"ARP, CAIRNOX, CAIROS, NBP"
NY,Bethpage Energy Center,50292,GT1,NA,2009,2361,2234.88,75708.15,NA,0.135,0.001,26648.438,0.0593,37.783,0.1512,448398.003,Pipeline Natural Gas,NA,Combined cycle,NA,Steam Injection,NA,NA,"ARP, CAIRNOX, CAIROS, CAIRSO2, RGGI"
NY,Bethpage Energy Center,50292,GT1,NA,2010,3904,3733.58,118823.57,NA,0.205,0.001,40576.025,0.0594,40.953,0.1207,682821.94,Pipeline Natural Gas,NA,Combined cycle,NA,Steam Injection,NA,NA,"ARP, CAIRNOX, CAIROS, CAIRSO2, RGGI"
NY,Bethpage Energy Center,50292,GT1,NA,2011,2012,1823.51,60739.48,NA,0.111,0.001,21890.379,0.0593,25.414,0.1387,368426.885,Pipeline Natural Gas,NA,Combined cycle,NA,Steam Injection,NA,NA,"ARP, CAIRNOX, CAIROS, CAIRSO2, RGGI"
NY,Bethpage Energy Center,50292,GT1,NA,2012,4212,4081.5,123875.24,NA,0.215,0.001,42497.131,0.0594,53.254,0.1482,715167.259,Pipeline Natural Gas,NA,Combined cycle,NA,Steam Injection,NA,NA,"ARP, CAIRNOX, CAIROS, CAIRSO2, RGGI"
NY,Bethpage Energy Center,50292,GT1,NA,2013,5234,5072.78,156815.5,NA,0.267,0.001,52876.432,0.0594,54.433,0.1231,889708.183,Pipeline Natural Gas,NA,Combined cycle,NA,Steam Injection,NA,NA,"ARP, CAIRNOX, CAIROS, CAIRSO2, RGGI"
NY,Bethpage Energy Center,50292,GT1,NA,2014,5880,5722.52,174440.87,NA,0.299,0.001,59125.602,0.0594,58.774,0.1179,994827.47,Pipeline Natural Gas,NA,Combined cycle,NA,Steam Injection,NA,NA,"ARP, CAIRNOX, CAIROS, CAIRSO2, RGGI"
NY,Bethpage Energy Center,50292,GT1,NA,2015,6811,6613.64,213734.01,NA,0.371,0.001,73401.426,0.0594,89.673,0.1433,1235056.353,Pipeline Natural Gas,NA,Combined cycle,NA,Steam Injection,NA,NA,"ARP, CSNOX, CSNOXOS, CSSO2G1, RGGI"
NY,Bethpage Energy Center,50292,GT1,NA,2016,6707,6606.08,222569.97,NA,0.407,0.001,80607.034,0.0594,110.294,0.1613,1356363.659,Pipeline Natural Gas,NA,Combined cycle,NA,Steam Injection,NA,NA,"ARP, CSNOX, CSNOXOS, CSSO2G1, RGGI"
NY,Bethpage Energy Center,50292,GT1,NA,2017,5887,5640.35,182087.3,NA,0.338,0.001,66942.925,0.0594,85.444,0.1482,1126323.284,Pipeline Natural Gas,NA,Combined cycle,NA,Steam Injection,NA,NA,"ARP, CSNOX, CSOSG2, CSSO2G1, RGGI"
NY,Bethpage Energy Center,50292,GT1,NA,2018,5815,5551.12,154629.97,NA,0.331,0.001,65555.827,0.0593,77.309,0.1399,1103122.019,Pipeline Natural Gas,NA,Combined cycle,NA,Steam Injection,NA,NA,"ARP, CSNOX, CSOSG2, CSSO2G1, RGGI"
NY,Bethpage Energy Center,50292,GT1,NA,2019,4082,3781.53,97011.41,NA,0.222,0.001,43998.227,0.0594,45.136,0.1247,740376.487,Pipeline Natural Gas,NA,Combined cycle,NA,Steam Injection,NA,NA,"ARP, CSNOX, CSOSG2, CSSO2G1, RGGI"
NY,Bethpage Energy Center,50292,GT1,NA,2020,3559,3413.85,88245.72,NA,0.193,0.001,38160.266,0.0594,39.273,0.1242,642075.063,Pipeline Natural Gas,NA,Combined cycle,NA,Steam Injection,NA,NA,"ARP, CSNOX, CSOSG2, CSSO2G1, RGGI"
NY,Bethpage Energy Center,50292,GT1,NA,2021,2021,2002.23,53328.54,NA,0.128,0.001,25421.68,0.0593,27.304,0.1271,427900.016,Pipeline Natural Gas,NA,Combined cycle,NA,Steam Injection,NA,NA,"ARP, CSNOX, CSOSG3, CSSO2G1, RGGI"
NY,Bethpage Energy Center,50292,GT1,NA,2022,0,0,NA,NA,NA,NA,NA,NA,NA,NA,NA,Pipeline Natural Gas,NA,Combined cycle,NA,Steam Injection,NA,NA,"ARP, CSNOX, CSOSG3, CSSO2G1, RGGI"
NY,Bethpage Energy Center,50292,GT1,NA,2023,2945,2858.51,77885.12,NA,0.217,0.001,42924.851,0.0594,47.448,0.1326,722268.483,Pipeline Natural Gas,NA,Combined cycle,NA,Steam Injection,NA,NA,"ARP, CSNOX, CSOSG3, CSSO2G1, RGGI"
NY,Bethpage Energy Center,50292,GT1,NA,2024,4516,4375.48,117814.92,NA,0.333,0.001,65920.703,0.0593,70.156,0.1284,1109138.217,Pipeline Natural Gas,NA,Combined cycle,NA,Steam Injection,NA,NA,"ARP, CSNOX, CSOSG2E, CSSO2G1, RGGI"
NY,Bethpage Energy Center,50292,GT2,NA,1999,6489,6479,138194.25,NA,NA,NA,NA,NA,108.037,0.1509,1415734.125,Pipeline Natural Gas,Diesel Oil,Combined cycle,NA,Steam Injection,NA,NA,OTC
NY,Bethpage Energy Center,50292,GT2,NA,2000,6051,6031.02,129002.43,NA,NA,NA,NA,NA,92.969,0.1481,1269854.615,Pipeline Natural Gas,Diesel Oil,Combined cycle,NA,Steam Injection,NA,NA,OTC
NY,Bethpage Energy Center,50292,GT2,NA,2001,6914,6881.27,147956.59,NA,NA,NA,NA,NA,114.739,0.1436,1591129.924,Pipeline Natural Gas,Diesel Oil,Combined cycle,NA,Steam Injection,NA,NA,OTC
NY,Bethpage Energy Center,50292,GT2,NA,2002,8081,8059.26,181521.86,NA,NA,NA,NA,NA,134.161,0.1402,1920635.735,Pipeline Natural Gas,Diesel Oil,Combined cycle,NA,Steam Injection,NA,NA,OTC
NY,Bethpage Energy Center,50292,GT2,NA,2003,7202,7184.05,155021.7,NA,NA,NA,NA,NA,121.025,0.1434,1690406.547,Pipeline Natural Gas,Diesel Oil,Combined cycle,NA,Steam Injection,NA,NA,NBP
NY,Bethpage Energy Center,50292,GT2,NA,2004,4045,3955.74,88366.35,NA,0.44,0.0091,6722.943,0.0595,72.276,0.1512,980339.162,Pipeline Natural Gas,Diesel Oil,Combined cycle,NA,Steam Injection,NA,NA,"ARP, NBP"
NY,Bethpage Energy Center,50292,GT2,NA,2005,2512,2347.6,72901.6,NA,1.469,0.0074,25156.272,0.0598,29.684,0.1343,456959.657,Pipeline Natural Gas,Diesel Oil,Combined cycle,NA,Steam Injection,NA,NA,"ARP, NBP"
NY,Bethpage Energy Center,50292,GT2,NA,2006,809,712.79,22356.29,NA,0.115,0.0022,8381.877,0.0594,8.78,0.1294,140924.727,Pipeline Natural Gas,Diesel Oil,Combined cycle,NA,Steam Injection,NA,NA,"ARP, NBP"
NY,Bethpage Energy Center,50292,GT2,NA,2007,1267,1148.06,35940.57,NA,0.385,0.0058,13605.038,0.0596,14.742,0.135,228320.71,Pipeline Natural Gas,Diesel Oil,Combined cycle,NA,Steam Injection,NA,NA,"ARP, NBP"
NY,Bethpage Energy Center,50292,GT2,NA,2008,2899,2682.21,91978.67,NA,0.538,0.0028,35389.467,0.0594,40.514,0.1377,594737.249,Pipeline Natural Gas,Diesel Oil,Combined cycle,NA,Steam Injection,NA,NA,"ARP, CAIRNOX, CAIROS, NBP"
NY,Bethpage Energy Center,50292,GT2,NA,2009,2225,2087.89,65255.34,NA,0.112,0.001,22234.363,0.0594,23.79,0.1287,374107.126,Pipeline Natural Gas,NA,Combined cycle,NA,Steam Injection,NA,NA,"ARP, CAIRNOX, CAIROS, CAIRSO2, RGGI"
NY,Bethpage Energy Center,50292,GT2,NA,2010,2903,2700.62,84525.47,NA,0.146,0.001,28829.451,0.0594,33.135,0.1322,485191.247,Pipeline Natural Gas,NA,Combined cycle,NA,Steam Injection,NA,NA,"ARP, CAIRNOX, CAIROS, CAIRSO2, RGGI"
NY,Bethpage Energy Center,50292,GT2,NA,2011,3103,2833.04,84158.13,NA,0.149,0.001,29565.598,0.0594,31.38,0.1277,497492.668,Pipeline Natural Gas,NA,Combined cycle,NA,Steam Injection,NA,NA,"ARP, CAIRNOX, CAIROS, CAIRSO2, RGGI"
NY,Bethpage Energy Center,50292,GT2,NA,2012,4477,4291.63,135980.14,NA,0.248,0.001,49154.405,0.0594,60.177,0.1465,827137.111,Pipeline Natural Gas,NA,Combined cycle,NA,Steam Injection,NA,NA,"ARP, CAIRNOX, CAIROS, CAIRSO2, RGGI"
NY,Bethpage Energy Center,50292,GT2,NA,2013,5800,5579.18,174235.36,NA,0.319,0.001,63224.951,0.0594,69.183,0.1305,1063841.042,Pipeline Natural Gas,NA,Combined cycle,NA,Steam Injection,NA,NA,"ARP, CAIRNOX, CAIROS, CAIRSO2, RGGI"
NY,Bethpage Energy Center,50292,GT2,NA,2014,6472,6220.88,203359.49,NA,0.363,0.001,71838.048,0.0594,77.876,0.1289,1208835.418,Pipeline Natural Gas,NA,Combined cycle,NA,Steam Injection,NA,NA,"ARP, CAIRNOX, CAIROS, CAIRSO2, RGGI"
NY,Bethpage Energy Center,50292,GT2,NA,2015,6403,6124.83,196026.32,NA,0.35,0.001,69388.363,0.0594,84.819,0.1445,1167628.841,Pipeline Natural Gas,NA,Combined cycle,NA,Steam Injection,NA,NA,"ARP, CSNOX, CSNOXOS, CSSO2G1, RGGI"
NY,Bethpage Energy Center,50292,GT2,NA,2016,4985,4874.89,169604.2,NA,0.334,0.001,66078.614,0.0593,106.384,0.1928,1111874.32,Pipeline Natural Gas,NA,Combined cycle,NA,Steam Injection,NA,NA,"ARP, CSNOX, CSNOXOS, CSSO2G1, RGGI"
NY,Bethpage Energy Center,50292,GT2,NA,2017,6274,5992.99,209944.35,NA,0.418,0.001,82703.761,0.0593,119.8,0.175,1391624.548,Pipeline Natural Gas,NA,Combined cycle,NA,Steam Injection,NA,NA,"ARP, CSNOX, CSOSG2, CSSO2G1, RGGI"
NY,Bethpage Energy Center,50292,GT2,NA,2018,5323,5085.38,157377.04,NA,0.355,0.001,70204.366,0.0593,89.44,0.1522,1181614.085,Pipeline Natural Gas,NA,Combined cycle,NA,Steam Injection,NA,NA,"ARP, CSNOX, CSOSG2, CSSO2G1, RGGI"
NY,Bethpage Energy Center,50292,GT2,NA,2019,4381,4029.46,105120.43,NA,0.25,0.001,49582.569,0.0594,50.001,0.1268,834316.579,Pipeline Natural Gas,NA,Combined cycle,NA,Steam Injection,NA,NA,"ARP, CSNOX, CSOSG2, CSSO2G1, RGGI"
NY,Bethpage Energy Center,50292,GT2,NA,2020,4307,4038.08,103567.91,NA,0.243,0.001,48029.444,0.0594,48.75,0.126,808177.189,Pipeline Natural Gas,NA,Combined cycle,NA,Steam Injection,NA,NA,"ARP, CSNOX, CSOSG2, CSSO2G1, RGGI"
NY,Bethpage Energy Center,50292,GT2,NA,2021,6684,6508.75,174495.07,NA,0.47,0.001,93041.881,0.0593,94.61,0.1243,1565650.36,Pipeline Natural Gas,NA,Combined cycle,NA,Steam Injection,NA,NA,"ARP, CSNOX, CSOSG3, CSSO2G1, RGGI"
NY,Bethpage Energy Center,50292,GT2,NA,2022,7105,7027.33,185775.67,NA,0.541,0.001,107241.828,0.0593,109.378,0.1222,1804760.879,Pipeline Natural Gas,NA,Combined cycle,NA,Steam Injection,NA,NA,"ARP, CSNOX, CSOSG3, CSSO2G1, RGGI"
NY,Bethpage Energy Center,50292,GT2,NA,2023,7393,7315.19,193623.92,NA,0.56,0.001,110843.896,0.0593,115.526,0.1252,1865471.69,Pipeline Natural Gas,NA,Combined cycle,NA,Steam Injection,NA,NA,"ARP, CSNOX, CSOSG3, CSSO2G1, RGGI"
NY,Bethpage Energy Center,50292,GT2,NA,2024,3593,3511.44,92051.13,NA,0.265,0.001,52574.245,0.0593,54.629,0.1255,884788.567,Pipeline Natural Gas,NA,Combined cycle,NA,Steam Injection,NA,NA,"ARP, CSNOX, CSOSG2E, CSSO2G1, RGGI"
NY,Bethpage Energy Center,50292,GT3,NA,2002,2324,2079.54,79023.86,NA,0.201,0.001,39714.978,0.0593,16.561,0.152,668271.744,Pipeline Natural Gas,NA,"Combustion turbine (Started Jul 01, 2002)",NA,Water Injection|Selective Catalytic Reduction,NA,NA,ARP
NY,Bethpage Energy Center,50292,GT3,NA,2003,2459,2096.35,98051.55,NA,0.288,0.001,56984.086,0.0592,9.851,0.0751,958866.795,Pipeline Natural Gas,NA,Combustion turbine,NA,Water Injection|Selective Catalytic Reduction,NA,NA,"ARP, NBP"
NY,Bethpage Energy Center,50292,GT3,NA,2004,2897,2429.39,112800.33,NA,0.34,0.001,67291.814,0.0591,10.424,0.0514,1132508.059,Pipeline Natural Gas,NA,Combustion turbine,NA,Water Injection|Selective Catalytic Reduction,NA,NA,"ARP, NBP"
NY,Bethpage Energy Center,50292,GT3,NA,2005,3194,2661.47,122417.23,NA,0.369,0.001,73144.385,0.0592,5.753,0.016,1230797.721,Pipeline Natural Gas,NA,Combustion turbine,NA,Water Injection|Selective Catalytic Reduction,NA,NA,"ARP, NBP"
NY,Bethpage Energy Center,50292,GT3,NA,2006,1524,1249.77,57064.97,NA,0.173,0.001,34329.31,0.0592,2.735,0.0149,577641.59,Pipeline Natural Gas,NA,Combustion turbine,NA,Water Injection|Selective Catalytic Reduction,NA,NA,"ARP, NBP"
NY,Bethpage Energy Center,50292,GT3,NA,2007,1076,897.37,40436.09,NA,0.122,0.001,24222.263,0.0592,3.996,0.0344,407598.523,Pipeline Natural Gas,NA,Combustion turbine,NA,Water Injection|Selective Catalytic Reduction,NA,NA,"ARP, NBP"
NY,Bethpage Energy Center,50292,GT3,NA,2008,1142,978.74,44652.47,NA,0.134,0.001,26484.123,0.0592,2.301,0.0139,445634.509,Pipeline Natural Gas,NA,Combustion turbine,NA,Water Injection|Selective Catalytic Reduction,NA,NA,"ARP, CAIRNOX, CAIROS, NBP"
NY,Bethpage Energy Center,50292,GT3,NA,2009,1033,865.22,38945.96,NA,0.117,0.001,23162.959,0.0592,6.643,0.0401,389744.655,Pipeline Natural Gas,NA,Combustion turbine,NA,Water Injection|Selective Catalytic Reduction,NA,NA,"ARP, CAIRNOX, CAIROS, CAIRSO2, RGGI"
NY,Bethpage Energy Center,50292,GT3,NA,2010,1302,1114.51,48101.56,NA,0.151,0.001,29874.472,0.0592,3.804,0.0216,502733.203,Pipeline Natural Gas,NA,Combustion turbine,NA,Water Injection|Selective Catalytic Reduction,NA,NA,"ARP, CAIRNOX, CAIROS, CAIRSO2, RGGI"
NY,Bethpage Energy Center,50292,GT3,NA,2011,2118,1763.25,76933.71,NA,0.238,0.001,47109.794,0.0592,3.445,0.0136,792683.363,Pipeline Natural Gas,NA,Combustion turbine,NA,Water Injection|Selective Catalytic Reduction,NA,NA,"ARP, CAIRNOX, CAIROS, CAIRSO2, RGGI"
NY,Bethpage Energy Center,50292,GT3,NA,2012,2997,2530.88,111129.53,NA,0.34,0.001,67410.022,0.0592,4.986,0.0136,1134235.563,Pipeline Natural Gas,NA,Combustion turbine,NA,Water Injection|Selective Catalytic Reduction,NA,NA,"ARP, CAIRNOX, CAIROS, CAIRSO2, RGGI"
NY,Bethpage Energy Center,50292,GT3,NA,2013,4224,3690.2,160617.85,NA,0.505,0.001,100054.737,0.0592,7.564,0.014,1683602.058,Pipeline Natural Gas,NA,Combustion turbine,NA,Water Injection|Selective Catalytic Reduction,NA,NA,"ARP, CAIRNOX, CAIROS, CAIRSO2, RGGI"
NY,Bethpage Energy Center,50292,GT3,NA,2014,3435,3014.45,129274.25,NA,0.434,0.001,85931.189,0.0592,6.627,0.0128,1445954.096,Pipeline Natural Gas,NA,Combustion turbine,NA,Water Injection|Selective Catalytic Reduction,NA,NA,"ARP, CAIRNOX, CAIROS, CAIRSO2, RGGI"
NY,Bethpage Energy Center,50292,GT3,NA,2015,4471,3947.53,175646.92,NA,0.592,0.001,117215.046,0.0592,8.002,0.0103,1972402.71,Pipeline Natural Gas,NA,Combustion turbine,NA,Water Injection|Selective Catalytic Reduction,NA,NA,"ARP, CSNOX, CSNOXOS, CSSO2G1, RGGI"
NY,Bethpage Energy Center,50292,GT3,NA,2016,5176,4611.69,210998.13,NA,0.689,0.001,136410.802,0.0592,8.63,0.0096,2295354.35,Pipeline Natural Gas,NA,Combustion turbine,NA,Water Injection|Selective Catalytic Reduction,NA,NA,"ARP, CSNOX, CSNOXOS, CSSO2G1, RGGI"
NY,Bethpage Energy Center,50292,GT3,NA,2017,3913,3334.82,150818.67,NA,0.456,0.001,90248.287,0.0592,5.788,0.0096,1518591.236,Pipeline Natural Gas,NA,Combustion turbine,NA,Water Injection|Selective Catalytic Reduction,NA,NA,"ARP, CSNOX, CSOSG2, CSSO2G1, RGGI"
NY,Bethpage Energy Center,50292,GT3,NA,2018,2019,1658.05,73456.07,NA,0.218,0.001,43140.852,0.0585,2.797,0.0102,725962.539,Pipeline Natural Gas,NA,Combustion turbine,NA,Water Injection|Selective Catalytic Reduction,NA,NA,"ARP, CSNOX, CSOSG2, CSSO2G1, RGGI"
NY,Bethpage Energy Center,50292,GT3,NA,2019,1305,1053.65,47016.8,NA,0.141,0.001,27831.209,0.0592,1.773,0.0107,468317.796,Pipeline Natural Gas,NA,Combustion turbine,NA,Water Injection|Selective Catalytic Reduction,NA,NA,"ARP, CSNOX, CSOSG2, CSSO2G1, RGGI"
NY,Bethpage Energy Center,50292,GT3,NA,2020,2830,2412.65,107228.97,NA,0.324,0.001,64077.987,0.0592,3.789,0.0094,1078237.552,Pipeline Natural Gas,NA,Combustion turbine,NA,Water Injection|Selective Catalytic Reduction,NA,NA,"ARP, CSNOX, CSOSG2, CSSO2G1, RGGI"
NY,Bethpage Energy Center,50292,GT3,NA,2021,4405,3888.84,178145.81,NA,0.54,0.001,106929.526,0.0592,6.555,0.0088,1799261.431,Pipeline Natural Gas,NA,Combustion turbine,NA,Water Injection|Selective Catalytic Reduction,NA,NA,"ARP, CSNOX, CSOSG3, CSSO2G1, RGGI"
NY,Bethpage Energy Center,50292,GT3,NA,2022,4736,4272.3,193865.08,NA,0.587,0.001,116237.948,0.0592,7.245,0.0087,1955933.537,Pipeline Natural Gas,NA,Combustion turbine,NA,Water Injection|Selective Catalytic Reduction,NA,NA,"ARP, CSNOX, CSOSG3, CSSO2G1, RGGI"
NY,Bethpage Energy Center,50292,GT3,NA,2023,4042,3611.38,163044.73,NA,0.494,0.001,97863.627,0.0592,6.053,0.0087,1646754.823,Pipeline Natural Gas,NA,Combustion turbine,NA,Water Injection|Selective Catalytic Reduction,NA,NA,"ARP, CSNOX, CSOSG3, CSSO2G1, RGGI"
NY,Bethpage Energy Center,50292,GT3,NA,2024,2828,2427.39,111491.65,NA,0.335,0.001,66421.828,0.0592,3.927,0.0082,1117665.626,Pipeline Natural Gas,NA,Combustion turbine,NA,Water Injection|Selective Catalytic Reduction,NA,NA,"ARP, CSNOX, CSOSG2E, CSSO2G1, RGGI"
NY,Bethpage Energy Center,50292,GT4,NA,2005,3630,3521.02,213280.61,NA,0.528,0.001,104595.482,0.0591,14.52,0.0165,1759994.006,Pipeline Natural Gas,NA,"Combined cycle (Started May 08, 2005)",NA,Water Injection|Selective Catalytic Reduction,NA,NA,"ARP, NBP"
NY,Bethpage Energy Center,50292,GT4,NA,2006,7653,7560.19,473800.74,NA,1.188,0.001,235377.172,0.0591,16.009,0.0084,3960904.805,Pipeline Natural Gas,NA,Combined cycle,NA,Water Injection|Selective Catalytic Reduction,NA,NA,"ARP, NBP"
NY,Bethpage Energy Center,50292,GT4,NA,2007,6439,6178.33,365179.06,NA,0.968,0.001,191684.294,0.0591,14.429,0.0105,3225390.992,Pipeline Natural Gas,NA,Combined cycle,NA,Water Injection|Selective Catalytic Reduction,NA,NA,"ARP, NBP"
NY,Bethpage Energy Center,50292,GT4,NA,2008,5424,5221.73,322888.82,NA,0.827,0.001,163737.765,0.0591,10.495,0.0075,2755182.325,Pipeline Natural Gas,NA,Combined cycle,NA,Water Injection|Selective Catalytic Reduction,NA,NA,"ARP, CAIRNOX, CAIROS, NBP"
NY,Bethpage Energy Center,50292,GT4,NA,2009,5022,4874.76,294413.21,NA,0.801,0.001,158641.325,0.0591,8.968,0.0069,2669486.288,Pipeline Natural Gas,NA,Combined cycle,NA,Water Injection|Selective Catalytic Reduction,NA,NA,"ARP, CAIRNOX, CAIROS, CAIRSO2, RGGI"
NY,Bethpage Energy Center,50292,GT4,NA,2010,4115,3927.06,241094.05,NA,0.628,0.001,124376.436,0.0591,7.423,0.0072,2092808.679,Pipeline Natural Gas,NA,Combined cycle,NA,Water Injection|Selective Catalytic Reduction,NA,NA,"ARP, CAIRNOX, CAIROS, CAIRSO2, RGGI"
NY,Bethpage Energy Center,50292,GT4,NA,2011,4140,3941.05,232037.61,NA,0.603,0.001,119514.79,0.0591,6.749,0.0067,2011116.774,Pipeline Natural Gas,NA,Combined cycle,NA,Water Injection|Selective Catalytic Reduction,NA,NA,"ARP, CAIRNOX, CAIROS, CAIRSO2, RGGI"
NY,Bethpage Energy Center,50292,GT4,NA,2012,3515,3430.17,217749.37,NA,0.518,0.001,102507.961,0.0591,5.921,0.007,1724806.043,Pipeline Natural Gas,NA,Combined cycle,NA,Water Injection|Selective Catalytic Reduction,NA,NA,"ARP, CAIRNOX, CAIROS, CAIRSO2, RGGI"
NY,Bethpage Energy Center,50292,GT4,NA,2013,4151,3947.16,234914.55,NA,0.597,0.001,118217.331,0.0591,5.852,0.0064,1989262.902,Pipeline Natural Gas,NA,Combined cycle,NA,Water Injection|Selective Catalytic Reduction,NA,NA,"ARP, CAIRNOX, CAIROS, CAIRSO2, RGGI"
NY,Bethpage Energy Center,50292,GT4,NA,2014,2636,2458.7,149093.14,NA,0.385,0.001,76217.228,0.0591,5.149,0.0092,1282540.461,Pipeline Natural Gas,NA,Combined cycle,NA,Water Injection|Selective Catalytic Reduction,NA,NA,"ARP, CAIRNOX, CAIROS, CAIRSO2, RGGI"
NY,Bethpage Energy Center,50292,GT4,NA,2015,5618,5406.59,351763.37,NA,0.913,0.001,180774.747,0.0591,10.215,0.0075,3041889.054,Pipeline Natural Gas,NA,Combined cycle,NA,Water Injection|Selective Catalytic Reduction,NA,NA,"ARP, CSNOX, CSNOXOS, CSSO2G1, RGGI"
NY,Bethpage Energy Center,50292,GT4,NA,2016,4761,4592.8,302163.39,NA,0.763,0.001,151105.675,0.0591,9.463,0.0077,2542620.754,Pipeline Natural Gas,NA,Combined cycle,NA,Water Injection|Selective Catalytic Reduction,NA,NA,"ARP, CSNOX, CSNOXOS, CSSO2G1, RGGI"
NY,Bethpage Energy Center,50292,GT4,NA,2017,3056,2854.14,179694.54,NA,0.453,0.001,89782.065,0.0591,5.292,0.0077,1510774.563,Pipeline Natural Gas,NA,Combined cycle,NA,Water Injection|Selective Catalytic Reduction,NA,NA,"ARP, CSNOX, CSOSG2, CSSO2G1, RGGI"
NY,Bethpage Energy Center,50292,GT4,NA,2018,2285,2129.67,129267.66,NA,0.326,0.001,64562.783,0.0591,3.539,0.007,1086387.233,Pipeline Natural Gas,NA,Combined cycle,NA,Water Injection|Selective Catalytic Reduction,NA,NA,"ARP, CSNOX, CSOSG2, CSSO2G1, RGGI"
NY,Bethpage Energy Center,50292,GT4,NA,2019,2016,1900.23,117701.37,NA,0.296,0.001,58543.759,0.0591,3.204,0.0069,985092.67,Pipeline Natural Gas,NA,Combined cycle,NA,Water Injection|Selective Catalytic Reduction,NA,NA,"ARP, CSNOX, CSOSG2, CSSO2G1, RGGI"
NY,Bethpage Energy Center,50292,GT4,NA,2020,3638,3537.26,228139.11,NA,0.574,0.001,113764.22,0.0591,11.867,0.0132,1914259.157,Pipeline Natural Gas,NA,Combined cycle,NA,Water Injection|Selective Catalytic Reduction,NA,NA,"ARP, CSNOX, CSOSG2, CSSO2G1, RGGI"
NY,Bethpage Energy Center,50292,GT4,NA,2021,5022,4894.93,304211.26,NA,0.788,0.001,156158.623,0.0591,8.931,0.0069,2627694.744,Pipeline Natural Gas,NA,Combined cycle,NA,Water Injection|Selective Catalytic Reduction,NA,NA,"ARP, CSNOX, CSOSG3, CSSO2G1, RGGI"
NY,Bethpage Energy Center,50292,GT4,NA,2022,2142,1987.66,78097.37,NA,0.232,0.001,45904.186,0.0592,2.394,0.008,772427.003,Pipeline Natural Gas,NA,Combined cycle,NA,Water Injection|Selective Catalytic Reduction,NA,NA,"ARP, CSNOX, CSOSG3, CSSO2G1, RGGI"
NY,Bethpage Energy Center,50292,GT4,NA,2023,3243,3128.52,185868.57,NA,0.482,0.001,95394.538,0.0592,5.259,0.007,1605174.974,Pipeline Natural Gas,NA,Combined cycle,NA,Water Injection|Selective Catalytic Reduction,NA,NA,"ARP, CSNOX, CSOSG3, CSSO2G1, RGGI"
NY,Bethpage Energy Center,50292,GT4,NA,2024,4591,4511.45,277331.57,NA,0.724,0.001,143389.781,0.0591,10.102,0.009,2412760.796,Pipeline Natural Gas,NA,Combined cycle,NA,Water Injection|Selective Catalytic Reduction,NA,NA,"ARP, CSNOX, CSOSG2E, CSSO2G1, RGGI"
NY,Cornell University Ithaca Campus,50368,CT1,NA,2010,2320,2301.77,NA,133094.36,NA,NA,NA,NA,1.581,0.0083,391444.222,Pipeline Natural Gas,Diesel Oil,Combined cycle,NA,Selective Catalytic Reduction,NA,NA,CAIROS
NY,Cornell University Ithaca Campus,50368,CT1,NA,2011,1815,1784.83,NA,95622.98,NA,NA,NA,NA,1.18,0.0086,290527.193,Pipeline Natural Gas,Diesel Oil,Combined cycle,NA,Selective Catalytic Reduction,NA,NA,CAIROS
NY,Cornell University Ithaca Campus,50368,CT1,NA,2012,2411,2391,NA,129277.86,NA,NA,NA,NA,1.546,0.0083,383972.231,Pipeline Natural Gas,Diesel Oil,Combined cycle,NA,Selective Catalytic Reduction,NA,NA,CAIROS
NY,Cornell University Ithaca Campus,50368,CT1,NA,2013,1034,1014.44,NA,55267.53,NA,NA,NA,NA,0.791,0.0101,169118.617,Pipeline Natural Gas,Diesel Oil,Combined cycle,NA,Selective Catalytic Reduction,NA,NA,CAIROS
NY,Cornell University Ithaca Campus,50368,CT1,NA,2014,891,850.26,NA,43693.81,NA,NA,NA,NA,0.89,0.0155,136097.561,Pipeline Natural Gas,Diesel Oil,Combined cycle,NA,Selective Catalytic Reduction,NA,NA,CAIROS
NY,Cornell University Ithaca Campus,50368,CT1,NA,2015,3364,3354.17,NA,153518.9,NA,NA,NA,NA,1.906,0.0076,506871.607,Pipeline Natural Gas,Diesel Oil,Combined cycle,NA,Selective Catalytic Reduction,NA,NA,SIPNOX
NY,Cornell University Ithaca Campus,50368,CT1,NA,2016,3465,3460.79,NA,160416.27,NA,NA,NA,NA,1.872,0.0072,526252.765,Pipeline Natural Gas,Diesel Oil,Combined cycle,NA,Selective Catalytic Reduction,NA,NA,SIPNOX
NY,Cornell University Ithaca Campus,50368,CT1,NA,2017,3464,3457.32,NA,162726.83,NA,NA,NA,NA,1.893,0.0072,528400.664,Pipeline Natural Gas,Diesel Oil,Combined cycle,NA,Selective Catalytic Reduction,NA,NA,SIPNOX
NY,Cornell University Ithaca Campus,50368,CT1,NA,2018,3487,3480.89,NA,161684.93,NA,NA,NA,NA,1.895,0.0071,530271.272,Pipeline Natural Gas,Diesel Oil,Combined cycle,NA,Selective Catalytic Reduction,NA,NA,SIPNOX
NY,Cornell University Ithaca Campus,50368,CT1,NA,2019,3523,3514.49,NA,166606.05,NA,NA,NA,NA,1.939,0.0072,545089.653,Pipeline Natural Gas,Diesel Oil,Combined cycle,NA,Selective Catalytic Reduction,NA,NA,SIPNOX
NY,Cornell University Ithaca Campus,50368,CT1,NA,2020,3025,3018.46,NA,147299.42,NA,NA,NA,NA,1.705,0.0074,468807.362,Pipeline Natural Gas,Diesel Oil,Combined cycle,NA,Selective Catalytic Reduction,NA,NA,SIPNOX
NY,Cornell University Ithaca Campus,50368,CT1,NA,2021,2844,2830.45,NA,129896.49,NA,NA,NA,NA,1.426,0.0071,412106.106,Pipeline Natural Gas,Diesel Oil,Combined cycle,NA,Selective Catalytic Reduction,NA,NA,SIPNOX
NY,Cornell University Ithaca Campus,50368,CT1,NA,2022,2201,2176.02,NA,103188.42,NA,NA,NA,NA,1.138,0.0076,325701.95,Pipeline Natural Gas,Diesel Oil,Combined cycle,NA,Selective Catalytic Reduction,NA,NA,SIPNOX
NY,Cornell University Ithaca Campus,50368,CT1,NA,2023,3312,3308.49,NA,148815.48,NA,NA,NA,NA,1.59,0.0069,468617.944,Pipeline Natural Gas,Diesel Oil,Combined cycle,NA,Selective Catalytic Reduction,NA,NA,SIPNOX
NY,Cornell University Ithaca Campus,50368,CT1,NA,2024,3320,3313.59,NA,146622.82,NA,NA,NA,NA,1.866,0.008,474606.284,Pipeline Natural Gas,Diesel Oil,Combined cycle,NA,Selective Catalytic Reduction,NA,NA,SIPNOX
NY,Cornell University Ithaca Campus,50368,CT2,NA,2010,1690,1664.66,NA,90488.29,NA,NA,NA,NA,1.123,0.0085,275136.304,Pipeline Natural Gas,Diesel Oil,Combined cycle,NA,Selective Catalytic Reduction,NA,NA,CAIROS
NY,Cornell University Ithaca Campus,50368,CT2,NA,2011,2336,2324.98,NA,124485.47,NA,NA,NA,NA,1.518,0.0082,376113.87,Pipeline Natural Gas,Diesel Oil,Combined cycle,NA,Selective Catalytic Reduction,NA,NA,CAIROS
NY,Cornell University Ithaca Campus,50368,CT2,NA,2012,1643,1622.51,NA,83835.36,NA,NA,NA,NA,1.037,0.0084,255549.673,Pipeline Natural Gas,Diesel Oil,Combined cycle,NA,Selective Catalytic Reduction,NA,NA,CAIROS
NY,Cornell University Ithaca Campus,50368,CT2,NA,2013,2928,2916.48,NA,151463.82,NA,NA,NA,NA,2.192,0.0096,464598.186,Pipeline Natural Gas,Diesel Oil,Combined cycle,NA,Selective Catalytic Reduction,NA,NA,CAIROS
NY,Cornell University Ithaca Campus,50368,CT2,NA,2014,3111,3095.11,NA,158693.98,NA,NA,NA,NA,2.203,0.0093,485730.438,Pipeline Natural Gas,Diesel Oil,Combined cycle,NA,Selective Catalytic Reduction,NA,NA,CAIROS
NY,Cornell University Ithaca Campus,50368,CT2,NA,2015,3543,3536.66,NA,165961.21,NA,NA,NA,NA,1.925,0.0072,538960.261,Pipeline Natural Gas,Diesel Oil,Combined cycle,NA,Selective Catalytic Reduction,NA,NA,SIPNOX
NY,Cornell University Ithaca Campus,50368,CT2,NA,2016,3411,3402.77,NA,160943.62,NA,NA,NA,NA,1.862,0.0074,513798.405,Pipeline Natural Gas,Diesel Oil,Combined cycle,NA,Selective Catalytic Reduction,NA,NA,SIPNOX
NY,Cornell University Ithaca Campus,50368,CT2,NA,2017,3173,3164.12,NA,147755.67,NA,NA,NA,NA,1.733,0.0072,483632.634,Pipeline Natural Gas,Diesel Oil,Combined cycle,NA,Selective Catalytic Reduction,NA,NA,SIPNOX
NY,Cornell University Ithaca Campus,50368,CT2,NA,2018,3366,3342.44,NA,154353.15,NA,NA,NA,NA,1.814,0.0073,508494.562,Pipeline Natural Gas,Diesel Oil,Combined cycle,NA,Selective Catalytic Reduction,NA,NA,SIPNOX
NY,Cornell University Ithaca Campus,50368,CT2,NA,2019,3024,3016.43,NA,137623.01,NA,NA,NA,NA,1.837,0.0082,458831.646,Pipeline Natural Gas,Diesel Oil,Combined cycle,NA,Selective Catalytic Reduction,NA,NA,SIPNOX
NY,Cornell University Ithaca Campus,50368,CT2,NA,2020,2313,2300.21,NA,109093.05,NA,NA,NA,NA,1.26,0.0075,350448.557,Pipeline Natural Gas,Diesel Oil,Combined cycle,NA,Selective Catalytic Reduction,NA,NA,SIPNOX
NY,Cornell University Ithaca Campus,50368,CT2,NA,2021,2389,2374.9,NA,109855.72,NA,NA,NA,NA,1.276,0.0077,345337.23,Pipeline Natural Gas,Diesel Oil,Combined cycle,NA,Selective Catalytic Reduction,NA,NA,SIPNOX
NY,Cornell University Ithaca Campus,50368,CT2,NA,2022,2537,2519.71,NA,121284.57,NA,NA,NA,NA,1.312,0.0074,380390.127,Pipeline Natural Gas,Diesel Oil,Combined cycle,NA,Selective Catalytic Reduction,NA,NA,SIPNOX
NY,Cornell University Ithaca Campus,50368,CT2,NA,2023,3432,3424.55,NA,155655.58,NA,NA,NA,NA,1.674,0.007,491954.124,Pipeline Natural Gas,Diesel Oil,Combined cycle,NA,Selective Catalytic Reduction,NA,NA,SIPNOX
NY,Cornell University Ithaca Campus,50368,CT2,NA,2024,3425,3419.13,NA,153527.94,NA,NA,NA,NA,1.691,0.0069,496587.048,Pipeline Natural Gas,Diesel Oil,Combined cycle,NA,Selective Catalytic Reduction,NA,NA,SIPNOX
NY,Indeck-Silver Springs Energy Center,50449,1,NA,1999,4387,4375,211206.25,NA,NA,NA,NA,NA,100.458,0.0986,2064965.4,Pipeline Natural Gas,Diesel Oil,Combined cycle,NA,Steam Injection,NA,NA,OTC
NY,Indeck-Silver Springs Energy Center,50449,1,NA,2000,3984,3969.25,180662,NA,NA,NA,NA,NA,79.241,0.0867,1841574.15,Pipeline Natural Gas,Diesel Oil,Combined cycle,NA,Steam Injection,NA,NA,OTC
NY,Indeck-Silver Springs Energy Center,50449,1,NA,2001,5871,5868.39,275678.04,NA,NA,NA,NA,NA,123.216,0.0903,2737431.206,Pipeline Natural Gas,Diesel Oil,Combined cycle,NA,Steam Injection,NA,NA,OTC
NY,Indeck-Silver Springs Energy Center,50449,1,NA,2002,5741,5732.25,233251.75,NA,0.793,0.001,157060.9,0.0592,107.357,0.0815,2642892.8,Pipeline Natural Gas,Diesel Oil,Combined cycle,NA,Steam Injection,NA,NA,"ARP, OTC"
NY,Indeck-Silver Springs Energy Center,50449,1,NA,2003,3627,3616.75,142674.5,NA,3.788,0.0044,99579,0.0595,68.782,0.0828,1664031.675,Pipeline Natural Gas,Diesel Oil,Combined cycle,NA,Steam Injection,NA,NA,"ARP, NBP"
NY,Indeck-Silver Springs Energy Center,50449,1,NA,2004,2229,2226.25,80643,NA,0.283,0.001,56152.45,0.0592,36.964,0.0786,944910.925,Pipeline Natural Gas,Diesel Oil,Combined cycle,NA,Steam Injection,NA,NA,"ARP, NBP"
NY,Indeck-Silver Springs Energy Center,50449,1,NA,2005,1528,1522.75,67317.75,NA,0.199,0.001,39473.125,0.0592,25.859,0.0787,664224.7,Pipeline Natural Gas,Diesel Oil,Combined cycle,NA,Steam Injection,NA,NA,"ARP, NBP"
NY,Indeck-Silver Springs Energy Center,50449,1,NA,2006,2478,2472.5,107234.25,NA,2.09,0.0042,65054.475,0.0597,45.881,0.085,1084985.675,Pipeline Natural Gas,Diesel Oil,Combined cycle,NA,Steam Injection,NA,NA,"ARP, NBP"
NY,Indeck-Silver Springs Energy Center,50449,1,NA,2007,329,318.75,13401.75,NA,0.167,0.0033,7653.75,0.0597,6.035,0.102,127768.925,Pipeline Natural Gas,Diesel Oil,Combined cycle,NA,Steam Injection,NA,NA,"ARP, NBP"
NY,Indeck-Silver Springs Energy Center,50449,1,NA,2008,196,187.5,6922,NA,0.022,0.0014,3973.9,0.0594,3.368,0.1087,66846.4,Pipeline Natural Gas,Diesel Oil,Combined cycle,NA,Steam Injection,NA,NA,"ARP, CAIRNOX, CAIROS, NBP"
NY,Indeck-Silver Springs Energy Center,50449,1,NA,2009,123,119.75,4350.5,NA,0.012,7e-4,2507.625,0.0593,2.12,0.113,42197.5,Pipeline Natural Gas,Diesel Oil,Combined cycle,NA,Steam Injection,NA,NA,"ARP, CAIRNOX, CAIROS, CAIRSO2, RGGI"
NY,Indeck-Silver Springs Energy Center,50449,1,NA,2010,325,316.75,11943.25,NA,0.079,0.0018,6722.325,0.0599,5.924,0.116,112268.75,Pipeline Natural Gas,Diesel Oil,Combined cycle,NA,Steam Injection,NA,NA,"ARP, CAIRNOX, CAIROS, CAIRSO2, RGGI"
NY,Indeck-Silver Springs Energy Center,50449,1,NA,2011,357,349.5,14117.75,NA,0.035,4e-4,7745.85,0.0592,5.664,0.0934,130369.775,Pipeline Natural Gas,Diesel Oil,Combined cycle,NA,Steam Injection,NA,NA,"ARP, CAIRNOX, CAIROS, CAIRSO2, RGGI"
NY,Indeck-Silver Springs Energy Center,50449,1,NA,2012,1583,1550,67747,NA,0.182,0.001,36036.075,0.0592,29.812,0.1047,606392.15,Pipeline Natural Gas,Diesel Oil,Combined cycle,NA,Steam Injection,NA,NA,"ARP, CAIRNOX, CAIROS, CAIRSO2, RGGI"
NY,Indeck-Silver Springs Energy Center,50449,1,NA,2013,1262,1221.25,50546.75,NA,0.139,0.001,27525.525,0.0592,24.944,0.1166,463194.375,Pipeline Natural Gas,Diesel Oil,Combined cycle,NA,Steam Injection,NA,NA,"ARP, CAIRNOX, CAIROS, CAIRSO2, RGGI"
NY,Indeck-Silver Springs Energy Center,50449,1,NA,2014,1028,965.25,38394,NA,0.318,0.0025,21491.7,0.0603,18.41,0.1201,357688.3,Pipeline Natural Gas,Diesel Oil,Combined cycle,NA,Steam Injection,NA,NA,"ARP, CAIRNOX, CAIROS, CAIRSO2, RGGI"
NY,Indeck-Silver Springs Energy Center,50449,1,NA,2015,2763,2667.5,115927.25,NA,0.325,6e-4,63112.5,0.0594,55.384,0.1142,1059505.575,Pipeline Natural Gas,Diesel Oil,Combined cycle,NA,Steam Injection,NA,NA,"ARP, CSNOX, CSNOXOS, CSSO2G1, RGGI"
NY,Indeck-Silver Springs Energy Center,50449,1,NA,2016,2075,1997.25,84407.25,NA,0.234,7e-4,46567.85,0.0592,36.656,0.0999,783558.25,Pipeline Natural Gas,Diesel Oil,Combined cycle,NA,Steam Injection,NA,NA,"ARP, CSNOX, CSNOXOS, CSSO2G1, RGGI"
NY,Indeck-Silver Springs Energy Center,50449,1,NA,2017,1445,1383.75,58555,NA,0.167,0.001,33046.775,0.0592,30.97,0.1188,556089.875,Pipeline Natural Gas,Diesel Oil,Combined cycle,NA,Steam Injection,NA,NA,"ARP, CSNOX, CSOSG2, CSSO2G1, RGGI"
NY,Indeck-Silver Springs Energy Center,50449,1,NA,2018,1953,1885.5,80976.75,NA,0.227,0.001,44889,0.0593,33.906,0.0945,755275.95,Pipeline Natural Gas,Diesel Oil,Combined cycle,NA,Steam Injection,NA,NA,"ARP, CSNOX, CSOSG2, CSSO2G1, RGGI"
NY,Indeck-Silver Springs Energy Center,50449,1,NA,2019,1137,1084.5,44569.5,NA,0.126,0.001,24993.6,0.0593,20.956,0.1075,420542.725,Pipeline Natural Gas,Diesel Oil,Combined cycle,NA,Steam Injection,NA,NA,"ARP, CSNOX, CSOSG2, CSSO2G1, RGGI"
NY,Indeck-Silver Springs Energy Center,50449,1,NA,2020,1333,1226.25,48069.75,NA,0.137,0.001,27219.1,0.0592,24.487,0.1125,458029.775,Pipeline Natural Gas,Diesel Oil,Combined cycle,NA,Steam Injection,NA,NA,"ARP, CSNOX, CSOSG2, CSSO2G1, RGGI"
NY,Indeck-Silver Springs Energy Center,50449,1,NA,2021,1023,973.5,38952.5,NA,0.112,0.001,22224.15,0.0593,20.244,0.1154,373953.475,Pipeline Natural Gas,Diesel Oil,Combined cycle,NA,Steam Injection,NA,NA,"ARP, CSNOX, CSOSG3, CSSO2G1, RGGI"
NY,Indeck-Silver Springs Energy Center,50449,1,NA,2022,433,408,15808,NA,0.045,0.001,8941.775,0.0592,8.078,0.1166,150460.3,Pipeline Natural Gas,Diesel Oil,Combined cycle,NA,Steam Injection,NA,NA,"ARP, CSNOX, CSOSG3, CSSO2G1, RGGI"
NY,Indeck-Silver Springs Energy Center,50449,1,NA,2023,1074,1028.75,41692.5,NA,0.117,0.001,23372.75,0.0595,20.597,0.1112,392016.95,Pipeline Natural Gas,Diesel Oil,Combined cycle,NA,Steam Injection,NA,NA,"ARP, CSNOX, CSOSG3, CSSO2G1, RGGI"
NY,Indeck-Silver Springs Energy Center,50449,1,NA,2024,1551,1505.5,63818.75,NA,0.181,7e-4,35687.025,0.0592,30.854,0.1077,600488.25,Pipeline Natural Gas,Diesel Oil,Combined cycle,NA,Steam Injection,NA,NA,"ARP, CSNOX, CSOSG2E, CSSO2G1, RGGI"
NY,Indeck-Oswego Energy Center,50450,1,NA,1999,2121,2095.5,80872.75,NA,NA,NA,NA,NA,73.96,0.1541,963608.95,Pipeline Natural Gas,Diesel Oil,Combined cycle,NA,Steam Injection,NA,NA,OTC
NY,Indeck-Oswego Energy Center,50450,1,NA,2000,1255,1233,48220.75,NA,NA,NA,NA,NA,38.334,0.141,548810.425,Pipeline Natural Gas,Diesel Oil,Combined cycle,NA,Steam Injection,NA,NA,OTC
NY,Indeck-Oswego Energy Center,50450,1,NA,2001,668,653.32,23850.97,NA,NA,NA,NA,NA,18.46,0.1399,273281.893,Pipeline Natural Gas,Diesel Oil,Combined cycle,NA,Steam Injection,NA,NA,OTC
NY,Indeck-Oswego Energy Center,50450,1,NA,2002,2062,2026.5,68626.75,NA,0.254,0.001,50359.5,0.0592,54.39,0.1308,847380.875,Pipeline Natural Gas,Diesel Oil,Combined cycle,NA,Steam Injection,NA,NA,"ARP, OTC"
NY,Indeck-Oswego Energy Center,50450,1,NA,2003,552,542.25,16445,NA,0.066,0.001,12839.2,0.0593,15.613,0.1496,215997.25,Pipeline Natural Gas,Diesel Oil,Combined cycle,NA,Steam Injection,NA,NA,"ARP, NBP"
NY,Indeck-Oswego Energy Center,50450,1,NA,2004,236,230.25,7582,NA,0.129,0.003,5544.725,0.0607,6.752,0.1538,90839.8,Pipeline Natural Gas,Diesel Oil,Combined cycle,NA,Steam Injection,NA,NA,"ARP, NBP"
NY,Indeck-Oswego Energy Center,50450,1,NA,2005,322,313.25,13376.5,NA,0.06,0.0013,7201.45,0.0595,8.291,0.1428,120596.35,Pipeline Natural Gas,Diesel Oil,Combined cycle,NA,Steam Injection,NA,NA,"ARP, NBP"
NY,Indeck-Oswego Energy Center,50450,1,NA,2006,244,237.25,9906.25,NA,0.027,0.001,5280.1,0.0592,6.352,0.1494,88836.85,Pipeline Natural Gas,Diesel Oil,Combined cycle,NA,Steam Injection,NA,NA,"ARP, NBP"
NY,Indeck-Oswego Energy Center,50450,1,NA,2007,561,546.25,25906.75,NA,0.069,0.001,13534.85,0.0592,16.516,0.1516,227753.225,Pipeline Natural Gas,Diesel Oil,Combined cycle,NA,Steam Injection,NA,NA,"ARP, NBP"
NY,Indeck-Oswego Energy Center,50450,1,NA,2008,265,252,11637,NA,0.033,0.001,6185.975,0.0593,7.802,0.1609,104070.2,Pipeline Natural Gas,Diesel Oil,Combined cycle,NA,Steam Injection,NA,NA,"ARP, CAIRNOX, CAIROS, NBP"
NY,Indeck-Oswego Energy Center,50450,1,NA,2009,99,92.5,3909.25,NA,0.011,8e-4,2153.3,0.0592,2.782,0.1632,36232.1,Pipeline Natural Gas,Diesel Oil,Combined cycle,NA,Steam Injection,NA,NA,"ARP, CAIRNOX, CAIROS, CAIRSO2, RGGI"
NY,Indeck-Oswego Energy Center,50450,1,NA,2010,221,214.25,9423.5,NA,0.027,8e-4,5096.95,0.0592,6.359,0.1562,85767.15,Pipeline Natural Gas,Diesel Oil,Combined cycle,NA,Steam Injection,NA,NA,"ARP, CAIRNOX, CAIROS, CAIRSO2, RGGI"
NY,Indeck-Oswego Energy Center,50450,1,NA,2011,269,258,11835.75,NA,0.033,9e-4,6340.3,0.0593,7.708,0.1546,106669.425,Pipeline Natural Gas,Diesel Oil,Combined cycle,NA,Steam Injection,NA,NA,"ARP, CAIRNOX, CAIROS, CAIRSO2, RGGI"
NY,Indeck-Oswego Energy Center,50450,1,NA,2012,559,537,26160.75,NA,0.071,0.001,13834.575,0.0592,16.93,0.1526,232775.05,Pipeline Natural Gas,Diesel Oil,Combined cycle,NA,Steam Injection,NA,NA,"ARP, CAIRNOX, CAIROS, CAIRSO2, RGGI"
NY,Indeck-Oswego Energy Center,50450,1,NA,2013,1037,993,48666,NA,0.13,0.001,25795.45,0.0592,30.459,0.1483,434058.2,Pipeline Natural Gas,Diesel Oil,Combined cycle,NA,Steam Injection,NA,NA,"ARP, CAIRNOX, CAIROS, CAIRSO2, RGGI"
NY,Indeck-Oswego Energy Center,50450,1,NA,2014,1348,1311.5,67970.75,NA,0.198,0.001,36255.325,0.0599,40.886,0.1433,602229.525,Pipeline Natural Gas,Diesel Oil,Combined cycle,NA,Steam Injection,NA,NA,"ARP, CAIRNOX, CAIROS, CAIRSO2, RGGI"
NY,Indeck-Oswego Energy Center,50450,1,NA,2015,2035,1953.25,92496.25,NA,0.262,9e-4,49753.55,0.0594,51.471,0.1346,834173.175,Pipeline Natural Gas,Diesel Oil,Combined cycle,NA,Steam Injection,NA,NA,"ARP, CSNOX, CSNOXOS, CSSO2G1, RGGI"
NY,Indeck-Oswego Energy Center,50450,1,NA,2016,1265,1221.25,54986.25,NA,0.158,8e-4,29242.575,0.0592,27.755,0.1219,492021.35,Pipeline Natural Gas,Diesel Oil,Combined cycle,NA,Steam Injection,NA,NA,"ARP, CSNOX, CSNOXOS, CSSO2G1, RGGI"
NY,Indeck-Oswego Energy Center,50450,1,NA,2017,1283,1233.75,57770.25,NA,0.155,0.001,30783.2,0.0592,33.75,0.1423,517962.7,Pipeline Natural Gas,Diesel Oil,Combined cycle,NA,Steam Injection,NA,NA,"ARP, CSNOX, CSOSG2, CSSO2G1, RGGI"
NY,Indeck-Oswego Energy Center,50450,1,NA,2018,1611,1554.75,71161,NA,0.187,0.001,37134.425,0.0592,37.672,0.1304,624800.475,Pipeline Natural Gas,Diesel Oil,Combined cycle,NA,Steam Injection,NA,NA,"ARP, CSNOX, CSOSG2, CSSO2G1, RGGI"
NY,Indeck-Oswego Energy Center,50450,1,NA,2019,616,586.75,25770,NA,0.07,0.001,13840.15,0.0592,13.936,0.1301,232865.925,Pipeline Natural Gas,Diesel Oil,Combined cycle,NA,Steam Injection,NA,NA,"ARP, CSNOX, CSOSG2, CSSO2G1, RGGI"
NY,Indeck-Oswego Energy Center,50450,1,NA,2020,497,475.75,19981,NA,0.055,0.001,10974.925,0.0593,10.871,0.1286,184664.225,Pipeline Natural Gas,Diesel Oil,Combined cycle,NA,Steam Injection,NA,NA,"ARP, CSNOX, CSOSG2, CSSO2G1, RGGI"
NY,Indeck-Oswego Energy Center,50450,1,NA,2021,608,567.5,24832,NA,0.067,0.001,13190.9,0.0593,13.494,0.1318,221912.825,Pipeline Natural Gas,Diesel Oil,Combined cycle,NA,Steam Injection,NA,NA,"ARP, CSNOX, CSOSG3, CSSO2G1, RGGI"
NY,Indeck-Oswego Energy Center,50450,1,NA,2022,328,310.75,13622.75,NA,0.036,0.001,7214.2,0.0592,7.333,0.1309,121385.625,Pipeline Natural Gas,Diesel Oil,Combined cycle,NA,Steam Injection,NA,NA,"ARP, CSNOX, CSOSG3, CSSO2G1, RGGI"
NY,Indeck-Oswego Energy Center,50450,1,NA,2023,843,791.25,36060,NA,0.095,0.001,18733,0.0592,17.69,0.1196,315214.625,Pipeline Natural Gas,Diesel Oil,Combined cycle,NA,Steam Injection,NA,NA,"ARP, CSNOX, CSOSG3, CSSO2G1, RGGI"
NY,Indeck-Oswego Energy Center,50450,1,NA,2024,1158,1081.75,51922.25,NA,0.142,8e-4,26875.95,0.0592,25.874,0.1214,452202.325,Pipeline Natural Gas,Diesel Oil,Combined cycle,NA,Steam Injection,NA,NA,"ARP, CSNOX, CSOSG2E, CSSO2G1, RGGI"
NY,Indeck-Yerkes Energy Center,50451,1,NA,1999,2349,2315.75,83256,NA,NA,NA,NA,NA,70.6,0.1423,985316.325,Pipeline Natural Gas,Diesel Oil,Combined cycle,NA,Steam Injection,NA,NA,OTC
NY,Indeck-Yerkes Energy Center,50451,1,NA,2000,854,821.75,28881,NA,NA,NA,NA,NA,23.897,0.1556,319067.1,Pipeline Natural Gas,Diesel Oil,Combined cycle,NA,Steam Injection,NA,NA,OTC
NY,Indeck-Yerkes Energy Center,50451,1,NA,2001,1587,1536.84,51598.19,NA,NA,NA,NA,NA,42.964,0.1442,593412.008,Pipeline Natural Gas,Diesel Oil,Combined cycle,NA,Steam Injection,NA,NA,OTC
NY,Indeck-Yerkes Energy Center,50451,1,NA,2002,1927,1899.24,58602.16,NA,0.224,0.0013,41213.666,0.0595,49.495,0.1461,693106.354,Pipeline Natural Gas,Diesel Oil,Combined cycle,NA,Steam Injection,NA,NA,"ARP, OTC"
NY,Indeck-Yerkes Energy Center,50451,1,NA,2003,638,620.5,19068.25,NA,0.157,0.0026,13390.325,0.0602,16.109,0.1494,223657.925,Pipeline Natural Gas,Diesel Oil,Combined cycle,NA,Steam Injection,NA,NA,"ARP, NBP"
NY,Indeck-Yerkes Energy Center,50451,1,NA,2004,1137,1116.25,33919.5,NA,0.388,0.0025,24359.725,0.0601,29.732,0.1518,405090,Pipeline Natural Gas,Diesel Oil,Combined cycle,NA,Steam Injection,NA,NA,"ARP, NBP"
NY,Indeck-Yerkes Energy Center,50451,1,NA,2005,629,611,22375.75,NA,0.08,0.0017,12471.325,0.0596,14.941,0.1473,209554.9,Pipeline Natural Gas,Diesel Oil,Combined cycle,NA,Steam Injection,NA,NA,"ARP, NBP"
NY,Indeck-Yerkes Energy Center,50451,1,NA,2006,400,388.75,15063.25,NA,0.055,0.002,8271.575,0.0598,10.426,0.1544,138938.7,Pipeline Natural Gas,Diesel Oil,Combined cycle,NA,Steam Injection,NA,NA,"ARP, NBP"
NY,Indeck-Yerkes Energy Center,50451,1,NA,2007,577,551.5,22361.5,NA,0.065,0.0011,12359.65,0.0593,15.256,0.1486,207922.675,Pipeline Natural Gas,Diesel Oil,Combined cycle,NA,Steam Injection,NA,NA,"ARP, NBP"
NY,Indeck-Yerkes Energy Center,50451,1,NA,2008,202,194.5,7667.5,NA,0.028,0.0013,4319.25,0.0596,5.655,0.1663,72530.45,Pipeline Natural Gas,Diesel Oil,Combined cycle,NA,Steam Injection,NA,NA,"ARP, CAIRNOX, CAIROS, NBP"
NY,Indeck-Yerkes Energy Center,50451,1,NA,2009,176,171.25,7019,NA,0.021,0.0011,3852.4,0.0594,4.97,0.1669,64783.125,Pipeline Natural Gas,Diesel Oil,Combined cycle,NA,Steam Injection,NA,NA,"ARP, CAIRNOX, CAIROS, CAIRSO2, RGGI"
NY,Indeck-Yerkes Energy Center,50451,1,NA,2010,513,504.25,21156.25,NA,0.062,0.001,11600.2,0.0593,14.737,0.158,195151.1,Pipeline Natural Gas,Diesel Oil,Combined cycle,NA,Steam Injection,NA,NA,"ARP, CAIRNOX, CAIROS, CAIRSO2, RGGI"
NY,Indeck-Yerkes Energy Center,50451,1,NA,2011,296,291.5,11787,NA,0.032,9e-4,6532.525,0.0592,8.487,0.1613,109927.4,Pipeline Natural Gas,Diesel Oil,Combined cycle,NA,Steam Injection,NA,NA,"ARP, CAIRNOX, CAIROS, CAIRSO2, RGGI"
NY,Indeck-Yerkes Energy Center,50451,1,NA,2012,1372,1348.5,56470,NA,0.16,0.001,31003.25,0.0593,38.593,0.1562,521602.05,Pipeline Natural Gas,Diesel Oil,Combined cycle,NA,Steam Injection,NA,NA,"ARP, CAIRNOX, CAIROS, CAIRSO2, RGGI"
NY,Indeck-Yerkes Energy Center,50451,1,NA,2013,1366,1335.75,59259.5,NA,0.174,0.0011,32946.5,0.0593,41.08,0.159,554229.225,Pipeline Natural Gas,Diesel Oil,Combined cycle,NA,Steam Injection,NA,NA,"ARP, CAIRNOX, CAIROS, CAIRSO2, RGGI"
NY,Indeck-Yerkes Energy Center,50451,1,NA,2014,1607,1576.75,71390.25,NA,0.225,0.0011,40096.7,0.0593,49.805,0.1578,674366.15,Pipeline Natural Gas,Diesel Oil,Combined cycle,NA,Steam Injection,NA,NA,"ARP, CAIRNOX, CAIROS, CAIRSO2, RGGI"
NY,Indeck-Yerkes Energy Center,50451,1,NA,2015,2990,2921.25,127329.75,NA,0.414,0.0011,72646.95,0.0593,90.972,0.1592,1221820.5,Pipeline Natural Gas,Diesel Oil,Combined cycle,NA,Steam Injection,NA,NA,"ARP, CSNOX, CSNOXOS, CSSO2G1, RGGI"
NY,Indeck-Yerkes Energy Center,50451,1,NA,2016,2604,2537.25,109540.25,NA,0.526,0.0013,62094.15,0.0594,77.723,0.1607,1041233.55,Pipeline Natural Gas,Diesel Oil,Combined cycle,NA,Steam Injection,NA,NA,"ARP, CSNOX, CSNOXOS, CSSO2G1, RGGI"
NY,Indeck-Yerkes Energy Center,50451,1,NA,2017,1317,1270.5,51714,NA,0.151,0.001,29853.725,0.0592,37.78,0.1611,502372.35,Pipeline Natural Gas,Diesel Oil,Combined cycle,NA,Steam Injection,NA,NA,"ARP, CSNOX, CSOSG2, CSSO2G1, RGGI"
NY,Indeck-Yerkes Energy Center,50451,1,NA,2018,1629,1584,64098,NA,0.186,0.001,36794.5,0.0593,45.47,0.1553,619079.475,Pipeline Natural Gas,Diesel Oil,Combined cycle,NA,Steam Injection,NA,NA,"ARP, CSNOX, CSOSG2, CSSO2G1, RGGI"
NY,Indeck-Yerkes Energy Center,50451,1,NA,2019,724,698.25,26932.5,NA,0.078,0.001,15498.025,0.0592,20.161,0.1733,260800.5,Pipeline Natural Gas,Diesel Oil,Combined cycle,NA,Steam Injection,NA,NA,"ARP, CSNOX, CSOSG2, CSSO2G1, RGGI"
NY,Indeck-Yerkes Energy Center,50451,1,NA,2020,631,605.25,23550.5,NA,0.068,0.001,13520.075,0.0593,16.765,0.1605,227488.85,Pipeline Natural Gas,Diesel Oil,Combined cycle,NA,Steam Injection,NA,NA,"ARP, CSNOX, CSOSG2, CSSO2G1, RGGI"
NY,Indeck-Yerkes Energy Center,50451,1,NA,2021,612,584.5,23744.75,NA,0.068,0.001,13483.55,0.0593,16.959,0.1652,226822.775,Pipeline Natural Gas,Diesel Oil,Combined cycle,NA,Steam Injection,NA,NA,"ARP, CSNOX, CSOSG3, CSSO2G1, RGGI"
NY,Indeck-Yerkes Energy Center,50451,1,NA,2022,377,365,15396,NA,0.045,0.001,8890.2,0.0594,11.242,0.1621,149376.025,Pipeline Natural Gas,Diesel Oil,Combined cycle,NA,Steam Injection,NA,NA,"ARP, CSNOX, CSOSG3, CSSO2G1, RGGI"
NY,Indeck-Yerkes Energy Center,50451,1,NA,2023,807,786,32674.75,NA,0.1,9e-4,18630.55,0.0593,22.634,0.1486,313455.5,Pipeline Natural Gas,Diesel Oil,Combined cycle,NA,Steam Injection,NA,NA,"ARP, CSNOX, CSOSG3, CSSO2G1, RGGI"
NY,Indeck-Yerkes Energy Center,50451,1,NA,2024,564,547,22362,NA,0.067,7e-4,13083.45,0.0593,16.32,0.1546,220097.075,Pipeline Natural Gas,Diesel Oil,Combined cycle,NA,Steam Injection,NA,NA,"ARP, CSNOX, CSOSG2E, CSSO2G1, RGGI"
NY,Indeck-Corinth Energy Center,50458,1,NA,1999,4497,4464.75,441211.5,NA,NA,NA,NA,NA,76.432,0.0347,4629440,Pipeline Natural Gas,Diesel Oil,Combined cycle,NA,Dry Low NOx Burners|Water Injection|Selective Catalytic Reduction,NA,NA,OTC
NY,Indeck-Corinth Energy Center,50458,1,NA,2000,7356,7337,752995.25,NA,NA,NA,NA,NA,112.487,0.0298,7728869.1,Pipeline Natural Gas,Diesel Oil,Combined cycle,NA,Dry Low NOx Burners|Water Injection|Selective Catalytic Reduction,NA,NA,OTC
NY,Indeck-Corinth Energy Center,50458,1,NA,2001,6814,6801.75,698780.49,NA,NA,NA,NA,NA,72.645,0.0205,7233954.603,Pipeline Natural Gas,Diesel Oil,Combined cycle,NA,Dry Low NOx Burners|Water Injection|Selective Catalytic Reduction,NA,NA,OTC
NY,Indeck-Corinth Energy Center,50458,1,NA,2002,8238,8221.05,756354.23,NA,2.675,0.001,511504.879,0.0591,91.815,0.0218,8600409.584,Pipeline Natural Gas,Diesel Oil,Combined cycle,NA,Dry Low NOx Burners|Water Injection|Selective Catalytic Reduction,NA,NA,"ARP, OTC"
NY,Indeck-Corinth Energy Center,50458,1,NA,2003,7616,7606,676738.25,NA,5.575,0.0019,477109.15,0.06,101.655,0.0263,7912432.225,Pipeline Natural Gas,Diesel Oil,Combined cycle,NA,Dry Low NOx Burners|Water Injection|Selective Catalytic Reduction,NA,NA,"ARP, NBP"
NY,Indeck-Corinth Energy Center,50458,1,NA,2004,7820,7808,851334,NA,4.015,0.0014,485709.025,0.0593,104.863,0.0263,8131626.1,Pipeline Natural Gas,Diesel Oil,Combined cycle,NA,Dry Low NOx Burners|Water Injection|Selective Catalytic Reduction,NA,NA,"ARP, NBP"
NY,Indeck-Corinth Energy Center,50458,1,NA,2005,7365,7347,856526,NA,2.347,0.001,452058.45,0.0591,93.266,0.025,7604273.15,Pipeline Natural Gas,Diesel Oil,Combined cycle,NA,Dry Low NOx Burners|Water Injection|Selective Catalytic Reduction,NA,NA,"ARP, NBP"
NY,Indeck-Corinth Energy Center,50458,1,NA,2006,3866,3860.25,499952.75,NA,1.258,0.001,238326.375,0.0591,50.851,0.0261,4008237.075,Pipeline Natural Gas,Diesel Oil,Combined cycle,NA,Dry Low NOx Burners|Water Injection|Selective Catalytic Reduction,NA,NA,"ARP, NBP"
NY,Indeck-Corinth Energy Center,50458,1,NA,2007,4039,4026.5,525232.25,NA,1.286,0.001,248973.4,0.059,52.758,0.026,4188342.15,Pipeline Natural Gas,Diesel Oil,Combined cycle,NA,Dry Low NOx Burners|Water Injection|Selective Catalytic Reduction,NA,NA,"ARP, NBP"
NY,Indeck-Corinth Energy Center,50458,1,NA,2008,6000,5983.25,782069.5,NA,1.878,0.001,370710.15,0.059,68.374,0.0226,6237432.5,Pipeline Natural Gas,Diesel Oil,Combined cycle,NA,Dry Low NOx Burners|Water Injection|Selective Catalytic Reduction,NA,NA,"ARP, CAIRNOX, CAIROS, NBP"
NY,Indeck-Corinth Energy Center,50458,1,NA,2009,3462,3443.25,446389,NA,1.023,0.001,212395.1,0.059,47.136,0.0275,3573900.2,Pipeline Natural Gas,Diesel Oil,Combined cycle,NA,Dry Low NOx Burners|Water Injection|Selective Catalytic Reduction,NA,NA,"ARP, CAIRNOX, CAIROS, CAIRSO2, RGGI"
NY,Indeck-Corinth Energy Center,50458,1,NA,2010,4759,4738.25,608610.5,NA,1.405,0.001,292301.725,0.059,64.727,0.0277,4918496.225,Pipeline Natural Gas,Diesel Oil,Combined cycle,NA,Dry Low NOx Burners|Water Injection|Selective Catalytic Reduction,NA,NA,"ARP, CAIRNOX, CAIROS, CAIRSO2, RGGI"
NY,Indeck-Corinth Energy Center,50458,1,NA,2011,6950,6938.5,905841.25,NA,2.138,0.001,432211.25,0.059,95.852,0.0269,7272665.375,Pipeline Natural Gas,Diesel Oil,Combined cycle,NA,Dry Low NOx Burners|Water Injection|Selective Catalytic Reduction,NA,NA,"ARP, CAIRNOX, CAIROS, CAIRSO2, RGGI"
NY,Indeck-Corinth Energy Center,50458,1,NA,2012,5104,5098.25,662862.75,NA,1.6,0.001,316819.075,0.059,71.4,0.0273,5331098.575,Pipeline Natural Gas,Diesel Oil,Combined cycle,NA,Dry Low NOx Burners|Water Injection|Selective Catalytic Reduction,NA,NA,"ARP, CAIRNOX, CAIROS, CAIRSO2, RGGI"
NY,Indeck-Corinth Energy Center,50458,1,NA,2013,7008,6990.25,914515.5,NA,2.177,0.001,431260.925,0.059,93.642,0.0265,7256770.85,Pipeline Natural Gas,Diesel Oil,Combined cycle,NA,Dry Low NOx Burners|Water Injection|Selective Catalytic Reduction,NA,NA,"ARP, CAIRNOX, CAIROS, CAIRSO2, RGGI"
NY,Indeck-Corinth Energy Center,50458,1,NA,2014,6825,6795.5,887566.25,NA,2.061,0.001,421705.25,0.0591,93.898,0.0274,7094105.975,Pipeline Natural Gas,Diesel Oil,Combined cycle,NA,Dry Low NOx Burners|Water Injection|Selective Catalytic Reduction,NA,NA,"ARP, CAIRNOX, CAIROS, CAIRSO2, RGGI"
NY,Indeck-Corinth Energy Center,50458,1,NA,2015,6242,6100.25,774558,NA,1.981,0.001,377679.375,0.0595,86.598,0.032,6307630.425,Pipeline Natural Gas,Diesel Oil,Combined cycle,NA,Dry Low NOx Burners|Water Injection|Selective Catalytic Reduction,NA,NA,"ARP, CSNOX, CSNOXOS, CSSO2G1, RGGI"
NY,Indeck-Corinth Energy Center,50458,1,NA,2016,5530,5417.25,692750.25,NA,1.621,0.001,332731.15,0.0592,75.808,0.0288,5577832.475,Pipeline Natural Gas,Diesel Oil,Combined cycle,NA,Dry Low NOx Burners|Water Injection|Selective Catalytic Reduction,NA,NA,"ARP, CSNOX, CSNOXOS, CSSO2G1, RGGI"
NY,Indeck-Corinth Energy Center,50458,1,NA,2017,5326,5255,684681.25,NA,1.644,0.001,326133.85,0.0591,70.977,0.0272,5479222.525,Pipeline Natural Gas,Diesel Oil,Combined cycle,NA,Dry Low NOx Burners|Water Injection|Selective Catalytic Reduction,NA,NA,"ARP, CSNOX, CSOSG2, CSSO2G1, RGGI"
NY,Indeck-Corinth Energy Center,50458,1,NA,2018,5556,5462.25,703146,NA,1.692,0.001,338487.9,0.0594,74.531,0.0276,5661022.95,Pipeline Natural Gas,Diesel Oil,Combined cycle,NA,Dry Low NOx Burners|Water Injection|Selective Catalytic Reduction,NA,NA,"ARP, CSNOX, CSOSG2, CSSO2G1, RGGI"
NY,Indeck-Corinth Energy Center,50458,1,NA,2019,4562,4519.25,583751.25,NA,1.424,0.001,284004.225,0.0594,61.893,0.0271,4748012.825,Pipeline Natural Gas,Diesel Oil,Combined cycle,NA,Dry Low NOx Burners|Water Injection|Selective Catalytic Reduction,NA,NA,"ARP, CSNOX, CSOSG2, CSSO2G1, RGGI"
NY,Indeck-Corinth Energy Center,50458,1,NA,2020,3077,3041.5,391157.25,NA,0.942,0.001,186815.925,0.059,42.213,0.0279,3143564.2,Pipeline Natural Gas,Diesel Oil,Combined cycle,NA,Dry Low NOx Burners|Water Injection|Selective Catalytic Reduction,NA,NA,"ARP, CSNOX, CSOSG2, CSSO2G1, RGGI"
NY,Indeck-Corinth Energy Center,50458,1,NA,2021,4571,4459,564082.75,NA,1.36,0.001,269456.275,0.059,62.178,0.0294,4534123.65,Pipeline Natural Gas,Diesel Oil,Combined cycle,NA,Dry Low NOx Burners|Water Injection|Selective Catalytic Reduction,NA,NA,"ARP, CSNOX, CSOSG3, CSSO2G1, RGGI"
NY,Indeck-Corinth Energy Center,50458,1,NA,2022,4945,4900.25,621749.5,NA,1.489,0.001,295010.125,0.059,65.673,0.0274,4964125.55,Pipeline Natural Gas,Diesel Oil,Combined cycle,NA,Dry Low NOx Burners|Water Injection|Selective Catalytic Reduction,NA,NA,"ARP, CSNOX, CSOSG3, CSSO2G1, RGGI"
NY,Indeck-Corinth Energy Center,50458,1,NA,2023,4219,4152,523187.5,NA,1.261,0.001,249743.65,0.059,50.076,0.0257,4202433.45,Pipeline Natural Gas,Diesel Oil,Combined cycle,NA,Dry Low NOx Burners|Water Injection|Selective Catalytic Reduction,NA,NA,"ARP, CSNOX, CSOSG3, CSSO2G1, RGGI"
NY,Indeck-Corinth Energy Center,50458,1,NA,2024,3470,3417.75,419985.25,NA,1.022,0.001,205889.025,0.059,45.258,0.0282,3464523.85,Pipeline Natural Gas,Diesel Oil,Combined cycle,NA,Dry Low NOx Burners|Water Injection|Selective Catalytic Reduction,NA,NA,"ARP, CSNOX, CSOSG2E, CSSO2G1, RGGI"
NY,Ilion Energy Center,50459,1,NA,1999,1944,1854.75,71822.25,NA,NA,NA,NA,NA,32.002,0.0932,779439.225,Pipeline Natural Gas,Diesel Oil,Combined cycle,NA,Steam Injection,NA,NA,OTC
NY,Ilion Energy Center,50459,1,NA,2000,1388,1353.5,50543.75,NA,NA,NA,NA,NA,21.584,0.0895,549878.275,Pipeline Natural Gas,Diesel Oil,Combined cycle,NA,Steam Injection,NA,NA,OTC
NY,Ilion Energy Center,50459,1,NA,2001,1992,1934.37,70260.65,NA,NA,NA,NA,NA,29.319,0.081,787023.473,Pipeline Natural Gas,Diesel Oil,Combined cycle,NA,Steam Injection,NA,NA,OTC
NY,Ilion Energy Center,50459,1,NA,2002,2207,2133.51,73874.5,NA,0.264,0.001,49945.798,0.0593,33.266,0.0854,839783.307,Pipeline Natural Gas,Diesel Oil,Combined cycle,NA,Steam Injection,NA,NA,"ARP, OTC"
NY,Ilion Energy Center,50459,1,NA,2003,295,281.75,10127.25,NA,0.067,0.0015,6966.75,0.0603,4.888,0.0912,114639.825,Pipeline Natural Gas,Diesel Oil,Combined cycle,NA,Steam Injection,NA,NA,"ARP, NBP"
NY,Ilion Energy Center,50459,1,NA,2004,78,72.5,2860.75,NA,0.12,0.0076,2107.55,0.0668,1.772,0.1234,31343.2,Pipeline Natural Gas,Diesel Oil,Combined cycle,NA,Steam Injection,NA,NA,"ARP, NBP"
NY,Ilion Energy Center,50459,1,NA,2005,804,746.75,35792.75,NA,0.088,0.001,17388.15,0.0592,12.877,0.0952,292592.125,Pipeline Natural Gas,Diesel Oil,Combined cycle,NA,Steam Injection,NA,NA,"ARP, NBP"
NY,Ilion Energy Center,50459,1,NA,2006,0,0,NA,NA,NA,NA,NA,NA,NA,NA,NA,Pipeline Natural Gas,Diesel Oil,Combined cycle,NA,Steam Injection,NA,NA,"ARP, NBP"
NY,Covanta Niagara,50472,BLR05,NA,2015,2669,2637.75,NA,282596,NA,NA,NA,NA,48.58,0.25,388504.625,Pipeline Natural Gas,NA,Dry bottom wall-fired boiler,NA,NA,NA,NA,SIPNOX
NY,Covanta Niagara,50472,BLR05,NA,2016,2393,2361.5,NA,205371,NA,NA,NA,NA,119.273,0.9568,250427.175,Pipeline Natural Gas,NA,Dry bottom wall-fired boiler,NA,NA,NA,NA,SIPNOX
NY,Covanta Niagara,50472,BLR05,NA,2017,2566,2521.75,NA,197600,NA,NA,NA,NA,60.495,0.5052,246731.025,Pipeline Natural Gas,NA,Dry bottom wall-fired boiler,NA,NA,NA,NA,SIPNOX
NY,Covanta Niagara,50472,BLR05,NA,2018,2243,2223.25,NA,187985.75,NA,NA,NA,NA,4.029,0.0262,308920.225,Pipeline Natural Gas,NA,Dry bottom wall-fired boiler,NA,NA,NA,NA,SIPNOX
NY,Covanta Niagara,50472,BLR05,NA,2019,2160,2127.5,NA,129773.25,NA,NA,NA,NA,4.119,0.0327,261535,Pipeline Natural Gas,NA,Dry bottom wall-fired boiler,NA,NA,NA,NA,SIPNOX
NY,Covanta Niagara,50472,BLR05,NA,2020,2309,2269.5,NA,175181.5,NA,NA,NA,NA,3.457,0.0236,295652.075,Pipeline Natural Gas,NA,Dry bottom wall-fired boiler,NA,NA,NA,NA,SIPNOX
NY,Covanta Niagara,50472,BLR05,NA,2021,1949,1914.75,NA,127732.75,NA,NA,NA,NA,5.904,0.0719,180513.15,Pipeline Natural Gas,NA,Dry bottom wall-fired boiler,NA,NA,NA,NA,SIPNOX
NY,Covanta Niagara,50472,BLR05,NA,2022,211,204,NA,14595,NA,NA,NA,NA,0.513,0.0488,19439.3,Pipeline Natural Gas,NA,Dry bottom wall-fired boiler,NA,NA,NA,NA,SIPNOX
NY,Covanta Niagara,50472,BLR05,NA,2023,190,185.25,NA,17402.25,NA,NA,NA,NA,0.221,0.0203,22475.65,Pipeline Natural Gas,NA,Dry bottom wall-fired boiler,NA,NA,NA,NA,SIPNOX
NY,Covanta Niagara,50472,BLR05,NA,2024,585,575.5,NA,42790.25,NA,NA,NA,NA,0.667,0.0241,56842,Pipeline Natural Gas,NA,Dry bottom wall-fired boiler,NA,NA,NA,NA,SIPNOX
NY,Covanta Niagara,50472,R1B01,NA,1999,NA,NA,NA,NA,NA,NA,NA,NA,NA,NA,NA,Natural Gas,NA,Dry bottom wall-fired boiler,NA,Selective Non-catalytic Reduction,NA,NA,OTC
NY,Covanta Niagara,50472,R1B01,NA,2000,71,71,NA,NA,NA,NA,NA,NA,3.124,NA,NA,Natural Gas,NA,Dry bottom wall-fired boiler,NA,Selective Non-catalytic Reduction,NA,NA,OTC
NY,Covanta Niagara,50472,R1B01,NA,2001,68,65.05,NA,NA,NA,NA,NA,NA,2.862,NA,NA,Natural Gas,NA,Dry bottom wall-fired boiler,NA,Selective Non-catalytic Reduction,NA,NA,OTC
NY,Covanta Niagara,50472,R1B01,NA,2002,35,35,NA,NA,NA,NA,NA,NA,1.54,NA,NA,Natural Gas,NA,Dry bottom wall-fired boiler,NA,Selective Non-catalytic Reduction,NA,NA,OTC
NY,Covanta Niagara,50472,R1B01,NA,2003,36,36,NA,NA,NA,NA,NA,NA,0.832,0.105,15840,Natural Gas,NA,Dry bottom wall-fired boiler,NA,Selective Non-catalytic Reduction,NA,NA,NBP
NY,Covanta Niagara,50472,R1B01,NA,2004,4,4,NA,NA,NA,NA,NA,NA,0.092,0.105,1760,Natural Gas,NA,Dry bottom wall-fired boiler,NA,Selective Non-catalytic Reduction,NA,NA,NBP
NY,Covanta Niagara,50472,R1B01,NA,2005,23,23,NA,NA,NA,NA,NA,NA,0.531,0.105,10120,Natural Gas,NA,Dry bottom wall-fired boiler,NA,Selective Non-catalytic Reduction,NA,NA,NBP
NY,Covanta Niagara,50472,R1B01,NA,2006,0,0,NA,NA,NA,NA,NA,NA,NA,NA,NA,Natural Gas,NA,Dry bottom wall-fired boiler,NA,Selective Non-catalytic Reduction,NA,NA,NBP
NY,Covanta Niagara,50472,R1B01,NA,2007,9,9,NA,NA,NA,NA,NA,NA,0.208,0.105,3960,Natural Gas,NA,Dry bottom wall-fired boiler,NA,Selective Non-catalytic Reduction,NA,NA,NBP
NY,Covanta Niagara,50472,R1B01,NA,2008,72,72,NA,NA,NA,NA,NA,NA,1.663,0.105,31680,Natural Gas,NA,Dry bottom wall-fired boiler,NA,Selective Non-catalytic Reduction,NA,NA,"CAIROS, NBP"
NY,Covanta Niagara,50472,R1B01,NA,2009,0,0,NA,NA,NA,NA,NA,NA,NA,NA,NA,Natural Gas,NA,Dry bottom wall-fired boiler,NA,Selective Non-catalytic Reduction,NA,NA,"CAIROS, RGGI"
NY,Covanta Niagara,50472,R1B01,NA,2010,97,97,NA,NA,NA,NA,2522,0.059,32.01,1.5,42680,Natural Gas,NA,Dry bottom wall-fired boiler,NA,Selective Non-catalytic Reduction,NA,NA,"CAIROS, RGGI"
NY,Covanta Niagara,50472,R1B01,NA,2011,0,0,NA,NA,NA,NA,NA,NA,NA,NA,NA,Natural Gas,NA,Dry bottom wall-fired boiler,NA,Selective Non-catalytic Reduction,NA,NA,"CAIROS, RGGI"
NY,Covanta Niagara,50472,R1B01,NA,2012,491,491,NA,NA,NA,NA,12766,0.059,17.283,0.16,216040,Natural Gas,NA,Dry bottom wall-fired boiler,NA,Selective Non-catalytic Reduction,NA,NA,"CAIROS, RGGI"
NY,Covanta Niagara,50472,R1B01,NA,2013,2114,2114,NA,NA,NA,NA,54964,0.059,82.614,0.1776,930160,Natural Gas,NA,Dry bottom wall-fired boiler,NA,Selective Non-catalytic Reduction,NA,NA,"CAIROS, RGGI"
NY,Covanta Niagara,50472,R1B01,NA,2014,5780,5780,NA,NA,NA,NA,150280,0.059,228.888,0.18,2543200,Natural Gas,NA,Dry bottom wall-fired boiler,NA,Selective Non-catalytic Reduction,NA,NA,"CAIROS, RGGI"
NY,Covanta Niagara,50472,R1B01,NA,2015,1967,1967,NA,NA,NA,NA,32772.4,0.059,49.937,0.18,554841.5,Natural Gas,NA,Dry bottom wall-fired boiler,NA,Selective Non-catalytic Reduction,NA,NA,"RGGI, SIPNOX"
NY,Covanta Niagara,50472,R1B01,NA,2016,2678,2648.25,NA,259116.25,NA,NA,25824.175,0.0594,21.973,0.1013,434481.275,Natural Gas,NA,Dry bottom wall-fired boiler,NA,Selective Non-catalytic Reduction,NA,NA,"RGGI, SIPNOX"
NY,Covanta Niagara,50472,R1B01,NA,2017,1864,1828.75,NA,200295.75,NA,NA,18623.2,0.0594,12.74,0.0859,313330.45,Natural Gas,NA,Dry bottom wall-fired boiler,NA,Selective Non-catalytic Reduction,NA,NA,"RGGI, SIPNOX"
NY,Covanta Niagara,50472,R1B01,NA,2018,3907,3877.75,NA,455417.75,NA,NA,39361.225,0.0594,17.694,0.053900000000000003,662349.75,Natural Gas,NA,Dry bottom wall-fired boiler,NA,Selective Non-catalytic Reduction,NA,NA,"RGGI, SIPNOX"
NY,Covanta Niagara,50472,R1B01,NA,2019,2248,2224,NA,247560.5,NA,NA,21669.9,0.0594,8.823,0.0496,364659.175,Natural Gas,NA,Dry bottom wall-fired boiler,NA,Selective Non-catalytic Reduction,NA,NA,"RGGI, SIPNOX"
NY,Covanta Niagara,50472,R1B01,NA,2020,3040,3012.25,NA,322616.25,NA,NA,27032.6,0.0594,9.357,0.0385,454926.825,Natural Gas,NA,Dry bottom wall-fired boiler,NA,Selective Non-catalytic Reduction,NA,NA,"RGGI, SIPNOX"
NY,Covanta Niagara,50472,R1B01,NA,2021,1528,1505,NA,193269.25,NA,NA,16969.425,0.0594,5.689,0.0378,285521.425,Natural Gas,NA,Dry bottom wall-fired boiler,NA,Selective Non-catalytic Reduction,NA,NA,"RGGI, SIPNOX"
NY,Covanta Niagara,50472,R1B01,NA,2022,1320,1306,NA,191789.5,NA,NA,12648.3,0.0594,4.078,0.0372,212836.225,Natural Gas,NA,Dry bottom wall-fired boiler,NA,Selective Non-catalytic Reduction,NA,NA,"RGGI, SIPNOX"
NY,Covanta Niagara,50472,R1B01,NA,2023,1120,1104,NA,130621.75,NA,NA,12157.2,0.0594,4.55,0.0427,204573.725,Natural Gas,NA,Dry bottom wall-fired boiler,NA,Selective Non-catalytic Reduction,NA,NA,"RGGI, SIPNOX"
NY,Covanta Niagara,50472,R1B01,NA,2024,860,846.25,NA,96138.25,NA,NA,9065.425,0.0594,2.283,0.0282,152552.875,Natural Gas,NA,Dry bottom wall-fired boiler,NA,Selective Non-catalytic Reduction,NA,NA,"RGGI, SIPNOX"
NY,Covanta Niagara,50472,R1B02,NA,2015,736,736,NA,NA,NA,NA,18573.5,0.059,31.754,0.202,314329,Pipeline Natural Gas,NA,Dry bottom wall-fired boiler,NA,Selective Non-catalytic Reduction,NA,NA,"RGGI, SIPNOX"
NY,Covanta Niagara,50472,R1B02,NA,2016,41,41,NA,NA,NA,NA,318.4,0.06,0.545,0.202,5395.9,Pipeline Natural Gas,NA,Dry bottom wall-fired boiler,NA,Selective Non-catalytic Reduction,NA,NA,"RGGI, SIPNOX"
NY,Covanta Niagara,50472,R1B02,NA,2017,0,0,NA,NA,NA,NA,NA,NA,NA,NA,NA,Pipeline Natural Gas,NA,Dry bottom wall-fired boiler,NA,Selective Non-catalytic Reduction,NA,NA,"RGGI, SIPNOX"
NY,Covanta Niagara,50472,R1B02,NA,2018,0,0,NA,NA,NA,NA,NA,NA,NA,NA,NA,Pipeline Natural Gas,NA,Dry bottom wall-fired boiler,NA,Selective Non-catalytic Reduction,NA,NA,"RGGI, SIPNOX"
NY,Covanta Niagara,50472,R1B02,NA,2019,0,0,NA,NA,NA,NA,NA,NA,NA,NA,NA,Pipeline Natural Gas,NA,Dry bottom wall-fired boiler,NA,Selective Non-catalytic Reduction,NA,NA,"RGGI, SIPNOX"
NY,Covanta Niagara,50472,R1B02,NA,2020,0,0,NA,NA,NA,NA,NA,NA,NA,NA,NA,Pipeline Natural Gas,NA,Dry bottom wall-fired boiler,NA,Selective Non-catalytic Reduction,NA,NA,"RGGI, SIPNOX"
NY,Covanta Niagara,50472,R1B02,NA,2021,0,0,NA,NA,NA,NA,NA,NA,NA,NA,NA,Pipeline Natural Gas,NA,Dry bottom wall-fired boiler,NA,Selective Non-catalytic Reduction,NA,NA,"RGGI, SIPNOX"
NY,Covanta Niagara,50472,R1B02,NA,2022,0,0,NA,NA,NA,NA,NA,NA,NA,NA,NA,Pipeline Natural Gas,NA,Dry bottom wall-fired boiler,NA,Selective Non-catalytic Reduction,NA,NA,"RGGI, SIPNOX"
NY,Covanta Niagara,50472,R1B02,NA,2023,0,0,NA,NA,NA,NA,NA,NA,NA,NA,NA,Pipeline Natural Gas,NA,Dry bottom wall-fired boiler,NA,Selective Non-catalytic Reduction,NA,NA,"RGGI, SIPNOX"
NY,Covanta Niagara,50472,R1B02,NA,2024,0,0,NA,NA,NA,NA,NA,NA,NA,NA,NA,Pipeline Natural Gas,NA,Dry bottom wall-fired boiler,NA,Selective Non-catalytic Reduction,NA,NA,"RGGI, SIPNOX"
NY,Syracuse Energy Corporation,50651,BLR1,CS0001,1999,4392,4389.25,NA,1060016,NA,NA,NA,NA,227.22,0.4191,1078563.9,Coal,NA,Dry bottom wall-fired boiler,NA,Low NOx Burner Technology w/ Overfire Air,Baghouse,NA,OTC
NY,Syracuse Energy Corporation,50651,BLR1,CS0001,2000,7742,7732,NA,1755691.5,NA,NA,NA,NA,365.534,0.4047,1786569.704,Coal,NA,Dry bottom wall-fired boiler,NA,Low NOx Burner Technology w/ Overfire Air,Baghouse,NA,OTC
NY,Syracuse Energy Corporation,50651,BLR1,CS0001,2001,6533,6513.5,NA,1228661.25,NA,NA,NA,NA,229.038,0.4207,1077287.094,Coal,NA,Dry bottom wall-fired boiler,NA,Low NOx Burner Technology w/ Overfire Air,Baghouse,NA,OTC
NY,Syracuse Energy Corporation,50651,BLR1,CS0001,2002,6583,6558.01,NA,1047339.32,NA,NA,NA,NA,263.791,0.3779,1405347.131,Coal,NA,Dry bottom wall-fired boiler,NA,Low NOx Burner Technology w/ Overfire Air,Baghouse,NA,OTC
NY,Syracuse Energy Corporation,50651,BLR1,CS0001,2003,8044,8023.99,NA,1331698.49,NA,NA,NA,NA,337.257,0.344,1951336.457,Coal,NA,Dry bottom wall-fired boiler,NA,Low NOx Burner Technology w/ Overfire Air,Baghouse,NA,NBP
NY,Syracuse Energy Corporation,50651,BLR1,CS0001,2004,7927,7897.93,NA,1070782.59,NA,NA,NA,NA,270.666,0.3315,1597075.809,Coal,NA,Dry bottom wall-fired boiler,NA,Low NOx Burner Technology w/ Overfire Air,Baghouse,NA,NBP
NY,Syracuse Energy Corporation,50651,BLR1,CS0001,2005,3909,3891.59,NA,457217.81,NA,NA,NA,NA,106.602,0.3244,654837.207,Coal,NA,Dry bottom wall-fired boiler,NA,Low NOx Burner Technology w/ Overfire Air,Baghouse,NA,NBP
NY,Syracuse Energy Corporation,50651,BLR1,CS0001,2006,5957,5944.43,NA,753956.34,NA,NA,NA,NA,178.079,0.3128,1150065.835,Coal,NA,Dry bottom wall-fired boiler,NA,Low NOx Burner Technology w/ Overfire Air,Baghouse,NA,NBP
NY,Syracuse Energy Corporation,50651,BLR1,CS0001,2007,8029,8014.76,NA,998926.7,NA,NA,NA,NA,257.601,0.3458,1491134.61,Coal,NA,Dry bottom wall-fired boiler,NA,Low NOx Burner Technology w/ Overfire Air,Baghouse,NA,NBP
NY,Syracuse Energy Corporation,50651,BLR1,CS0001,2008,7930,7916.64,NA,979380.31,NA,NA,NA,NA,253.538,0.3609,1397010.359,Coal,NA,Dry bottom wall-fired boiler,NA,Low NOx Burner Technology w/ Overfire Air,Baghouse,NA,"CAIRNOX, CAIROS, NBP"
NY,Syracuse Energy Corporation,50651,BLR1,CS0001,2009,7353,7341.17,NA,622414.94,512.62,1.0799,96672.09,0.1029,169.018,0.3592,942243.917,Coal,NA,Dry bottom wall-fired boiler,NA,Low NOx Burner Technology w/ Overfire Air,Baghouse,NA,"CAIRNOX, CAIROS, CAIRSO2, RGGI"
NY,Syracuse Energy Corporation,50651,BLR1,CS0001,2010,5853,5838.75,NA,444131.17,319.114,0.9848,66527.255,0.103,114.288,0.3534,648420.798,Coal,NA,Dry bottom wall-fired boiler,NA,Low NOx Burner Technology w/ Overfire Air,Baghouse,NA,"CAIRNOX, CAIROS, CAIRSO2, RGGI"
NY,Syracuse Energy Corporation,50651,BLR1,CS0001,2011,6973,6962.94,NA,552542.52,391.452,0.9862,81450.199,0.1029,132.112,0.3316,793868.127,Coal,NA,Dry bottom wall-fired boiler,NA,Low NOx Burner Technology w/ Overfire Air,Baghouse,NA,"CAIRNOX, CAIROS, CAIRSO2, RGGI"
NY,Syracuse Energy Corporation,50651,BLR1,CS0001,2012,6984,6973.89,NA,512393.59,375.815,0.99,77915.723,0.1029,119.88,0.3151,759414.1,Coal,NA,Dry bottom wall-fired boiler,NA,Low NOx Burner Technology w/ Overfire Air,Baghouse,NA,"CAIRNOX, CAIROS, CAIRSO2, RGGI"
NY,Syracuse Energy Corporation,50651,BLR1,CS0001,2013,5622,5616.87,NA,451342.44,328.791,0.9895,68187.257,0.1029,97.789,0.2914,664598.24,Coal,NA,Dry bottom wall-fired boiler,NA,Low NOx Burner Technology w/ Overfire Air,Baghouse,NA,"CAIRNOX, CAIROS, CAIRSO2, RGGI"
NY,Syracuse Energy Corporation,50651,BLR2,CS0001,1999,4382,4372.5,NA,972558.5,NA,NA,NA,NA,208.782,0.4199,991620.063,Coal,NA,Dry bottom wall-fired boiler,NA,Low NOx Burner Technology w/ Overfire Air,Baghouse,NA,OTC
NY,Syracuse Energy Corporation,50651,BLR2,CS0001,2000,7714,7704.25,NA,1594417.5,NA,NA,NA,NA,329.567,0.4062,1608437.735,Coal,NA,Dry bottom wall-fired boiler,NA,Low NOx Burner Technology w/ Overfire Air,Baghouse,NA,OTC
NY,Syracuse Energy Corporation,50651,BLR2,CS0001,2001,6473,6449.25,NA,1204686,NA,NA,NA,NA,229.729,0.4241,1077878.079,Coal,NA,Dry bottom wall-fired boiler,NA,Low NOx Burner Technology w/ Overfire Air,Baghouse,NA,OTC
NY,Syracuse Energy Corporation,50651,BLR2,CS0001,2002,6977,6961.5,NA,1024192.52,NA,NA,NA,NA,252.212,0.3852,1319037.249,Coal,NA,Dry bottom wall-fired boiler,NA,Low NOx Burner Technology w/ Overfire Air,Baghouse,NA,OTC
NY,Syracuse Energy Corporation,50651,BLR2,CS0001,2003,8140,8108.38,NA,1225057.99,NA,NA,NA,NA,309.85,0.3423,1799439.486,Coal,NA,Dry bottom wall-fired boiler,NA,Low NOx Burner Technology w/ Overfire Air,Baghouse,NA,NBP
NY,Syracuse Energy Corporation,50651,BLR2,CS0001,2004,6820,6803.6,NA,970373.27,NA,NA,NA,NA,247.139,0.3434,1426841.154,Coal,NA,Dry bottom wall-fired boiler,NA,Low NOx Burner Technology w/ Overfire Air,Baghouse,NA,NBP
NY,Syracuse Energy Corporation,50651,BLR2,CS0001,2005,3581,3571.43,NA,442372.81,NA,NA,NA,NA,102.325,0.3164,641584.568,Coal,NA,Dry bottom wall-fired boiler,NA,Low NOx Burner Technology w/ Overfire Air,Baghouse,NA,NBP
NY,Syracuse Energy Corporation,50651,BLR2,CS0001,2006,5284,5268.13,NA,657170.69,NA,NA,NA,NA,161.339,0.3204,1005936.796,Coal,NA,Dry bottom wall-fired boiler,NA,Low NOx Burner Technology w/ Overfire Air,Baghouse,NA,NBP
NY,Syracuse Energy Corporation,50651,BLR2,CS0001,2007,7812,7803.21,NA,1011622.09,NA,NA,NA,NA,257.363,0.3436,1498456.627,Coal,NA,Dry bottom wall-fired boiler,NA,Low NOx Burner Technology w/ Overfire Air,Baghouse,NA,NBP
NY,Syracuse Energy Corporation,50651,BLR2,CS0001,2008,7751,7743.86,NA,1013175.89,NA,NA,NA,NA,262.586,0.3621,1440827.007,Coal,NA,Dry bottom wall-fired boiler,NA,Low NOx Burner Technology w/ Overfire Air,Baghouse,NA,"CAIRNOX, CAIROS, NBP"
NY,Syracuse Energy Corporation,50651,BLR2,CS0001,2009,8122,8109.27,NA,787169.35,637.663,1.0689,122069.55,0.1029,216.726,0.3604,1189775.103,Coal,NA,Dry bottom wall-fired boiler,NA,Low NOx Burner Technology w/ Overfire Air,Baghouse,NA,"CAIRNOX, CAIROS, CAIRSO2, RGGI"
NY,Syracuse Energy Corporation,50651,BLR2,CS0001,2010,7961,7949.89,NA,699518.78,502.208,0.9839,104773.51,0.1029,182.638,0.3562,1021187.001,Coal,NA,Dry bottom wall-fired boiler,NA,Low NOx Burner Technology w/ Overfire Air,Baghouse,NA,"CAIRNOX, CAIROS, CAIRSO2, RGGI"
NY,Syracuse Energy Corporation,50651,BLR2,CS0001,2011,7800,7786.9,NA,615812.88,433.134,0.9855,90159.849,0.1029,145.634,0.3287,878757.71,Coal,NA,Dry bottom wall-fired boiler,NA,Low NOx Burner Technology w/ Overfire Air,Baghouse,NA,"CAIRNOX, CAIROS, CAIRSO2, RGGI"
NY,Syracuse Energy Corporation,50651,BLR2,CS0001,2012,7785,7773.56,NA,590811.63,432.722,0.9903,89674.306,0.1029,139.794,0.321,874018.252,Coal,NA,Dry bottom wall-fired boiler,NA,Low NOx Burner Technology w/ Overfire Air,Baghouse,NA,"CAIRNOX, CAIROS, CAIRSO2, RGGI"
NY,Syracuse Energy Corporation,50651,BLR2,CS0001,2013,5639,5630.42,NA,444972.35,322.893,0.9883,67046.505,0.1029,95.452,0.29,653476.859,Coal,NA,Dry bottom wall-fired boiler,NA,Low NOx Burner Technology w/ Overfire Air,Baghouse,NA,"CAIRNOX, CAIROS, CAIRSO2, RGGI"
NY,Syracuse Energy Corporation,50651,BLR3,CS0001,1999,4385,4379.5,NA,1024559.75,NA,NA,NA,NA,220.398,0.4192,1050502.087,Coal,NA,Dry bottom wall-fired boiler,NA,Low NOx Burner Technology w/ Overfire Air,Baghouse,NA,OTC
NY,Syracuse Energy Corporation,50651,BLR3,CS0001,2000,7390,7370.75,NA,1489361,NA,NA,NA,NA,313.523,0.4062,1532501.126,Coal,NA,Dry bottom wall-fired boiler,NA,Low NOx Burner Technology w/ Overfire Air,Baghouse,NA,OTC
NY,Syracuse Energy Corporation,50651,BLR3,CS0001,2001,6720,6687.75,NA,1167600.5,NA,NA,NA,NA,215.037,0.4194,1013959.052,Coal,NA,Dry bottom wall-fired boiler,NA,Low NOx Burner Technology w/ Overfire Air,Baghouse,NA,OTC
NY,Syracuse Energy Corporation,50651,BLR3,CS0001,2002,7810,7790.23,NA,1187793.47,NA,NA,NA,NA,279.831,0.3837,1479298.532,Coal,NA,Dry bottom wall-fired boiler,NA,Low NOx Burner Technology w/ Overfire Air,Baghouse,NA,OTC
NY,Syracuse Energy Corporation,50651,BLR3,CS0001,2003,7718,7689.88,NA,1202729.05,NA,NA,NA,NA,305.154,0.3452,1767485.55,Coal,NA,Dry bottom wall-fired boiler,NA,Low NOx Burner Technology w/ Overfire Air,Baghouse,NA,NBP
NY,Syracuse Energy Corporation,50651,BLR3,CS0001,2004,5705,5692.81,NA,796529.61,NA,NA,NA,NA,205.404,0.3487,1168269.019,Coal,NA,Dry bottom wall-fired boiler,NA,Low NOx Burner Technology w/ Overfire Air,Baghouse,NA,NBP
NY,Syracuse Energy Corporation,50651,BLR3,CS0001,2005,7316,7301.68,NA,762579.27,NA,NA,NA,NA,183.689,0.3227,1135269.126,Coal,NA,Dry bottom wall-fired boiler,NA,Low NOx Burner Technology w/ Overfire Air,Baghouse,NA,NBP
NY,Syracuse Energy Corporation,50651,BLR3,CS0001,2006,6927,6909.43,NA,814112.75,NA,NA,NA,NA,204.533,0.323,1268329.22,Coal,NA,Dry bottom wall-fired boiler,NA,Low NOx Burner Technology w/ Overfire Air,Baghouse,NA,NBP
NY,Syracuse Energy Corporation,50651,BLR3,CS0001,2007,6990,6974.18,NA,880256.64,NA,NA,NA,NA,223.324,0.3451,1294608.921,Coal,NA,Dry bottom wall-fired boiler,NA,Low NOx Burner Technology w/ Overfire Air,Baghouse,NA,NBP
NY,Syracuse Energy Corporation,50651,BLR3,CS0001,2008,7681,7661.99,NA,907367.8,NA,NA,NA,NA,235.963,0.3629,1292735.74,Coal,NA,Dry bottom wall-fired boiler,NA,Low NOx Burner Technology w/ Overfire Air,Baghouse,NA,"CAIRNOX, CAIROS, NBP"
NY,Syracuse Energy Corporation,50651,BLR3,CS0001,2009,3418,3407.79,NA,321918.14,280.62,1.1686,48635.601,0.1029,84.039,0.3533,474039.188,Coal,NA,Dry bottom wall-fired boiler,NA,Low NOx Burner Technology w/ Overfire Air,Baghouse,NA,"CAIRNOX, CAIROS, CAIRSO2, RGGI"
NY,Syracuse Energy Corporation,50651,BLR3,CS0001,2010,8171,8164.57,NA,811313.76,584.658,0.9842,121904.287,0.1029,213.47,0.3581,1188151.82,Coal,NA,Dry bottom wall-fired boiler,NA,Low NOx Burner Technology w/ Overfire Air,Baghouse,NA,"CAIRNOX, CAIROS, CAIRSO2, RGGI"
NY,Syracuse Energy Corporation,50651,BLR3,CS0001,2011,7223,7209.11,NA,574668.67,403.739,0.9851,84090.705,0.1029,136.471,0.3301,819611.245,Coal,NA,Dry bottom wall-fired boiler,NA,Low NOx Burner Technology w/ Overfire Air,Baghouse,NA,"CAIRNOX, CAIROS, CAIRSO2, RGGI"
NY,Syracuse Energy Corporation,50651,BLR3,CS0001,2012,7336,7327.02,NA,649066.46,469.179,0.9897,97329.501,0.1029,160.096,0.333,948640.157,Coal,NA,Dry bottom wall-fired boiler,NA,Low NOx Burner Technology w/ Overfire Air,Baghouse,NA,"CAIRNOX, CAIROS, CAIRSO2, RGGI"
NY,Syracuse Energy Corporation,50651,BLR3,CS0001,2013,5899,5885.31,NA,475835.2,344.889,0.9888,71572.229,0.1029,101.94,0.2908,697591.37,Coal,NA,Dry bottom wall-fired boiler,NA,Low NOx Burner Technology w/ Overfire Air,Baghouse,NA,"CAIRNOX, CAIROS, CAIRSO2, RGGI"
NY,Syracuse Energy Corporation,50651,BLR4,CS0001,1999,4536,4529.25,NA,576136,NA,NA,NA,NA,132.744,0.4215,628587.608,Coal,NA,Dry bottom wall-fired boiler,NA,Low NOx Burner Technology w/ Overfire Air,Baghouse,NA,OTC
NY,Syracuse Energy Corporation,50651,BLR4,CS0001,2000,7011,6992.75,NA,828387.75,NA,NA,NA,NA,173.314,0.405,847208.256,Coal,NA,Dry bottom wall-fired boiler,NA,Low NOx Burner Technology w/ Overfire Air,Baghouse,NA,OTC
NY,Syracuse Energy Corporation,50651,BLR4,CS0001,2001,7504,7483.5,NA,905945.75,NA,NA,NA,NA,169.585,0.4213,801747.744,Coal,NA,Dry bottom wall-fired boiler,NA,Low NOx Burner Technology w/ Overfire Air,Baghouse,NA,OTC
NY,Syracuse Energy Corporation,50651,BLR4,CS0001,2002,8035,8005.5,NA,880775.24,NA,NA,NA,NA,200.383,0.3855,1052841.459,Coal,NA,Dry bottom wall-fired boiler,NA,Low NOx Burner Technology w/ Overfire Air,Baghouse,NA,OTC
NY,Syracuse Energy Corporation,50651,BLR4,CS0001,2003,7837,7798.79,NA,749709.38,NA,NA,NA,NA,189.977,0.343,1108985.48,Coal,NA,Dry bottom wall-fired boiler,NA,Low NOx Burner Technology w/ Overfire Air,Baghouse,NA,NBP
NY,Syracuse Energy Corporation,50651,BLR4,CS0001,2004,8147,8113.38,NA,811592.77,NA,NA,NA,NA,201.994,0.3304,1225212.043,Coal,NA,Dry bottom wall-fired boiler,NA,Low NOx Burner Technology w/ Overfire Air,Baghouse,NA,NBP
NY,Syracuse Energy Corporation,50651,BLR4,CS0001,2005,8002,7977.71,NA,732619.13,NA,NA,NA,NA,175.374,0.3169,1113639.816,Coal,NA,Dry bottom wall-fired boiler,NA,Low NOx Burner Technology w/ Overfire Air,Baghouse,NA,NBP
NY,Syracuse Energy Corporation,50651,BLR4,CS0001,2006,7258,7241.64,NA,606326.99,NA,NA,NA,NA,161.356,0.3318,968263.933,Coal,NA,Dry bottom wall-fired boiler,NA,Low NOx Burner Technology w/ Overfire Air,Baghouse,NA,NBP
NY,Syracuse Energy Corporation,50651,BLR4,CS0001,2007,6520,6502.16,NA,561891.4,NA,NA,NA,NA,142.06,0.3405,834587.383,Coal,NA,Dry bottom wall-fired boiler,NA,Low NOx Burner Technology w/ Overfire Air,Baghouse,NA,NBP
NY,Syracuse Energy Corporation,50651,BLR4,CS0001,2008,8435,8423.97,NA,692946.3,NA,NA,NA,NA,179.433,0.3627,990084.278,Coal,NA,Dry bottom wall-fired boiler,NA,Low NOx Burner Technology w/ Overfire Air,Baghouse,NA,"CAIRNOX, CAIROS, NBP"
NY,Syracuse Energy Corporation,50651,BLR4,CS0001,2009,5761,5746.62,NA,449039.1,371.513,1.1076,69218.646,0.1029,119.19,0.3542,674655.899,Coal,NA,Dry bottom wall-fired boiler,NA,Low NOx Burner Technology w/ Overfire Air,Baghouse,NA,"CAIRNOX, CAIROS, CAIRSO2, RGGI"
NY,Syracuse Energy Corporation,50651,BLR4,CS0001,2010,6683,6668.5,NA,488148.29,352.084,0.9834,73488.13,0.103,126.891,0.3545,716256.625,Coal,NA,Dry bottom wall-fired boiler,NA,Low NOx Burner Technology w/ Overfire Air,Baghouse,NA,"CAIRNOX, CAIROS, CAIRSO2, RGGI"
NY,Syracuse Energy Corporation,50651,BLR4,CS0001,2011,7354,7335.26,NA,564981.4,398.404,0.9857,82939.315,0.1029,131.73,0.3263,808387.597,Coal,NA,Dry bottom wall-fired boiler,NA,Low NOx Burner Technology w/ Overfire Air,Baghouse,NA,"CAIRNOX, CAIROS, CAIRSO2, RGGI"
NY,Syracuse Energy Corporation,50651,BLR4,CS0001,2012,5383,5363.35,NA,393746.79,287.532,0.99,59590.216,0.1029,94.728,0.3291,580809.069,Coal,NA,Dry bottom wall-fired boiler,NA,Low NOx Burner Technology w/ Overfire Air,Baghouse,NA,"CAIRNOX, CAIROS, CAIRSO2, RGGI"
NY,Syracuse Energy Corporation,50651,BLR4,CS0001,2013,2927,2909.95,NA,226786.98,166.261,0.9898,34472.313,0.1029,47.972,0.2852,335988.476,Coal,NA,Dry bottom wall-fired boiler,NA,Low NOx Burner Technology w/ Overfire Air,Baghouse,NA,"CAIRNOX, CAIROS, CAIRSO2, RGGI"
NY,Syracuse Energy Corporation,50651,BLR5,CS0001,1999,4091,4080.5,NA,506938.75,NA,NA,NA,NA,108.47,0.4207,514787.677,Coal,NA,Dry bottom wall-fired boiler,NA,Low NOx Burner Technology w/ Overfire Air,Baghouse,NA,OTC
NY,Syracuse Energy Corporation,50651,BLR5,CS0001,2000,6286,6264.25,NA,1131141.5,NA,NA,NA,NA,230.822,0.4147,1103786.631,Coal,NA,Dry bottom wall-fired boiler,NA,Low NOx Burner Technology w/ Overfire Air,Baghouse,NA,OTC
NY,Syracuse Energy Corporation,50651,BLR5,CS0001,2001,7141,7131.75,NA,2329454.5,NA,NA,NA,NA,361.16,0.4189,1717586.673,Coal,NA,Dry bottom wall-fired boiler,NA,Low NOx Burner Technology w/ Overfire Air,Baghouse,NA,OTC
NY,Syracuse Energy Corporation,50651,BLR5,CS0001,2002,7610,7573.99,NA,1454103.33,NA,NA,NA,NA,268.269,0.3823,1387895.309,Coal,NA,Dry bottom wall-fired boiler,NA,Low NOx Burner Technology w/ Overfire Air,Baghouse,NA,OTC
NY,Syracuse Energy Corporation,50651,BLR5,CS0001,2003,7819,7787.25,NA,871041.1,NA,NA,NA,NA,222.901,0.3475,1281309.559,Coal,NA,Dry bottom wall-fired boiler,NA,Low NOx Burner Technology w/ Overfire Air,Baghouse,NA,NBP
NY,Syracuse Energy Corporation,50651,BLR5,CS0001,2004,8190,8144.78,NA,827585.72,NA,NA,NA,NA,208.744,0.334,1240574.119,Coal,NA,Dry bottom wall-fired boiler,NA,Low NOx Burner Technology w/ Overfire Air,Baghouse,NA,NBP
NY,Syracuse Energy Corporation,50651,BLR5,CS0001,2005,7788,7767.66,NA,730424.59,NA,NA,NA,NA,175.228,0.3162,1113032.517,Coal,NA,Dry bottom wall-fired boiler,NA,Low NOx Burner Technology w/ Overfire Air,Baghouse,NA,NBP
NY,Syracuse Energy Corporation,50651,BLR5,CS0001,2006,8461,8434.96,NA,749271.26,NA,NA,NA,NA,198.654,0.3285,1202198.707,Coal,NA,Dry bottom wall-fired boiler,NA,Low NOx Burner Technology w/ Overfire Air,Baghouse,NA,NBP
NY,Syracuse Energy Corporation,50651,BLR5,CS0001,2007,7114,7088.13,NA,616577.48,NA,NA,NA,NA,157.419,0.3475,907574.372,Coal,NA,Dry bottom wall-fired boiler,NA,Low NOx Burner Technology w/ Overfire Air,Baghouse,NA,NBP
NY,Syracuse Energy Corporation,50651,BLR5,CS0001,2008,7429,7405.17,NA,582621.93,NA,NA,NA,NA,151.238,0.3656,828941.944,Coal,NA,Dry bottom wall-fired boiler,NA,Low NOx Burner Technology w/ Overfire Air,Baghouse,NA,"CAIRNOX, CAIROS, NBP"
NY,Syracuse Energy Corporation,50651,BLR5,CS0001,2009,6011,5995.75,NA,441104.5,354.248,1.0507,69396.426,0.1029,122.495,0.3633,676390.934,Coal,NA,Dry bottom wall-fired boiler,NA,Low NOx Burner Technology w/ Overfire Air,Baghouse,NA,"CAIRNOX, CAIROS, CAIRSO2, RGGI"
NY,Syracuse Energy Corporation,50651,BLR5,CS0001,2010,6675,6659.38,NA,461566.4,330.197,0.9842,68863.677,0.1029,122.291,0.3644,671184.075,Coal,NA,Dry bottom wall-fired boiler,NA,Low NOx Burner Technology w/ Overfire Air,Baghouse,NA,"CAIRNOX, CAIROS, CAIRSO2, RGGI"
NY,Syracuse Energy Corporation,50651,BLR5,CS0001,2011,5787,5762.97,NA,415630.9,292.726,0.9854,60934.373,0.1029,100.929,0.3408,593907.862,Coal,NA,Dry bottom wall-fired boiler,NA,Low NOx Burner Technology w/ Overfire Air,Baghouse,NA,"CAIRNOX, CAIROS, CAIRSO2, RGGI"
NY,Syracuse Energy Corporation,50651,BLR5,CS0001,2012,6682,6667.21,NA,474729.68,347.284,0.9897,71997.99,0.1029,116.254,0.3335,701735.169,Coal,NA,Dry bottom wall-fired boiler,NA,Low NOx Burner Technology w/ Overfire Air,Baghouse,NA,"CAIRNOX, CAIROS, CAIRSO2, RGGI"
NY,Syracuse Energy Corporation,50651,BLR5,CS0001,2013,3447,3430.59,NA,263260.8,192.842,0.9887,40025.38,0.1029,58.133,0.298,390111.354,Coal,NA,Dry bottom wall-fired boiler,NA,Low NOx Burner Technology w/ Overfire Air,Baghouse,NA,"CAIRNOX, CAIROS, CAIRSO2, RGGI"
NY,Sterling Power Plant,50744,00001,NA,1999,1115,1057,38096.25,0,NA,NA,NA,NA,25.902,0.131,429696.75,Pipeline Natural Gas,NA,Combined cycle,NA,Steam Injection,NA,NA,OTC
NY,Sterling Power Plant,50744,00001,NA,2000,1047,1007.75,37777.5,0,NA,NA,NA,NA,25.615,0.1322,421482.525,Pipeline Natural Gas,NA,Combined cycle,NA,Steam Injection,NA,NA,OTC
NY,Sterling Power Plant,50744,00001,NA,2001,1284,1237,44369.75,0,NA,NA,NA,NA,29.4,0.127,500306.25,Pipeline Natural Gas,NA,Combined cycle,NA,Steam Injection,NA,NA,OTC
NY,Sterling Power Plant,50744,00001,NA,2002,1349,1298.75,45599.25,NA,NA,NA,NA,NA,30.579,0.1241,526949.875,Pipeline Natural Gas,NA,Combined cycle,NA,Steam Injection,NA,NA,OTC
NY,Sterling Power Plant,50744,00001,NA,2003,407,387,12846.25,NA,0.035,0.001,8892.825,0.0593,8.857,0.1277,149654.325,Pipeline Natural Gas,NA,Combined cycle,NA,Steam Injection,NA,NA,"ARP, NBP"
NY,Sterling Power Plant,50744,00001,NA,2004,151,136.5,4546.5,NA,0.016,0.001,3131.4,0.0593,3.573,0.1562,52687.85,Pipeline Natural Gas,NA,Combined cycle,NA,Steam Injection,NA,NA,"ARP, NBP"
NY,Sterling Power Plant,50744,00001,NA,2005,1206,1117.5,38037.75,NA,0.133,0.001,26335.65,0.0592,26.801,0.1352,443129.45,Pipeline Natural Gas,NA,Combined cycle,NA,Steam Injection,NA,NA,"ARP, NBP"
NY,Sterling Power Plant,50744,00001,NA,2006,281,264,9006.25,NA,0.031,0.001,6213.025,0.0592,6.299,0.1325,104576.8,Pipeline Natural Gas,NA,Combined cycle,NA,Steam Injection,NA,NA,"ARP, NBP"
NY,Sterling Power Plant,50744,00001,NA,2007,162,152.75,4949,NA,0.018,0.001,3520.95,0.0592,3.518,0.1302,59241.25,Pipeline Natural Gas,NA,Combined cycle,NA,Steam Injection,NA,NA,"ARP, NBP"
NY,Sterling Power Plant,50744,00001,NA,2008,95,82.25,2474.25,NA,0.009,0.001,1790.375,0.0592,2.091,0.1622,30129.3,Pipeline Natural Gas,NA,Combined cycle,NA,Steam Injection,NA,NA,"ARP, CAIRNOX, CAIROS, NBP"
NY,Sterling Power Plant,50744,00001,NA,2009,181,171.25,5979.25,NA,0.02,6e-4,4178.65,0.0593,4.099,0.1263,70300.85,Pipeline Natural Gas,NA,Combined cycle,NA,Steam Injection,NA,NA,"ARP, CAIRNOX, CAIROS, CAIRSO2, RGGI"
NY,Sterling Power Plant,50744,00001,NA,2010,252,246.75,8508.5,NA,0.028,5e-4,5917.25,0.0593,5.636,0.1173,99549.1,Pipeline Natural Gas,NA,Combined cycle,NA,Steam Injection,NA,NA,"ARP, CAIRNOX, CAIROS, CAIRSO2, RGGI"
NY,Sterling Power Plant,50744,00001,NA,2011,100,94.75,3105.75,NA,0.009,6e-4,2166.325,0.0593,2.112,0.1237,36447.675,Pipeline Natural Gas,NA,Combined cycle,NA,Steam Injection,NA,NA,"ARP, CAIRNOX, CAIROS, CAIRSO2, RGGI"
NY,Sterling Power Plant,50744,00001,NA,2012,776,762.5,26517,NA,0.083,5e-4,18239.025,0.0592,23.412,0.1554,306887.35,Pipeline Natural Gas,NA,Combined cycle,NA,Steam Injection,NA,NA,"ARP, CAIRNOX, CAIROS, CAIRSO2, RGGI"
NY,Sterling Power Plant,50744,00001,NA,2013,528,509.5,19284.25,NA,0.063,7e-4,12914.025,0.0592,13.76,0.1326,217339.075,Pipeline Natural Gas,NA,Combined cycle,NA,Steam Injection,NA,NA,"ARP, CAIRNOX, CAIROS, CAIRSO2, RGGI"
NY,Sterling Power Plant,50744,00001,NA,2014,477,435.71,16708.34,NA,0.058,9e-4,11095.957,0.0592,22.711,0.2522,186724.445,Pipeline Natural Gas,NA,Combined cycle,NA,Steam Injection,NA,NA,"ARP, CAIRNOX, CAIROS, CAIRSO2, RGGI"
NY,Sterling Power Plant,50744,00001,NA,2015,482,435.51,15791.75,NA,0.053,0.001,10572.609,0.0593,12.146,0.1499,177905.887,Pipeline Natural Gas,NA,Combined cycle,NA,Steam Injection,NA,NA,"ARP, CSNOX, CSNOXOS, CSSO2G1, RGGI"
NY,Sterling Power Plant,50744,00001,NA,2016,306,266.57,8336.21,NA,0.029,0.001,5815.002,0.0593,7.132,0.1559,97830.203,Pipeline Natural Gas,NA,Combined cycle,NA,Steam Injection,NA,NA,"ARP, CSNOX, CSNOXOS, CSSO2G1, RGGI"
NY,Sterling Power Plant,50744,00001,NA,2017,322,284.65,9370.77,NA,0.033,0.001,6451.051,0.0592,7.079,0.1421,108551.173,Pipeline Natural Gas,NA,Combined cycle,NA,Steam Injection,NA,NA,"ARP, CSNOX, CSOSG2, CSSO2G1, RGGI"
NY,Sterling Power Plant,50744,00001,NA,2018,609,554.22,18586.01,NA,0.065,0.001,12781.759,0.0592,12.076,0.1265,215078.646,Pipeline Natural Gas,NA,Combined cycle,NA,Steam Injection,NA,NA,"ARP, CSNOX, CSOSG2, CSSO2G1, RGGI"
NY,Sterling Power Plant,50744,00001,NA,2019,177,162.46,5512.7,NA,0.019,0.001,3771.227,0.0592,3.684,0.1279,63452.529,Pipeline Natural Gas,NA,Combined cycle,NA,Steam Injection,NA,NA,"ARP, CSNOX, CSOSG2, CSSO2G1, RGGI"
NY,Sterling Power Plant,50744,00001,NA,2020,108,98.34,3089.01,NA,0.011,0.001,2156.13,0.0593,2.316,0.1408,36272.158,Pipeline Natural Gas,NA,Combined cycle,NA,Steam Injection,NA,NA,"ARP, CSNOX, CSOSG2, CSSO2G1, RGGI"
NY,Sterling Power Plant,50744,00001,NA,2021,376,341.75,11197.91,NA,0.039,0.001,7743.303,0.0592,14.972,0.2394,130298.278,Pipeline Natural Gas,NA,Combined cycle,NA,Steam Injection,NA,NA,"ARP, CSNOX, CSOSG3, CSSO2G1, RGGI"
NY,Sterling Power Plant,50744,00001,NA,2022,103,86.42,2803.09,NA,0.01,0.001,1951.849,0.0592,2.634,0.1848,32852.37,Pipeline Natural Gas,NA,Combined cycle,NA,Steam Injection,NA,NA,"ARP, CSNOX, CSOSG3, CSSO2G1, RGGI"
NY,Sterling Power Plant,50744,00001,NA,2023,56,50.81,1529.94,NA,0.005,0.001,1083.907,0.0593,1.887,0.2126,18237.406,Pipeline Natural Gas,NA,Combined cycle,NA,Steam Injection,NA,NA,"ARP, CSNOX, CSOSG3, CSSO2G1, RGGI"
NY,Sterling Power Plant,50744,00001,NA,2024,103,88.87,2676.41,NA,0.01,0.001,1903.404,0.0592,2.231,0.1519,32038.285,Pipeline Natural Gas,NA,Combined cycle,NA,Steam Injection,NA,NA,"ARP, CSNOX, CSOSG2E, CSSO2G1, RGGI"
NY,Onondaga Cogeneration,50855,1,NA,1999,1269,1250,40140.5,NA,NA,NA,NA,NA,14.474,0.0714,442590.175,Pipeline Natural Gas,Diesel Oil,Combined cycle,NA,Water Injection|Ammonia Injection|Selective Catalytic Reduction,NA,NA,OTC
NY,Onondaga Cogeneration,50855,1,NA,2000,1943,1874,67439.5,NA,NA,NA,NA,NA,14.506,0.0488,715226.95,Pipeline Natural Gas,Diesel Oil,Combined cycle,NA,Water Injection|Ammonia Injection|Selective Catalytic Reduction,NA,NA,OTC
NY,Onondaga Cogeneration,50855,1,NA,2001,2214,2071.25,62622.25,NA,NA,NA,NA,NA,16.631,0.0542,735126.35,Pipeline Natural Gas,Diesel Oil,Combined cycle,NA,Water Injection|Ammonia Injection|Selective Catalytic Reduction,NA,NA,OTC
NY,Onondaga Cogeneration,50855,1,NA,2002,2395,2250.25,67860.75,NA,0.224,0.001,44331.45,0.0592,13.825,0.0389,822710.425,Pipeline Natural Gas,Diesel Oil,Combined cycle,NA,Water Injection|Ammonia Injection|Selective Catalytic Reduction,NA,NA,"ARP, OTC"
NY,Onondaga Cogeneration,50855,1,NA,2003,1194,1132.5,34429,NA,0.119,0.001,23487.325,0.0593,6.198,0.0358,395209.175,Pipeline Natural Gas,Diesel Oil,Combined cycle,NA,Water Injection|Ammonia Injection|Selective Catalytic Reduction,NA,NA,"ARP, NBP"
NY,Onondaga Cogeneration,50855,1,NA,2004,593,569.5,17762,NA,0.062,0.001,12212,0.0592,3.466,0.0374,205502.4,Pipeline Natural Gas,Diesel Oil,Combined cycle,NA,Water Injection|Ammonia Injection|Selective Catalytic Reduction,NA,NA,"ARP, NBP"
NY,Onondaga Cogeneration,50855,1,NA,2005,739,703.5,29410,NA,0.064,0.001,12669.5,0.0593,3.574,0.0369,213192.9,Pipeline Natural Gas,Diesel Oil,Combined cycle,NA,Water Injection|Ammonia Injection|Selective Catalytic Reduction,NA,NA,"ARP, NBP"
NY,Onondaga Cogeneration,50855,1,NA,2006,214,204,9395,NA,0.021,0.001,4207.95,0.0595,1.092,0.0345,70800.575,Pipeline Natural Gas,Diesel Oil,Combined cycle,NA,Water Injection|Ammonia Injection|Selective Catalytic Reduction,NA,NA,"ARP, NBP"
NY,Onondaga Cogeneration,50855,1,NA,2007,131,122.75,3783.25,NA,0.013,0.001,2510.05,0.0593,0.742,0.0443,42234.225,Pipeline Natural Gas,Diesel Oil,Combined cycle,NA,Water Injection|Ammonia Injection|Selective Catalytic Reduction,NA,NA,"ARP, NBP"
NY,Onondaga Cogeneration,50855,1,NA,2008,0,0,NA,NA,NA,NA,NA,NA,NA,NA,NA,Pipeline Natural Gas,Diesel Oil,Combined cycle,NA,Water Injection|Ammonia Injection|Selective Catalytic Reduction,NA,NA,"ARP, CAIRNOX"
NY,Onondaga Cogeneration,50855,2,NA,1999,5405,5399.5,117223.5,NA,NA,NA,NA,NA,36.961,0.0635,1216536.8,Pipeline Natural Gas,Diesel Oil,Combined cycle,NA,Water Injection|Ammonia Injection|Selective Catalytic Reduction,NA,NA,OTC
NY,Onondaga Cogeneration,50855,2,NA,2000,3760,3707,80421.25,NA,NA,NA,NA,NA,14.994,0.0347,914819.925,Pipeline Natural Gas,Diesel Oil,Combined cycle,NA,Water Injection|Ammonia Injection|Selective Catalytic Reduction,NA,NA,OTC
NY,Onondaga Cogeneration,50855,2,NA,2001,2194,2060.5,41913.75,NA,NA,NA,NA,NA,9.267,0.0488,470703.25,Pipeline Natural Gas,Diesel Oil,Combined cycle,NA,Water Injection|Ammonia Injection|Selective Catalytic Reduction,NA,NA,OTC
NY,Onondaga Cogeneration,50855,2,NA,2002,2410,2289,47199.5,NA,0.146,0.001,28869.3,0.0592,8.451,0.0357,531947.4,Pipeline Natural Gas,Diesel Oil,Combined cycle,NA,Water Injection|Ammonia Injection|Selective Catalytic Reduction,NA,NA,"ARP, OTC"
NY,Onondaga Cogeneration,50855,2,NA,2003,1219,1135,23377.75,NA,0.077,0.001,15301.6,0.0593,4.098,0.034,257494.425,Pipeline Natural Gas,Diesel Oil,Combined cycle,NA,Water Injection|Ammonia Injection|Selective Catalytic Reduction,NA,NA,"ARP, NBP"
NY,Onondaga Cogeneration,50855,2,NA,2004,597,554.25,11639.75,NA,0.037,0.001,7262.5,0.0583,1.96,0.0341,122213.875,Pipeline Natural Gas,Diesel Oil,Combined cycle,NA,Water Injection|Ammonia Injection|Selective Catalytic Reduction,NA,NA,"ARP, NBP"
NY,Onondaga Cogeneration,50855,2,NA,2005,746,714.75,25922.5,NA,0.049,0.001,9683.575,0.0594,2.683,0.0361,162938.725,Pipeline Natural Gas,Diesel Oil,Combined cycle,NA,Water Injection|Ammonia Injection|Selective Catalytic Reduction,NA,NA,"ARP, NBP"
NY,Onondaga Cogeneration,50855,2,NA,2006,226,213,7755.75,NA,0.015,0.001,3006.275,0.0592,0.839,0.0374,50583.825,Pipeline Natural Gas,Diesel Oil,Combined cycle,NA,Water Injection|Ammonia Injection|Selective Catalytic Reduction,NA,NA,"ARP, NBP"
NY,Onondaga Cogeneration,50855,2,NA,2007,131,125.5,2554,NA,0.008,0.001,1647.275,0.0595,0.406,0.0338,27712.15,Pipeline Natural Gas,Diesel Oil,Combined cycle,NA,Water Injection|Ammonia Injection|Selective Catalytic Reduction,NA,NA,"ARP, NBP"
NY,Onondaga Cogeneration,50855,2,NA,2008,0,0,NA,NA,NA,NA,NA,NA,NA,NA,NA,Pipeline Natural Gas,Diesel Oil,Combined cycle,NA,Water Injection|Ammonia Injection|Selective Catalytic Reduction,NA,NA,"ARP, CAIRNOX"
NY,Carr Street Generating Station,50978,A,NA,1999,2302,2226.5,67399.5,NA,NA,NA,NA,NA,8.811,0.0278,676446.3,Pipeline Natural Gas,Diesel Oil,Combined cycle,NA,Water Injection|Ammonia Injection,NA,NA,OTC
NY,Carr Street Generating Station,50978,A,NA,2000,3463,3304.25,99715.75,NA,NA,NA,NA,NA,11.263,0.0274,1018968.55,Pipeline Natural Gas,Diesel Oil,Combined cycle,NA,Water Injection|Ammonia Injection,NA,NA,"ARP, OTC"
NY,Carr Street Generating Station,50978,A,NA,2001,1264,1205.5,33832.5,NA,NA,NA,NA,NA,4.527,0.0312,347316.875,Pipeline Natural Gas,Diesel Oil,Combined cycle,NA,Water Injection|Ammonia Injection,NA,NA,"ARP, OTC"
NY,Carr Street Generating Station,50978,A,NA,2002,1315,1214.17,34589.27,NA,0.617,0.0028,21923.011,0.0593,16.76,0.0926,368535.34,Pipeline Natural Gas,Diesel Oil,Combined cycle,NA,Water Injection|Ammonia Injection,NA,NA,"ARP, OTC"
NY,Carr Street Generating Station,50978,A,NA,2003,451,403.19,11706.1,NA,0.109,0.0209,7620.312,0.0597,2.073,0.0442,128178.252,Pipeline Natural Gas,Diesel Oil,Combined cycle,NA,Water Injection|Ammonia Injection,NA,NA,"ARP, NBP"
NY,Carr Street Generating Station,50978,A,NA,2004,237,208.04,4307.25,NA,1.765,0.0586,3168.19,0.0635,1.038,0.0554,49032.215,Pipeline Natural Gas,Diesel Oil,Combined cycle,NA,Water Injection|Ammonia Injection,NA,NA,"ARP, NBP"
NY,Carr Street Generating Station,50978,A,NA,2005,985,868.27,20338.43,NA,1.16,0.0102,14030.781,0.06,3.648,0.0446,233436.843,Pipeline Natural Gas,Diesel Oil,Combined cycle,NA,Water Injection|Ammonia Injection,NA,NA,"ARP, NBP"
NY,Carr Street Generating Station,50978,A,NA,2006,486,428.5,7937.54,NA,0.03,0.0016,5843.499,0.0594,1.479,0.0438,98328.154,Pipeline Natural Gas,Diesel Oil,Combined cycle,NA,Water Injection|Ammonia Injection,NA,NA,"ARP, NBP"
NY,Carr Street Generating Station,50978,A,NA,2007,897,813.55,21277.52,NA,0.088,0.0011,13518.373,0.0593,3.282,0.0371,227419.087,Pipeline Natural Gas,Diesel Oil,Combined cycle,NA,Water Injection|Ammonia Injection,NA,NA,"ARP, NBP"
NY,Carr Street Generating Station,50978,A,NA,2008,553,484.11,11158.63,NA,0.039,0.001,7663.353,0.0593,1.713,0.0355,128959.691,Pipeline Natural Gas,Diesel Oil,Combined cycle,NA,Water Injection|Ammonia Injection,NA,NA,"ARP, CAIRNOX, CAIROS, NBP"
NY,Carr Street Generating Station,50978,A,NA,2009,375,311.91,7088,NA,0.025,0.001,4871.356,0.0594,1.197,0.0417,81971.157,Pipeline Natural Gas,Diesel Oil,Combined cycle,NA,Water Injection|Ammonia Injection,NA,NA,"ARP, CAIRNOX, CAIROS, CAIRSO2, RGGI"
NY,Carr Street Generating Station,50978,A,NA,2010,523,460.94,11062.32,NA,0.037,0.001,7478.012,0.0597,1.808,0.0344,124716.268,Pipeline Natural Gas,Diesel Oil,Combined cycle,NA,Water Injection|Ammonia Injection,NA,NA,"ARP, CAIRNOX, CAIROS, CAIRSO2, RGGI"
NY,Carr Street Generating Station,50978,A,NA,2011,336,295.81,7539.69,NA,0.025,0.001,4964.537,0.0593,1.055,0.0343,83547.778,Pipeline Natural Gas,Diesel Oil,Combined cycle,NA,Water Injection|Ammonia Injection,NA,NA,"ARP, CAIRNOX, CAIROS, CAIRSO2, RGGI"
NY,Carr Street Generating Station,50978,A,NA,2012,1032,896.77,26358.34,NA,0.084,0.001,16666.825,0.0593,3.794,0.0367,280451.42,Pipeline Natural Gas,Diesel Oil,Combined cycle,NA,Water Injection|Ammonia Injection,NA,NA,"ARP, CAIRNOX, CAIROS, CAIRSO2, RGGI"
NY,Carr Street Generating Station,50978,A,NA,2013,631,549.78,16309.95,NA,0.052,0.001,10416.361,0.0599,2.461,0.0388,173559.726,Pipeline Natural Gas,Diesel Oil,Combined cycle,NA,Water Injection|Ammonia Injection,NA,NA,"ARP, CAIRNOX, CAIROS, CAIRSO2, RGGI"
NY,Carr Street Generating Station,50978,A,NA,2014,1441,1285.23,38032.89,NA,0.122,0.001,24229.294,0.0593,5.463,0.0276,407734.33,Pipeline Natural Gas,Diesel Oil,Combined cycle,NA,Water Injection|Ammonia Injection,NA,NA,"ARP, CAIRNOX, CAIROS, CAIRSO2, RGGI"
NY,Carr Street Generating Station,50978,A,NA,2015,4208,3816.62,119479.43,NA,0.387,0.001,76507.146,0.0595,17.608,0.0302,1282401.753,Pipeline Natural Gas,Diesel Oil,Combined cycle,NA,Water Injection|Ammonia Injection,NA,NA,"ARP, CSNOX, CSNOXOS, CSSO2G1, RGGI"
NY,Carr Street Generating Station,50978,A,NA,2016,2694,2421.13,77795.53,NA,0.243,0.001,48101.687,0.0593,11.196,0.029,809396.854,Pipeline Natural Gas,Diesel Oil,Combined cycle,NA,Water Injection|Ammonia Injection,NA,NA,"ARP, CSNOX, CSNOXOS, CSSO2G1, RGGI"
NY,Carr Street Generating Station,50978,A,NA,2017,1173,1058.98,33001.54,NA,0.104,0.001,20586.41,0.0593,4.774,0.0306,346356.318,Pipeline Natural Gas,Diesel Oil,Combined cycle,NA,Water Injection|Ammonia Injection,NA,NA,"ARP, CSNOX, CSOSG2, CSSO2G1, RGGI"
NY,Carr Street Generating Station,50978,A,NA,2018,2130,1908.57,66972.53,NA,0.216,0.001,42880.952,0.0594,9.729,0.0296,720593.982,Pipeline Natural Gas,Diesel Oil,Combined cycle,NA,Water Injection|Ammonia Injection,NA,NA,"ARP, CSNOX, CSOSG2, CSSO2G1, RGGI"
NY,Carr Street Generating Station,50978,A,NA,2019,818,710.69,19721.46,NA,0.073,0.001,14483.704,0.0593,3.267,0.0315,243712.585,Pipeline Natural Gas,Diesel Oil,Combined cycle,NA,Water Injection|Ammonia Injection,NA,NA,"ARP, CSNOX, CSOSG2, CSSO2G1, RGGI"
NY,Carr Street Generating Station,50978,A,NA,2020,1601,1413.17,36823.92,NA,0.141,0.001,27914.14,0.0593,6.05,0.0271,469674.775,Pipeline Natural Gas,Diesel Oil,Combined cycle,NA,Water Injection|Ammonia Injection,NA,NA,"ARP, CSNOX, CSOSG2, CSSO2G1, RGGI"
NY,Carr Street Generating Station,50978,A,NA,2021,2044,1886.49,56471.64,NA,0.203,0.001,40275.087,0.0593,9.148,0.0281,677691.925,Pipeline Natural Gas,Diesel Oil,Combined cycle,NA,Water Injection|Ammonia Injection,NA,NA,"ARP, CSNOX, CSOSG3, CSSO2G1, RGGI"
NY,Carr Street Generating Station,50978,A,NA,2022,2276,2103.88,65636.98,NA,0.233,0.001,46135.212,0.0593,10.385,0.027,776254.136,Pipeline Natural Gas,Diesel Oil,Combined cycle,NA,Water Injection|Ammonia Injection,NA,NA,"ARP, CSNOX, CSOSG3, CSSO2G1, RGGI"
NY,Carr Street Generating Station,50978,A,NA,2023,2422,2228.91,69174.02,NA,0.246,0.001,48629.854,0.0593,10.939,0.0273,818288.998,Pipeline Natural Gas,Diesel Oil,Combined cycle,NA,Water Injection|Ammonia Injection,NA,NA,"ARP, CSNOX, CSOSG3, CSSO2G1, RGGI"
NY,Carr Street Generating Station,50978,A,NA,2024,2816,2671.67,94475.65,NA,0.327,0.001,64783.389,0.0592,14.796,0.0279,1090137.141,Pipeline Natural Gas,Diesel Oil,Combined cycle,NA,Water Injection|Ammonia Injection,NA,NA,"ARP, CSNOX, CSOSG2E, CSSO2G1, RGGI"
NY,Carr Street Generating Station,50978,B,NA,1999,2170,2092,62551,NA,NA,NA,NA,NA,8.745,0.0315,622300.75,Pipeline Natural Gas,Diesel Oil,Combined cycle,NA,Water Injection|Ammonia Injection,NA,NA,OTC
NY,Carr Street Generating Station,50978,B,NA,2000,3451,3286.25,99417.75,NA,NA,NA,NA,NA,12.339,0.0345,983211.025,Pipeline Natural Gas,Diesel Oil,Combined cycle,NA,Water Injection|Ammonia Injection,NA,NA,"ARP, OTC"
NY,Carr Street Generating Station,50978,B,NA,2001,1267,1203.5,33398.75,NA,NA,NA,NA,NA,4.867,0.0397,337447.7,Pipeline Natural Gas,Diesel Oil,Combined cycle,NA,Water Injection|Ammonia Injection,NA,NA,"ARP, OTC"
NY,Carr Street Generating Station,50978,B,NA,2002,1281,1179.15,34175.93,NA,0.107,0.001,21271.891,0.0593,16.658,0.0956,357926.924,Pipeline Natural Gas,Diesel Oil,Combined cycle,NA,Water Injection|Ammonia Injection,NA,NA,"ARP, OTC"
NY,Carr Street Generating Station,50978,B,NA,2003,476,435.58,13016.61,NA,1.883,0.0343,8791.913,0.06,2.594,0.0435,146589.111,Pipeline Natural Gas,Diesel Oil,Combined cycle,NA,Water Injection|Ammonia Injection,NA,NA,"ARP, NBP"
NY,Carr Street Generating Station,50978,B,NA,2004,257,236.79,5561.98,NA,2.285,0.0562,4162.081,0.0634,1.532,0.0649,64502.329,Pipeline Natural Gas,Diesel Oil,Combined cycle,NA,Water Injection|Ammonia Injection,NA,NA,"ARP, NBP"
NY,Carr Street Generating Station,50978,B,NA,2005,995,882.97,21102.94,NA,0.956,0.011,14520.012,0.06,3.706,0.0409,242164.703,Pipeline Natural Gas,Diesel Oil,Combined cycle,NA,Water Injection|Ammonia Injection,NA,NA,"ARP, NBP"
NY,Carr Street Generating Station,50978,B,NA,2006,490,433.41,8219.97,NA,0.034,0.0018,6244.29,0.0594,1.58,0.0378,105073.237,Pipeline Natural Gas,Diesel Oil,Combined cycle,NA,Water Injection|Ammonia Injection,NA,NA,"ARP, NBP"
NY,Carr Street Generating Station,50978,B,NA,2007,913,825.74,21691.14,NA,0.651,0.0086,14312.678,0.0598,3.598,0.0367,239418.023,Pipeline Natural Gas,Diesel Oil,Combined cycle,NA,Water Injection|Ammonia Injection,NA,NA,"ARP, NBP"
NY,Carr Street Generating Station,50978,B,NA,2008,545,474.88,11122.14,NA,0.04,0.001,7838.852,0.0593,1.859,0.034,131913.541,Pipeline Natural Gas,Diesel Oil,Combined cycle,NA,Water Injection|Ammonia Injection,NA,NA,"ARP, CAIRNOX, CAIROS, NBP"
NY,Carr Street Generating Station,50978,B,NA,2009,361,299.76,6986.66,NA,0.025,0.001,4927.343,0.0593,1.267,0.0407,82907.228,Pipeline Natural Gas,Diesel Oil,Combined cycle,NA,Water Injection|Ammonia Injection,NA,NA,"ARP, CAIRNOX, CAIROS, CAIRSO2, RGGI"
NY,Carr Street Generating Station,50978,B,NA,2010,513,456.93,11152.82,NA,0.038,0.001,7735.547,0.0598,1.879,0.0343,129143.776,Pipeline Natural Gas,Diesel Oil,Combined cycle,NA,Water Injection|Ammonia Injection,NA,NA,"ARP, CAIRNOX, CAIROS, CAIRSO2, RGGI"
NY,Carr Street Generating Station,50978,B,NA,2011,334,298.08,7669.72,NA,0.026,0.0019,5115.317,0.0593,1.178,0.0348,86080.325,Pipeline Natural Gas,Diesel Oil,Combined cycle,NA,Water Injection|Ammonia Injection,NA,NA,"ARP, CAIRNOX, CAIROS, CAIRSO2, RGGI"
NY,Carr Street Generating Station,50978,B,NA,2012,1018,899.08,26153.81,NA,0.084,0.001,16626.966,0.0593,4.213,0.0386,279779.317,Pipeline Natural Gas,Diesel Oil,Combined cycle,NA,Water Injection|Ammonia Injection,NA,NA,"ARP, CAIRNOX, CAIROS, CAIRSO2, RGGI"
NY,Carr Street Generating Station,50978,B,NA,2013,629,549.98,16297.56,NA,0.053,0.001,10422.723,0.0598,2.602,0.037,173992.343,Pipeline Natural Gas,Diesel Oil,Combined cycle,NA,Water Injection|Ammonia Injection,NA,NA,"ARP, CAIRNOX, CAIROS, CAIRSO2, RGGI"
NY,Carr Street Generating Station,50978,B,NA,2014,1421,1289.79,39087.92,NA,0.125,0.001,24743.864,0.0593,6.201,0.0331,416397.448,Pipeline Natural Gas,Diesel Oil,Combined cycle,NA,Water Injection|Ammonia Injection,NA,NA,"ARP, CAIRNOX, CAIROS, CAIRSO2, RGGI"
NY,Carr Street Generating Station,50978,B,NA,2015,4306,3911.14,122518.48,NA,0.398,0.001,78567.37,0.0595,19.281,0.0322,1317581.654,Pipeline Natural Gas,Diesel Oil,Combined cycle,NA,Water Injection|Ammonia Injection,NA,NA,"ARP, CSNOX, CSNOXOS, CSSO2G1, RGGI"
NY,Carr Street Generating Station,50978,B,NA,2016,2270,2065.41,67279.13,NA,0.216,0.001,42757.014,0.0593,10.349,0.0319,719467.559,Pipeline Natural Gas,Diesel Oil,Combined cycle,NA,Water Injection|Ammonia Injection,NA,NA,"ARP, CSNOX, CSNOXOS, CSSO2G1, RGGI"
NY,Carr Street Generating Station,50978,B,NA,2017,1231,1116.23,34752.35,NA,0.112,0.001,22195.685,0.0593,5.424,0.0335,373525.765,Pipeline Natural Gas,Diesel Oil,Combined cycle,NA,Water Injection|Ammonia Injection,NA,NA,"ARP, CSNOX, CSOSG2, CSSO2G1, RGGI"
NY,Carr Street Generating Station,50978,B,NA,2018,2126,1902.97,58885.34,NA,0.218,0.001,43201.157,0.0594,10.355,0.0319,726032.311,Pipeline Natural Gas,Diesel Oil,Combined cycle,NA,Water Injection|Ammonia Injection,NA,NA,"ARP, CSNOX, CSOSG2, CSSO2G1, RGGI"
NY,Carr Street Generating Station,50978,B,NA,2019,802,706.09,19578.08,NA,0.074,0.001,14720.84,0.0592,3.383,0.0309,247726.848,Pipeline Natural Gas,Diesel Oil,Combined cycle,NA,Water Injection|Ammonia Injection,NA,NA,"ARP, CSNOX, CSOSG2, CSSO2G1, RGGI"
NY,Carr Street Generating Station,50978,B,NA,2020,1569,1418.37,36597.51,NA,0.141,0.001,27830.924,0.0593,6.109,0.0273,468319.342,Pipeline Natural Gas,Diesel Oil,Combined cycle,NA,Water Injection|Ammonia Injection,NA,NA,"ARP, CSNOX, CSOSG2, CSSO2G1, RGGI"
NY,Carr Street Generating Station,50978,B,NA,2021,1940,1801.16,52869.5,NA,0.197,0.001,39059.691,0.0593,9.212,0.0292,657208.654,Pipeline Natural Gas,Diesel Oil,Combined cycle,NA,Water Injection|Ammonia Injection,NA,NA,"ARP, CSNOX, CSOSG3, CSSO2G1, RGGI"
NY,Carr Street Generating Station,50978,B,NA,2022,1983,1838.48,54650.07,NA,0.223,0.001,40258.76,0.0592,9.511,0.0293,677509.688,Pipeline Natural Gas,Diesel Oil,Combined cycle,NA,Water Injection|Ammonia Injection,NA,NA,"ARP, CSNOX, CSOSG3, CSSO2G1, RGGI"
NY,Carr Street Generating Station,50978,B,NA,2023,2399,2214.91,67404.56,NA,0.286,0.004,49332.923,0.0593,11.354,0.0288,830068.445,Pipeline Natural Gas,Diesel Oil,Combined cycle,NA,Water Injection|Ammonia Injection,NA,NA,"ARP, CSNOX, CSOSG3, CSSO2G1, RGGI"
NY,Carr Street Generating Station,50978,B,NA,2024,1253,1178.65,40120.25,NA,0.146,0.001,28953.645,0.0592,6.607,0.0288,487224.406,Pipeline Natural Gas,Diesel Oil,Combined cycle,NA,Water Injection|Ammonia Injection,NA,NA,"ARP, CSNOX, CSOSG2E, CSSO2G1, RGGI"
NY,Nassau Energy Corporation,52056,00004,NA,1999,8274,8247.25,358197.5,0,NA,NA,NA,NA,269.05,0.1296,4156410.35,Pipeline Natural Gas,Diesel Oil,Combined cycle,NA,Steam Injection,NA,NA,OTC
NY,Nassau Energy Corporation,52056,00004,NA,2000,8390,8374.5,363037,0,NA,NA,NA,NA,288.898,0.1337,4311594.05,Pipeline Natural Gas,Diesel Oil,Combined cycle,NA,Steam Injection,NA,NA,OTC
NY,Nassau Energy Corporation,52056,00004,NA,2001,7472,7455.75,331365.5,0,NA,NA,NA,NA,194.09,0.1014,3836186.625,Pipeline Natural Gas,Diesel Oil,Combined cycle,NA,Steam Injection,NA,NA,OTC
NY,Nassau Energy Corporation,52056,00004,NA,2002,8314,8276.75,373386.5,0,NA,NA,NA,NA,232.278,0.1069,4364256.2,Pipeline Natural Gas,Diesel Oil,Combined cycle,NA,Steam Injection,NA,NA,OTC
NY,Nassau Energy Corporation,52056,00004,NA,2003,8192,8180.5,360012,0,NA,NA,NA,NA,231.843,0.1099,4235265.425,Pipeline Natural Gas,Diesel Oil,Combined cycle,NA,Steam Injection,NA,NA,NBP
NY,Nassau Energy Corporation,52056,00004,NA,2004,7396,7379.75,329716.5,0,NA,NA,NA,NA,229.11,0.1195,3856950.8,Pipeline Natural Gas,Diesel Oil,Combined cycle,NA,Steam Injection,NA,NA,NBP
NY,Nassau Energy Corporation,52056,00004,NA,2005,8397,8381.7,368126.76,0,NA,NA,NA,NA,276.872,0.1277,4353609.241,Pipeline Natural Gas,Diesel Oil,Combined cycle,NA,Steam Injection,NA,NA,NBP
NY,Nassau Energy Corporation,52056,00004,NA,2006,7623,7602.15,334951.24,NA,NA,NA,NA,NA,252.395,0.1289,3932171.742,Pipeline Natural Gas,Diesel Oil,Combined cycle,NA,Steam Injection,NA,NA,NBP
NY,Nassau Energy Corporation,52056,00004,NA,2007,8266,8247.26,370316.31,NA,NA,NA,NA,NA,292.309,0.1352,4352729.169,Pipeline Natural Gas,Diesel Oil,Combined cycle,NA,Steam Injection,NA,NA,NBP
NY,Nassau Energy Corporation,52056,00004,NA,2008,7850,7828.32,339250.08,NA,NA,NA,NA,NA,275.946,0.136,4069348.638,Pipeline Natural Gas,Diesel Oil,Combined cycle,NA,Steam Injection,NA,NA,"CAIRNOX, CAIROS, NBP"
NY,Nassau Energy Corporation,52056,00004,NA,2009,7348,7324.36,309920.25,NA,8.19,0.0052,223843.051,0.0595,248.829,0.1327,3748505.479,Pipeline Natural Gas,Diesel Oil,Combined cycle,NA,Steam Injection,NA,NA,"CAIRNOX, CAIROS, CAIRSO2, RGGI"
NY,Nassau Energy Corporation,52056,00004,NA,2010,8556,8545.21,378317.36,NA,2.318,0.0017,269674.794,0.0592,306.701,0.1356,4534971.735,Pipeline Natural Gas,Diesel Oil,Combined cycle,NA,Steam Injection,NA,NA,"CAIRNOX, CAIROS, CAIRSO2, RGGI"
NY,Nassau Energy Corporation,52056,00004,NA,2011,6851,6828.02,304618.5,NA,1.436,0.0013,214840.311,0.0592,241.247,0.1335,3614106.398,Pipeline Natural Gas,Diesel Oil,Combined cycle,NA,Steam Injection,NA,NA,"CAIRNOX, CAIROS, CAIRSO2, RGGI"
NY,Nassau Energy Corporation,52056,00004,NA,2012,7447,7435.02,342795.18,NA,1.347,0.0011,237872.182,0.0591,259.145,0.1297,4002248.697,Pipeline Natural Gas,Diesel Oil,Combined cycle,NA,Steam Injection,NA,NA,"CAIRNOX, CAIROS, CAIRSO2, RGGI"
NY,Nassau Energy Corporation,52056,00004,NA,2013,7162,7134.58,331618.19,NA,5.588,0.0035,228878.481,0.0593,258.42,0.1352,3839964.049,Pipeline Natural Gas,Diesel Oil,Combined cycle,NA,Steam Injection,NA,NA,"CAIRNOX, CAIROS, CAIRSO2, RGGI"
NY,Nassau Energy Corporation,52056,00004,NA,2014,6822,6807.31,315075.69,NA,9.667,0.006,211377.508,0.0595,237.008,0.1343,3534858.88,Pipeline Natural Gas,Diesel Oil,Combined cycle,NA,Steam Injection,NA,NA,"CAIRNOX, CAIROS, CAIRSO2, RGGI"
NY,Nassau Energy Corporation,52056,00004,NA,2015,6478,6444.58,292430.66,NA,3.721,0.0034,196024.587,0.0593,217.292,0.1326,3291448.712,Pipeline Natural Gas,Diesel Oil,Combined cycle,NA,Steam Injection,NA,NA,"CSNOX, CSNOXOS, CSSO2G1, RGGI"
NY,Nassau Energy Corporation,52056,00004,NA,2016,8177,8146.21,341299.9,NA,16.923,0.0085,232380.874,0.0598,278.108,0.1441,3869862.459,Pipeline Natural Gas,Diesel Oil,Combined cycle,NA,Steam Injection,NA,NA,"CSNOX, CSNOXOS, CSSO2G1, RGGI"
NY,Nassau Energy Corporation,52056,00004,NA,2017,7914,7895.33,306670.67,NA,1.051,0.001,202920.324,0.0592,229.252,0.1343,3414422.749,Pipeline Natural Gas,Diesel Oil,Combined cycle,NA,Steam Injection,NA,NA,"CSNOX, CSOSG2, CSSO2G1, RGGI"
NY,Nassau Energy Corporation,52056,00004,NA,2018,7468,7447.39,310609.3,NA,9.724,0.006,203111.834,0.0596,243.671,0.1437,3395441.178,Pipeline Natural Gas,Diesel Oil,Combined cycle,NA,Steam Injection,NA,NA,"CSNOX, CSOSG2, CSSO2G1, RGGI"
NY,Nassau Energy Corporation,52056,00004,NA,2019,8222,8206.18,324520.01,NA,3.717,0.0025,212647.212,0.0593,242.392,0.1358,3571380.24,Pipeline Natural Gas,Diesel Oil,Combined cycle,NA,Steam Injection,NA,NA,"CSNOX, CSOSG2, CSSO2G1, RGGI"
NY,Nassau Energy Corporation,52056,00004,NA,2020,4668,4644.63,141516.45,NA,0.605,0.0011,105527.713,0.0592,120.277,0.1356,1775502.244,Pipeline Natural Gas,Diesel Oil,Combined cycle,NA,Steam Injection,NA,NA,"CSNOX, CSOSG2, CSSO2G1, RGGI"
NY,Nassau Energy Corporation,52056,00004,NA,2021,7387,7363.11,247395.52,NA,1.718,0.0015,188349.458,0.0592,224.412,0.1419,3167354.219,Pipeline Natural Gas,Diesel Oil,Combined cycle,NA,Steam Injection,NA,NA,"CSNOX, CSOSG3, CSSO2G1, RGGI"
NY,Nassau Energy Corporation,52056,00004,NA,2022,3167,3166.82,106740.96,NA,0.411,0.001,81459.814,0.0592,145.441,0.2123,1370703.084,Pipeline Natural Gas,Diesel Oil,Combined cycle,NA,Steam Injection,NA,NA,"CSNOX, CSOSG3, CSSO2G1, RGGI"
NY,Riverbay Corp. - Co-Op City,52168,00001,NA,2008,5,2.5,NA,0,NA,NA,NA,NA,0.033,0.071,938.25,Pipeline Natural Gas,Residual Oil,Dry bottom wall-fired boiler,NA,Low NOx Burner Technology (Dry Bottom only),NA,NA,"CAIROS, NBP"
NY,Riverbay Corp. - Co-Op City,52168,00001,NA,2009,1921,1896.5,NA,153251.75,NA,NA,NA,NA,102.885,0.289,711756.45,Pipeline Natural Gas,Residual Oil,Dry bottom wall-fired boiler,NA,Low NOx Burner Technology (Dry Bottom only),NA,NA,CAIROS
NY,Riverbay Corp. - Co-Op City,52168,00001,NA,2010,1908,1896.25,NA,119494.25,NA,NA,NA,NA,12.362,0.1624,156170.875,Pipeline Natural Gas,Residual Oil,Dry bottom wall-fired boiler,NA,Low NOx Burner Technology (Dry Bottom only),NA,NA,CAIROS
NY,Riverbay Corp. - Co-Op City,52168,00001,NA,2011,1870,1857.5,NA,123132.25,NA,NA,NA,NA,22.109,0.2328,188654.375,Pipeline Natural Gas,Residual Oil,Dry bottom wall-fired boiler,NA,Low NOx Burner Technology (Dry Bottom only),NA,NA,CAIROS
NY,Riverbay Corp. - Co-Op City,52168,00001,NA,2012,2246,2236,NA,146274,NA,NA,NA,NA,27.896,0.2246,241105,Pipeline Natural Gas,Residual Oil,Dry bottom wall-fired boiler,NA,Low NOx Burner Technology (Dry Bottom only),NA,NA,CAIROS
NY,Riverbay Corp. - Co-Op City,52168,00001,NA,2013,462,458.25,NA,39344.25,NA,NA,NA,NA,8.297,0.2758,59851.1,Pipeline Natural Gas,Residual Oil,Dry bottom wall-fired boiler,NA,Low NOx Burner Technology (Dry Bottom only),NA,NA,CAIROS
NY,Riverbay Corp. - Co-Op City,52168,00001,NA,2014,2410,2403.25,NA,172020.75,NA,NA,NA,NA,11.669,0.1103,219426.45,Pipeline Natural Gas,Residual Oil,Dry bottom wall-fired boiler,NA,Low NOx Burner Technology (Dry Bottom only),NA,NA,CAIROS
NY,Riverbay Corp. - Co-Op City,52168,00001,NA,2015,3543,3540,NA,327456.25,NA,NA,NA,NA,13.265,0.0845,312848.55,Pipeline Natural Gas,Residual Oil,Dry bottom wall-fired boiler,NA,Low NOx Burner Technology (Dry Bottom only),NA,NA,SIPNOX
NY,Riverbay Corp. - Co-Op City,52168,00001,NA,2016,3295,3285.5,NA,286325,NA,NA,NA,NA,43.997,0.2022,406366.3,Pipeline Natural Gas,Residual Oil,Dry bottom wall-fired boiler,NA,Low NOx Burner Technology (Dry Bottom only),NA,NA,SIPNOX
NY,Riverbay Corp. - Co-Op City,52168,00001,NA,2017,3643,3639,NA,288698.25,NA,NA,NA,NA,25.237,0.1245,414736.225,Pipeline Natural Gas,Residual Oil,Dry bottom wall-fired boiler,NA,Low NOx Burner Technology (Dry Bottom only),NA,NA,SIPNOX
NY,Riverbay Corp. - Co-Op City,52168,00001,NA,2018,3095,3084,NA,307809,NA,NA,NA,NA,20.431,0.1016,403049.075,Pipeline Natural Gas,Residual Oil,Dry bottom wall-fired boiler,NA,Low NOx Burner Technology (Dry Bottom only),NA,NA,SIPNOX
NY,Riverbay Corp. - Co-Op City,52168,00001,NA,2019,2788,2775.5,NA,237234.75,NA,NA,NA,NA,11.784,0.076,311959.125,Pipeline Natural Gas,Residual Oil,Dry bottom wall-fired boiler,NA,Low NOx Burner Technology (Dry Bottom only),NA,NA,SIPNOX
NY,Riverbay Corp. - Co-Op City,52168,00001,NA,2020,3430,3425.75,NA,335579,NA,NA,NA,NA,17.032,0.0779,436872.075,Pipeline Natural Gas,Residual Oil,Dry bottom wall-fired boiler,NA,Low NOx Burner Technology (Dry Bottom only),NA,NA,SIPNOX
NY,Riverbay Corp. - Co-Op City,52168,00001,NA,2021,1591,1575.25,NA,86372,NA,NA,NA,NA,5.473,0.0931,117920.575,Pipeline Natural Gas,Residual Oil,Dry bottom wall-fired boiler,NA,Low NOx Burner Technology (Dry Bottom only),NA,NA,SIPNOX
NY,Riverbay Corp. - Co-Op City,52168,00001,NA,2022,1945,1935.25,NA,137068.75,NA,NA,NA,NA,8.234,0.088,184897.05,Pipeline Natural Gas,Residual Oil,Dry bottom wall-fired boiler,NA,Low NOx Burner Technology (Dry Bottom only),NA,NA,SIPNOX
NY,Riverbay Corp. - Co-Op City,52168,00001,NA,2023,2277,2267.25,NA,186962.25,NA,NA,NA,NA,13.369,0.1063,249732.05,Pipeline Natural Gas,Residual Oil,Dry bottom wall-fired boiler,NA,Low NOx Burner Technology (Dry Bottom only),NA,NA,SIPNOX
NY,Riverbay Corp. - Co-Op City,52168,00001,NA,2024,2235,2232.25,NA,157208.75,NA,NA,NA,NA,8.788,0.0837,210087.175,Pipeline Natural Gas,Residual Oil,Dry bottom wall-fired boiler,NA,Low NOx Burner Technology (Dry Bottom only),NA,NA,SIPNOX
NY,Riverbay Corp. - Co-Op City,52168,00002,NA,2008,2813,2807.25,NA,308435.75,NA,NA,NA,NA,152.293,0.289,1053560.925,Pipeline Natural Gas,Residual Oil,Dry bottom wall-fired boiler,NA,Low NOx Burner Technology (Dry Bottom only),NA,NA,"CAIROS, NBP"
NY,Riverbay Corp. - Co-Op City,52168,00002,NA,2009,2166,2151.25,NA,188595,NA,NA,NA,NA,116.705,0.289,807364.125,Pipeline Natural Gas,Residual Oil,Dry bottom wall-fired boiler,NA,Low NOx Burner Technology (Dry Bottom only),NA,NA,CAIROS
NY,Riverbay Corp. - Co-Op City,52168,00002,NA,2010,1281,1263,NA,62589.5,NA,NA,NA,NA,68.518,0.289,474003.9,Pipeline Natural Gas,Residual Oil,Dry bottom wall-fired boiler,NA,Low NOx Burner Technology (Dry Bottom only),NA,NA,CAIROS
NY,Riverbay Corp. - Co-Op City,52168,00002,NA,2011,1171,1149,NA,69755,NA,NA,NA,NA,6.962,0.1299,103730.075,Pipeline Natural Gas,Residual Oil,Dry bottom wall-fired boiler,NA,Low NOx Burner Technology (Dry Bottom only),NA,NA,CAIROS
NY,Riverbay Corp. - Co-Op City,52168,00002,NA,2012,1267,1259.25,NA,69417,NA,NA,NA,NA,7.546,0.1466,102695.6,Pipeline Natural Gas,Residual Oil,Dry bottom wall-fired boiler,NA,Low NOx Burner Technology (Dry Bottom only),NA,NA,CAIROS
NY,Riverbay Corp. - Co-Op City,52168,00002,NA,2013,3198,3190.75,NA,177743,NA,NA,NA,NA,28.616,0.2198,265279.725,Pipeline Natural Gas,Residual Oil,Dry bottom wall-fired boiler,NA,Low NOx Burner Technology (Dry Bottom only),NA,NA,CAIROS
NY,Riverbay Corp. - Co-Op City,52168,00002,NA,2014,963,957,NA,42775.25,NA,NA,NA,NA,3.961,0.1201,67324.6,Pipeline Natural Gas,Residual Oil,Dry bottom wall-fired boiler,NA,Low NOx Burner Technology (Dry Bottom only),NA,NA,CAIROS
NY,Riverbay Corp. - Co-Op City,52168,00002,NA,2015,0,0,NA,NA,NA,NA,NA,NA,NA,NA,NA,Pipeline Natural Gas,Residual Oil,Dry bottom wall-fired boiler,NA,Low NOx Burner Technology (Dry Bottom only),NA,NA,NA
NY,Riverbay Corp. - Co-Op City,52168,00002,NA,2016,0,0,NA,NA,NA,NA,NA,NA,NA,NA,NA,Pipeline Natural Gas,Residual Oil,Dry bottom wall-fired boiler,NA,Low NOx Burner Technology (Dry Bottom only),NA,NA,NA
NY,Riverbay Corp. - Co-Op City,52168,00004,NA,2010,2519,2505.5,25604,NA,NA,NA,NA,NA,1.063,0.0085,261356.35,Pipeline Natural Gas,Diesel Oil,Combined cycle,NA,Dry Low NOx Burners|Selective Catalytic Reduction,NA,NA,CAIROS
NY,Riverbay Corp. - Co-Op City,52168,00004,NA,2011,1979,1976.5,18788.25,NA,NA,NA,NA,NA,0.672,0.006,230137.075,Pipeline Natural Gas,Diesel Oil,Combined cycle,NA,Dry Low NOx Burners|Selective Catalytic Reduction,NA,NA,CAIROS
NY,Riverbay Corp. - Co-Op City,52168,00004,NA,2012,2296,2278.25,24264.25,NA,NA,NA,NA,NA,56.714,0.4053,277738.125,Pipeline Natural Gas,Diesel Oil,Combined cycle,NA,Dry Low NOx Burners|Selective Catalytic Reduction,NA,NA,CAIROS
NY,Riverbay Corp. - Co-Op City,52168,00004,NA,2013,2378,2369.75,26747.75,NA,NA,NA,NA,NA,86.38,0.5669,311716.35,Pipeline Natural Gas,Diesel Oil,Combined cycle,NA,Dry Low NOx Burners|Selective Catalytic Reduction,NA,NA,CAIROS
NY,Riverbay Corp. - Co-Op City,52168,00004,NA,2014,1426,1412.75,14644.5,NA,NA,NA,NA,NA,3.068,0.0394,170642.35,Pipeline Natural Gas,Diesel Oil,Combined cycle,NA,Dry Low NOx Burners|Selective Catalytic Reduction,NA,NA,CAIROS
NY,Riverbay Corp. - Co-Op City,52168,00004,NA,2015,1878,1864,19813,NA,NA,NA,NA,NA,0.935,0.0086,224107.475,Pipeline Natural Gas,Diesel Oil,Combined cycle,NA,Dry Low NOx Burners|Selective Catalytic Reduction,NA,NA,SIPNOX
NY,Riverbay Corp. - Co-Op City,52168,00004,NA,2016,1679,1666,19377.75,NA,NA,NA,NA,NA,54.521,0.4945,205182.2,Pipeline Natural Gas,Diesel Oil,Combined cycle,NA,Dry Low NOx Burners|Selective Catalytic Reduction,NA,NA,SIPNOX
NY,Riverbay Corp. - Co-Op City,52168,00004,NA,2017,1279,1267.5,14783.75,NA,NA,NA,NA,NA,0.602,0.0078,163878.125,Pipeline Natural Gas,Diesel Oil,Combined cycle,NA,Dry Low NOx Burners|Selective Catalytic Reduction,NA,NA,SIPNOX
NY,Riverbay Corp. - Co-Op City,52168,00004,NA,2018,1618,1601.25,18588.75,NA,NA,NA,NA,NA,0.8,0.0079,211507.8,Pipeline Natural Gas,Diesel Oil,Combined cycle,NA,Dry Low NOx Burners|Selective Catalytic Reduction,NA,NA,SIPNOX
NY,Riverbay Corp. - Co-Op City,52168,00004,NA,2019,1820,1807.75,20755,NA,NA,NA,NA,NA,1.166,0.0103,233919.5,Pipeline Natural Gas,Diesel Oil,Combined cycle,NA,Dry Low NOx Burners|Selective Catalytic Reduction,NA,NA,SIPNOX
NY,Riverbay Corp. - Co-Op City,52168,00004,NA,2020,2135,2116.75,24192.25,NA,NA,NA,NA,NA,0.539,0.0041,273961.45,Pipeline Natural Gas,Diesel Oil,Combined cycle,NA,Dry Low NOx Burners|Selective Catalytic Reduction,NA,NA,SIPNOX
NY,Riverbay Corp. - Co-Op City,52168,00004,NA,2021,3548,3528.5,35857.75,NA,NA,NA,NA,NA,1.436,0.0082,430926.075,Pipeline Natural Gas,Diesel Oil,Combined cycle,NA,Dry Low NOx Burners|Selective Catalytic Reduction,NA,NA,SIPNOX
NY,Riverbay Corp. - Co-Op City,52168,00004,NA,2022,2319,2303,26060,NA,NA,NA,NA,NA,4.083,0.028,303574.1,Pipeline Natural Gas,Diesel Oil,Combined cycle,NA,Dry Low NOx Burners|Selective Catalytic Reduction,NA,NA,SIPNOX
NY,Riverbay Corp. - Co-Op City,52168,00004,NA,2023,2511,2501.5,28177.5,NA,NA,NA,NA,NA,2.583,0.0154,323851.8,Pipeline Natural Gas,Diesel Oil,Combined cycle,NA,Dry Low NOx Burners|Selective Catalytic Reduction,NA,NA,SIPNOX
NY,Riverbay Corp. - Co-Op City,52168,00004,NA,2024,3444,3432.25,41395.75,NA,NA,NA,NA,NA,7.605,0.0312,508539.775,Pipeline Natural Gas,Diesel Oil,Combined cycle,NA,Dry Low NOx Burners|Selective Catalytic Reduction,NA,NA,SIPNOX
NY,Riverbay Corp. - Co-Op City,52168,00006,NA,2010,682,660,6169.25,NA,NA,NA,NA,NA,0.196,0.0078,63121.9,Pipeline Natural Gas,Diesel Oil,Combined cycle,NA,Dry Low NOx Burners|Selective Catalytic Reduction,NA,NA,CAIROS
NY,Riverbay Corp. - Co-Op City,52168,00006,NA,2011,3219,3204.75,33252,NA,NA,NA,NA,NA,1.14,0.0065,374778.125,Pipeline Natural Gas,Diesel Oil,Combined cycle,NA,Dry Low NOx Burners|Selective Catalytic Reduction,NA,NA,CAIROS
NY,Riverbay Corp. - Co-Op City,52168,00006,NA,2012,1337,1325.25,13298,NA,NA,NA,NA,NA,28.031,0.3652,156887.525,Pipeline Natural Gas,Diesel Oil,Combined cycle,NA,Dry Low NOx Burners|Selective Catalytic Reduction,NA,NA,CAIROS
NY,Riverbay Corp. - Co-Op City,52168,00006,NA,2013,1449,1439.25,16326,NA,NA,NA,NA,NA,30.896,0.3517,198649.5,Pipeline Natural Gas,Diesel Oil,Combined cycle,NA,Dry Low NOx Burners|Selective Catalytic Reduction,NA,NA,CAIROS
NY,Riverbay Corp. - Co-Op City,52168,00006,NA,2014,2213,2197.25,24223.25,NA,NA,NA,NA,NA,1.001,0.0078,274175.15,Pipeline Natural Gas,Diesel Oil,Combined cycle,NA,Dry Low NOx Burners|Selective Catalytic Reduction,NA,NA,CAIROS
NY,Riverbay Corp. - Co-Op City,52168,00006,NA,2015,1646,1633.75,17746.75,NA,NA,NA,NA,NA,4.61,0.0458,202922.8,Pipeline Natural Gas,Diesel Oil,Combined cycle,NA,Dry Low NOx Burners|Selective Catalytic Reduction,NA,NA,SIPNOX
NY,Riverbay Corp. - Co-Op City,52168,00006,NA,2016,1805,1790.25,19345,NA,NA,NA,NA,NA,71.032,0.6117,236098.05,Pipeline Natural Gas,Diesel Oil,Combined cycle,NA,Dry Low NOx Burners|Selective Catalytic Reduction,NA,NA,SIPNOX
NY,Riverbay Corp. - Co-Op City,52168,00006,NA,2017,1976,1963.5,23184.25,NA,NA,NA,NA,NA,71.717,0.5661,259067.525,Pipeline Natural Gas,Diesel Oil,Combined cycle,NA,Dry Low NOx Burners|Selective Catalytic Reduction,NA,NA,SIPNOX
NY,Riverbay Corp. - Co-Op City,52168,00006,NA,2018,2004,1993.75,23481,NA,NA,NA,NA,NA,57.564,0.434,264828.875,Pipeline Natural Gas,Diesel Oil,Combined cycle,NA,Dry Low NOx Burners|Selective Catalytic Reduction,NA,NA,SIPNOX
NY,Riverbay Corp. - Co-Op City,52168,00006,NA,2019,2465,2455.25,29062.25,NA,NA,NA,NA,NA,6.687,0.0435,328231.95,Pipeline Natural Gas,Diesel Oil,Combined cycle,NA,Dry Low NOx Burners|Selective Catalytic Reduction,NA,NA,SIPNOX
NY,Riverbay Corp. - Co-Op City,52168,00006,NA,2020,2598,2585.5,30375.5,NA,NA,NA,NA,NA,1.804,0.0114,357555.075,Pipeline Natural Gas,Diesel Oil,Combined cycle,NA,Dry Low NOx Burners|Selective Catalytic Reduction,NA,NA,SIPNOX
NY,Riverbay Corp. - Co-Op City,52168,00006,NA,2021,3169,3151,33966,NA,NA,NA,NA,NA,5.307,0.0285,420995.25,Pipeline Natural Gas,Diesel Oil,Combined cycle,NA,Dry Low NOx Burners|Selective Catalytic Reduction,NA,NA,SIPNOX
NY,Riverbay Corp. - Co-Op City,52168,00006,NA,2022,2633,2622.25,31356.75,NA,NA,NA,NA,NA,0.611,0.0035,371643.925,Pipeline Natural Gas,Diesel Oil,Combined cycle,NA,Dry Low NOx Burners|Selective Catalytic Reduction,NA,NA,SIPNOX
NY,Riverbay Corp. - Co-Op City,52168,00006,NA,2023,2277,2270.75,26900.5,NA,NA,NA,NA,NA,0.562,0.0037,307709.025,Pipeline Natural Gas,Diesel Oil,Combined cycle,NA,Dry Low NOx Burners|Selective Catalytic Reduction,NA,NA,SIPNOX
NY,Riverbay Corp. - Co-Op City,52168,00006,NA,2024,0,0,NA,NA,NA,NA,NA,NA,NA,NA,NA,Pipeline Natural Gas,Diesel Oil,Combined cycle,NA,Dry Low NOx Burners|Selective Catalytic Reduction,NA,NA,SIPNOX
NY,Riverbay Corp. - Co-Op City,52168,0003HP,NA,2010,3490,3487.5,NA,323701,NA,NA,NA,NA,14.011,0.041,680642.5,Pipeline Natural Gas,Diesel Oil,Other boiler,NA,Low NOx Burner Technology (Dry Bottom only),NA,NA,CAIROS
NY,Riverbay Corp. - Co-Op City,52168,0003HP,NA,2011,2231,2228.25,NA,188942,NA,NA,NA,NA,5.809,0.0407,306870.6,Pipeline Natural Gas,Diesel Oil,Other boiler,NA,Low NOx Burner Technology (Dry Bottom only),NA,NA,CAIROS
NY,Riverbay Corp. - Co-Op City,52168,0003HP,NA,2012,2389,2375,NA,195852.5,NA,NA,NA,NA,21.95,0.1468,283637.35,Pipeline Natural Gas,Diesel Oil,Other boiler,NA,Low NOx Burner Technology (Dry Bottom only),NA,NA,CAIROS
NY,Riverbay Corp. - Co-Op City,52168,0003HP,NA,2013,2449,2420.5,NA,204750.5,NA,NA,NA,NA,19.1,0.1446,275813.825,Pipeline Natural Gas,Diesel Oil,Other boiler,NA,Low NOx Burner Technology (Dry Bottom only),NA,NA,CAIROS
NY,Riverbay Corp. - Co-Op City,52168,0003HP,NA,2014,3050,3035.75,NA,256767.75,NA,NA,NA,NA,6.344,0.0326,394454.95,Pipeline Natural Gas,Diesel Oil,Other boiler,NA,Low NOx Burner Technology (Dry Bottom only),NA,NA,CAIROS
NY,Riverbay Corp. - Co-Op City,52168,0003HP,NA,2015,2497,2473,NA,212508.25,NA,NA,NA,NA,5.117,0.0317,333376.9,Pipeline Natural Gas,Diesel Oil,Other boiler,NA,Low NOx Burner Technology (Dry Bottom only),NA,NA,SIPNOX
NY,Riverbay Corp. - Co-Op City,52168,0003HP,NA,2016,3242,3231.5,NA,234142.25,NA,NA,NA,NA,15.406,0.0753,372515.325,Pipeline Natural Gas,Diesel Oil,Other boiler,NA,Low NOx Burner Technology (Dry Bottom only),NA,NA,SIPNOX
NY,Riverbay Corp. - Co-Op City,52168,0003HP,NA,2017,2259,2241,NA,140809,NA,NA,NA,NA,4.624,0.0422,234892.425,Pipeline Natural Gas,Diesel Oil,Other boiler,NA,Low NOx Burner Technology (Dry Bottom only),NA,NA,SIPNOX
NY,Riverbay Corp. - Co-Op City,52168,0003HP,NA,2018,3598,3593.25,NA,212826,NA,NA,NA,NA,5.771,0.036,321724.425,Pipeline Natural Gas,Diesel Oil,Other boiler,NA,Low NOx Burner Technology (Dry Bottom only),NA,NA,SIPNOX
NY,Riverbay Corp. - Co-Op City,52168,0003HP,NA,2019,3172,3115.5,NA,176908.25,NA,NA,NA,NA,6.562,0.0483,272162.3,Pipeline Natural Gas,Diesel Oil,Other boiler,NA,Low NOx Burner Technology (Dry Bottom only),NA,NA,SIPNOX
NY,Riverbay Corp. - Co-Op City,52168,0003HP,NA,2020,3369,3358.5,NA,229701,NA,NA,NA,NA,6.326,0.0439,307856.825,Pipeline Natural Gas,Diesel Oil,Other boiler,NA,Low NOx Burner Technology (Dry Bottom only),NA,NA,SIPNOX
NY,Riverbay Corp. - Co-Op City,52168,0003HP,NA,2021,1009,992.25,NA,51632.25,NA,NA,NA,NA,1.223,0.0367,71074.7,Pipeline Natural Gas,Diesel Oil,Other boiler,NA,Low NOx Burner Technology (Dry Bottom only),NA,NA,SIPNOX
NY,Riverbay Corp. - Co-Op City,52168,0003HP,NA,2022,1756,1748.75,NA,138095.75,NA,NA,NA,NA,3.303,0.033,200467.95,Pipeline Natural Gas,Diesel Oil,Other boiler,NA,Low NOx Burner Technology (Dry Bottom only),NA,NA,SIPNOX
NY,Riverbay Corp. - Co-Op City,52168,0003HP,NA,2023,2528,2510.75,NA,202649.25,NA,NA,NA,NA,5.087,0.0351,287881.975,Pipeline Natural Gas,Diesel Oil,Other boiler,NA,Low NOx Burner Technology (Dry Bottom only),NA,NA,SIPNOX
NY,Riverbay Corp. - Co-Op City,52168,0003HP,NA,2024,2366,2359.25,NA,171441.75,NA,NA,NA,NA,3.379,0.028,242504.825,Pipeline Natural Gas,Diesel Oil,Other boiler,NA,Low NOx Burner Technology (Dry Bottom only),NA,NA,SIPNOX
NY,Riverbay Corp. - Co-Op City,52168,HPB02,NA,2021,667,654.25,NA,30786.5,NA,NA,NA,NA,1.593,0.0714,46701.8,Pipeline Natural Gas,Diesel Oil,Other boiler,NA,NA,NA,NA,SIPNOX
NY,Riverbay Corp. - Co-Op City,52168,HPB02,NA,2022,1209,1195.25,NA,155318.5,NA,NA,NA,NA,6.137,0.0555,218937.625,Pipeline Natural Gas,Diesel Oil,Other boiler,NA,NA,NA,NA,SIPNOX
NY,Riverbay Corp. - Co-Op City,52168,HPB02,NA,2023,692,688.25,NA,73378,NA,NA,NA,NA,2.772,0.0533,102960.15,Pipeline Natural Gas,Diesel Oil,Other boiler,NA,NA,NA,NA,SIPNOX
NY,Riverbay Corp. - Co-Op City,52168,HPB02,NA,2024,1291,1274.75,NA,139112.5,NA,NA,NA,NA,7.327,0.0849,166525.375,Pipeline Natural Gas,Diesel Oil,Other boiler,NA,NA,NA,NA,SIPNOX
NY,Rensselaer Cogen,54034,1GTDBS,NA,1999,2466,2352,150917.75,NA,NA,NA,NA,NA,26.062,0.0526,1477810.175,"Natural Gas, Pipeline Natural Gas",Diesel Oil,Combined cycle,NA,Selective Catalytic Reduction|Steam Injection,NA,NA,OTC
NY,Rensselaer Cogen,54034,1GTDBS,NA,2000,3520,3393.25,223471.75,NA,NA,NA,NA,NA,43.099,0.052,2198604.1,"Natural Gas, Pipeline Natural Gas",Diesel Oil,Combined cycle,NA,Selective Catalytic Reduction|Steam Injection,NA,NA,OTC
NY,Rensselaer Cogen,54034,1GTDBS,NA,2001,2836,2744.34,184433.63,NA,2.097,0.0026,99711.169,0.059,26.034,0.0377,1793628.645,"Natural Gas, Pipeline Natural Gas",Diesel Oil,Combined cycle,NA,Selective Catalytic Reduction|Steam Injection,NA,NA,"ARP, OTC"
NY,Rensselaer Cogen,54034,1GTDBS,NA,2002,2588,2475.19,171469.15,NA,2.015,0.0026,95788.77,0.0591,24.852,0.0418,1611781.979,Natural Gas,Diesel Oil,Combined cycle,NA,Selective Catalytic Reduction|Steam Injection,NA,NA,"ARP, OTC"
NY,Rensselaer Cogen,54034,1GTDBS,NA,2003,714,666.74,41957.62,NA,1.107,0.0056,25515.61,0.0604,8.879,0.0604,420403.346,Natural Gas,Diesel Oil,Combined cycle,NA,Selective Catalytic Reduction|Steam Injection,NA,NA,"ARP, NBP"
NY,Rensselaer Cogen,54034,1GTDBS,NA,2004,71,64.97,3348.63,NA,0.046,0.0026,2165.388,0.0591,0.81,0.0705,36448.132,Natural Gas,Diesel Oil,Combined cycle,NA,Selective Catalytic Reduction|Steam Injection,NA,NA,"ARP, NBP"
NY,Rensselaer Cogen,54034,1GTDBS,NA,2005,366,333.05,15598.55,NA,0.221,0.0026,10512.06,0.0591,2.761,0.0416,176877.159,Natural Gas,Diesel Oil,Combined cycle,NA,Selective Catalytic Reduction|Steam Injection,NA,NA,"ARP, NBP"
NY,Rensselaer Cogen,54034,1GTDBS,NA,2006,123,114.51,6279.5,NA,0.085,0.0026,4029.566,0.0591,1.248,0.0562,67807.169,Natural Gas,Diesel Oil,Combined cycle,NA,Selective Catalytic Reduction|Steam Injection,NA,NA,"ARP, NBP"
NY,Rensselaer Cogen,54034,1GTDBS,NA,2007,266,257.52,14953.08,NA,0.196,0.0026,9326.944,0.0591,2.745,0.0489,156951.692,Natural Gas,Diesel Oil,Combined cycle,NA,Selective Catalytic Reduction|Steam Injection,NA,NA,"ARP, NBP"
NY,Rensselaer Cogen,54034,1GTDBS,NA,2008,88,79.34,4935.08,NA,0.013,0.001,2665.171,0.0591,0.809,0.0611,44842.315,Pipeline Natural Gas,Diesel Oil,Combined cycle,NA,Selective Catalytic Reduction|Steam Injection,NA,NA,"ARP, CAIRNOX, CAIROS, NBP"
NY,Rensselaer Cogen,54034,1GTDBS,NA,2009,40,35.03,1972.83,NA,0.006,0.001,1110.841,0.0592,0.519,0.0933,18690.915,Pipeline Natural Gas,Diesel Oil,Combined cycle,NA,Selective Catalytic Reduction|Steam Injection,NA,NA,"ARP, CAIRNOX, CAIROS, CAIRSO2, RGGI"
NY,Rensselaer Cogen,54034,1GTDBS,NA,2010,434,402.18,27366.78,NA,0.074,0.001,14667.449,0.0591,4.302,0.0503,246820.507,Pipeline Natural Gas,Diesel Oil,Combined cycle,NA,Selective Catalytic Reduction|Steam Injection,NA,NA,"ARP, CAIRNOX, CAIROS, CAIRSO2, RGGI"
NY,Rensselaer Cogen,54034,1GTDBS,NA,2011,145,136.03,8746.95,NA,0.024,0.001,4733.347,0.0591,1.357,0.0507,79653.253,Pipeline Natural Gas,Diesel Oil,Combined cycle,NA,Selective Catalytic Reduction|Steam Injection,NA,NA,"ARP, CAIRNOX, CAIROS, CAIRSO2, RGGI"
NY,Rensselaer Cogen,54034,1GTDBS,NA,2012,1027,978.4,70125.91,NA,0.186,0.001,36913.728,0.0591,9.502,0.042,621147.943,Pipeline Natural Gas,Diesel Oil,Combined cycle,NA,Selective Catalytic Reduction|Steam Injection,NA,NA,"ARP, CAIRNOX, CAIROS, CAIRSO2, RGGI"
NY,Rensselaer Cogen,54034,1GTDBS,NA,2013,1138,1100.37,82593.46,NA,0.219,0.001,43322.355,0.059,10.575,0.0387,728962.604,Pipeline Natural Gas,Diesel Oil,Combined cycle,NA,Selective Catalytic Reduction|Steam Injection,NA,NA,"ARP, CAIRNOX, CAIROS, CAIRSO2, RGGI"
NY,Rensselaer Cogen,54034,1GTDBS,NA,2014,685,658.41,48125.59,NA,0.126,0.001,25013.529,0.0591,6.439,0.0433,420901.917,Pipeline Natural Gas,Diesel Oil,Combined cycle,NA,Selective Catalytic Reduction|Steam Injection,NA,NA,"ARP, CAIRNOX, CAIROS, CAIRSO2, RGGI"
NY,Rensselaer Cogen,54034,1GTDBS,NA,2015,657,627.45,44287.11,NA,0.117,0.001,23239.814,0.0591,5.957,0.044,391050.274,Pipeline Natural Gas,Diesel Oil,Combined cycle,NA,Selective Catalytic Reduction|Steam Injection,NA,NA,"ARP, CSNOX, CSNOXOS, CSSO2G1, RGGI"
NY,Rensselaer Cogen,54034,1GTDBS,NA,2016,492,462.64,31052.4,NA,0.084,0.001,16625.721,0.0591,4.528,0.0477,279764.708,Pipeline Natural Gas,Diesel Oil,Combined cycle,NA,Selective Catalytic Reduction|Steam Injection,NA,NA,"ARP, CSNOX, CSNOXOS, CSSO2G1, RGGI"
NY,Rensselaer Cogen,54034,1GTDBS,NA,2017,104,99.07,6099.79,NA,0.017,0.001,3290.869,0.0591,0.966,0.053,55382.971,Pipeline Natural Gas,Diesel Oil,Combined cycle,NA,Selective Catalytic Reduction|Steam Injection,NA,NA,"ARP, CSNOX, CSOSG2, CSSO2G1, RGGI"
NY,Rensselaer Cogen,54034,1GTDBS,NA,2018,73,67.38,4216.36,NA,0.012,0.001,2310.867,0.0591,0.75,0.0655,38892.857,Pipeline Natural Gas,Diesel Oil,Combined cycle,NA,Selective Catalytic Reduction|Steam Injection,NA,NA,"ARP, CSNOX, CSOSG2, CSSO2G1, RGGI"
NY,Rensselaer Cogen,54034,1GTDBS,NA,2019,52,48.02,3466.1,NA,0.009,0.001,1824.405,0.0601,0.527,0.0496,30699.642,Pipeline Natural Gas,Diesel Oil,Combined cycle,NA,Selective Catalytic Reduction|Steam Injection,NA,NA,"ARP, CSNOX, CSOSG2, CSSO2G1, RGGI"
NY,Rensselaer Cogen,54034,1GTDBS,NA,2020,70,67.11,4819.96,NA,0.013,0.001,2559.018,0.059,0.782,0.0545,43062.602,Pipeline Natural Gas,Diesel Oil,Combined cycle,NA,Selective Catalytic Reduction|Steam Injection,NA,NA,"ARP, CSNOX, CSOSG2, CSSO2G1, RGGI"
NY,Rensselaer Cogen,54034,1GTDBS,NA,2021,508,488.9,34788.43,NA,0.093,0.001,18455.017,0.0591,4.82,0.0453,310544.907,Pipeline Natural Gas,Diesel Oil,Combined cycle,NA,Selective Catalytic Reduction|Steam Injection,NA,NA,"ARP, CSNOX, CSOSG3, CSSO2G1, RGGI"
NY,Rensselaer Cogen,54034,1GTDBS,NA,2022,1033,1006.94,71157.17,NA,0.189,0.001,37402.042,0.0591,9.522,0.0409,629363.328,Pipeline Natural Gas,Diesel Oil,Combined cycle,NA,Selective Catalytic Reduction|Steam Injection,NA,NA,"ARP, CSNOX, CSOSG3, CSSO2G1, RGGI"
NY,Rensselaer Cogen,54034,1GTDBS,NA,2023,380,365.09,24664.01,NA,0.066,0.001,13079,0.0593,3.426,0.0444,220036.203,Pipeline Natural Gas,Diesel Oil,Combined cycle,NA,Selective Catalytic Reduction|Steam Injection,NA,NA,"ARP, CSNOX, CSOSG3, CSSO2G1, RGGI"
NY,Rensselaer Cogen,54034,1GTDBS,NA,2024,280,269.51,18863.69,NA,0.05,0.001,9844.187,0.0591,2.806,0.0475,165649.77,Pipeline Natural Gas,Diesel Oil,Combined cycle,NA,Selective Catalytic Reduction|Steam Injection,NA,NA,"ARP, CSNOX, CSOSG2E, CSSO2G1, RGGI"
NY,Lockport,54041,011854,"MS1A, MS1B",1999,6517,6514,221447.5,0,0,0,0,0,201.578,0.14,2881348.675,Pipeline Natural Gas,Diesel Oil,Combined cycle,NA,Steam Injection,NA,NA,OTC
NY,Lockport,54041,011854,"MS1A, MS1B",2000,8355,8347.25,297301.25,0,0,0,0,0,257.372,0.1344,3882931.6,Pipeline Natural Gas,Diesel Oil,Combined cycle,NA,Steam Injection,NA,NA,OTC
NY,Lockport,54041,011854,"MS1A, MS1B",2001,8512,8502.75,307414.5,0,0,0,0,0,266.944,0.1372,3950524,Pipeline Natural Gas,Diesel Oil,Combined cycle,NA,Steam Injection,NA,NA,OTC
NY,Lockport,54041,011854,NA,2002,8192,8188,312145.25,NA,0,0,0,0,271.655,0.1392,3936052.1,Pipeline Natural Gas,Diesel Oil,Combined cycle,NA,Steam Injection,NA,NA,OTC
NY,Lockport,54041,011854,NA,2003,7964,7953.75,319401.75,NA,NA,NA,NA,NA,266.353,0.1392,3929408.875,Pipeline Natural Gas,Diesel Oil,Combined cycle,NA,Steam Injection,NA,NA,NBP
NY,Lockport,54041,011854,NA,2004,7328,7312.5,285940,NA,NA,NA,NA,NA,248.211,0.1474,3476195.25,Pipeline Natural Gas,Diesel Oil,Combined cycle,NA,Steam Injection,NA,NA,NBP
NY,Lockport,54041,011854,NA,2005,6219,6211,242641.25,NA,NA,NA,NA,NA,171.545,0.1155,3050409.775,Pipeline Natural Gas,Diesel Oil,Combined cycle,NA,Steam Injection,NA,NA,NBP
NY,Lockport,54041,011854,NA,2006,2854,2845,100062.5,NA,NA,NA,NA,NA,75.865,0.1198,1303792.975,Pipeline Natural Gas,Diesel Oil,Combined cycle,NA,Steam Injection,NA,NA,NBP
NY,Lockport,54041,011854,NA,2007,4384,4372.75,167417,NA,NA,NA,NA,NA,126.305,0.1224,2123976,Pipeline Natural Gas,Diesel Oil,Combined cycle,NA,Steam Injection,NA,NA,"ARP, NBP"
NY,Lockport,54041,011854,NA,2008,100,94.25,3149.5,NA,0.012,9e-4,2346.35,0.0593,4.775,0.2858,39480.9,Pipeline Natural Gas,Diesel Oil,Combined cycle,NA,Steam Injection,NA,NA,"ARP, CAIRNOX, CAIROS, NBP"
NY,Lockport,54041,011854,NA,2009,95,86.75,3117,NA,0.013,9e-4,2433.075,0.0592,4.369,0.2666,40939.275,Pipeline Natural Gas,Diesel Oil,Combined cycle,NA,Steam Injection,NA,NA,"ARP, CAIRNOX, CAIROS, CAIRSO2, RGGI"
NY,Lockport,54041,011854,NA,2010,350,343.75,11542,NA,0.046,9e-4,9110.675,0.0592,12.44,0.1773,153303.225,Pipeline Natural Gas,Diesel Oil,Combined cycle,NA,Steam Injection,NA,NA,"ARP, CAIRNOX, CAIROS, CAIRSO2, RGGI"
NY,Lockport,54041,011854,NA,2011,413,407,14954.25,NA,0.062,0.001,11428.075,0.0592,13.847,0.1468,192296.425,Pipeline Natural Gas,Diesel Oil,Combined cycle,NA,Steam Injection,NA,NA,"ARP, CAIRNOX, CAIROS, CAIRSO2, RGGI"
NY,Lockport,54041,011854,NA,2012,2037,2026.5,75129,NA,0.283,9e-4,56434.25,0.0591,51.628,0.1114,949655.375,Pipeline Natural Gas,Diesel Oil,Combined cycle,NA,Steam Injection,NA,NA,"ARP, CAIRNOX, CAIROS, CAIRSO2, RGGI"
NY,Lockport,54041,011854,NA,2013,2963,2925,115281.25,NA,0.416,0.001,82882.275,0.0592,98.234,0.1446,1394672.2,Pipeline Natural Gas,Diesel Oil,Combined cycle,NA,Steam Injection,NA,NA,"ARP, CAIRNOX, CAIROS, CAIRSO2, RGGI"
NY,Lockport,54041,011854,NA,2014,2380,2327.5,92895.75,NA,0.353,0.001,68603.725,0.0591,80.457,0.1444,1154400.9,Pipeline Natural Gas,Diesel Oil,Combined cycle,NA,Steam Injection,NA,NA,"ARP, CAIRNOX, CAIROS, CAIRSO2, RGGI"
NY,Lockport,54041,011854,NA,2015,1804,1715.75,66319.25,NA,0.253,0.001,49575.075,0.0592,59.734,0.1481,834182.125,Pipeline Natural Gas,Diesel Oil,Combined cycle,NA,Steam Injection,NA,NA,"ARP, CSNOX, CSNOXOS, CSSO2G1, RGGI"
NY,Lockport,54041,011854,NA,2016,3911,3764.25,140601.5,NA,0.615,0.0016,102099.525,0.0592,111.99,0.1374,1717993.2,Pipeline Natural Gas,Diesel Oil,Combined cycle,NA,Steam Injection,NA,NA,"ARP, CSNOX, CSNOXOS, CSSO2G1, RGGI"
NY,Lockport,54041,011854,NA,2017,943,898.96,33692.64,NA,0.114,8e-4,21333.812,0.0589,35.181,0.1794,359032.342,Pipeline Natural Gas,Diesel Oil,Combined cycle,NA,Steam Injection,NA,NA,"ARP, CSNOX, CSOSG2, CSSO2G1, RGGI"
NY,Lockport,54041,011854,NA,2018,2907,2763.15,103884.06,NA,0.411,0.001,79439.573,0.0591,82.339,0.1266,1336497.481,Pipeline Natural Gas,Diesel Oil,Combined cycle,NA,Steam Injection,NA,NA,"ARP, CSNOX, CSOSG2, CSSO2G1, RGGI"
NY,Lockport,54041,011854,NA,2019,1393,1311.51,49182.66,NA,0.195,0.001,38221.795,0.0591,38.506,0.1226,643046.904,Pipeline Natural Gas,Diesel Oil,Combined cycle,NA,Steam Injection,NA,NA,"ARP, CSNOX, CSOSG2, CSSO2G1, RGGI"
NY,Lockport,54041,011854,NA,2020,1210,1165.1,42406.56,NA,0.165,9e-4,33361.919,0.0591,26.589,0.0981,561458.401,Pipeline Natural Gas,Diesel Oil,Combined cycle,NA,Steam Injection,NA,NA,"ARP, CSNOX, CSOSG2, CSSO2G1, RGGI"
NY,Lockport,54041,011854,NA,2021,349,330.93,13184.62,NA,0.052,0.001,10435.498,0.0591,9.606,0.1138,175651.432,Pipeline Natural Gas,Diesel Oil,Combined cycle,NA,Steam Injection,NA,NA,"ARP, CSNOX, CSOSG3, CSSO2G1, RGGI"
NY,Lockport,54041,011854,NA,2022,1274,1251.74,53016.64,NA,0.215,0.001,42513.484,0.0591,41.232,0.117,715364.556,Pipeline Natural Gas,Diesel Oil,Combined cycle,NA,Steam Injection,NA,NA,"ARP, CSNOX, CSOSG3, CSSO2G1, RGGI"
NY,Lockport,54041,011854,NA,2023,608,595.42,23706.18,NA,0.093,0.001,18833.61,0.0592,16.753,0.1081,316903.459,Pipeline Natural Gas,Diesel Oil,Combined cycle,NA,Steam Injection,NA,NA,"ARP, CSNOX, CSOSG3, CSSO2G1, RGGI"
NY,Lockport,54041,011854,NA,2024,1193,1164.85,47618.05,NA,0.181,0.001,36598.671,0.0591,34.697,0.1142,615831.943,Pipeline Natural Gas,Diesel Oil,Combined cycle,NA,Steam Injection,NA,NA,"ARP, CSNOX, CSOSG2E, CSSO2G1, RGGI"
NY,Lockport,54041,011855,"MS2A, MS2B",1999,6533,6531,222770,0,0,0,0,0,197.675,0.1406,2814969.575,Pipeline Natural Gas,Diesel Oil,Combined cycle,NA,Steam Injection,NA,NA,OTC
NY,Lockport,54041,011855,"MS2A, MS2B",2000,8294,8288.25,293947.75,0,0,0,0,0,247.195,0.1342,3742410.975,Pipeline Natural Gas,Diesel Oil,Combined cycle,NA,Steam Injection,NA,NA,OTC
NY,Lockport,54041,011855,"MS2A, MS2B",2001,8365,8357.75,300296.75,0,0,0,0,0,263.674,0.1402,3792247.55,Pipeline Natural Gas,Diesel Oil,Combined cycle,NA,Steam Injection,NA,NA,OTC
NY,Lockport,54041,011855,NA,2002,8468,8464.5,316925.75,NA,0,0,0,0,265.978,0.1377,3898562.875,Pipeline Natural Gas,Diesel Oil,Combined cycle,NA,Steam Injection,NA,NA,OTC
NY,Lockport,54041,011855,NA,2003,7203,7188,290127.75,NA,NA,NA,NA,NA,237.1,0.1459,3391570.575,Pipeline Natural Gas,Diesel Oil,Combined cycle,NA,Steam Injection,NA,NA,NBP
NY,Lockport,54041,011855,NA,2004,7740,7727.75,307725.75,NA,NA,NA,NA,NA,256.077,0.1467,3572267.375,Pipeline Natural Gas,Diesel Oil,Combined cycle,NA,Steam Injection,NA,NA,NBP
NY,Lockport,54041,011855,NA,2005,7111,7099.75,276824.5,NA,NA,NA,NA,NA,191.565,0.1187,3343580.425,Pipeline Natural Gas,Diesel Oil,Combined cycle,NA,Steam Injection,NA,NA,NBP
NY,Lockport,54041,011855,NA,2006,4756,4745.75,170316,NA,NA,NA,NA,NA,129.556,0.1262,2106818.725,Pipeline Natural Gas,Diesel Oil,Combined cycle,NA,Steam Injection,NA,NA,NBP
NY,Lockport,54041,011855,NA,2007,3835,3815.75,145547.25,NA,NA,NA,NA,NA,98.312,0.1122,1826201.325,Pipeline Natural Gas,Diesel Oil,Combined cycle,NA,Steam Injection,NA,NA,"ARP, NBP"
NY,Lockport,54041,011855,NA,2008,106,97.25,3162.75,NA,0.011,9e-4,2192.15,0.0593,3.038,0.2055,36892.825,Pipeline Natural Gas,Diesel Oil,Combined cycle,NA,Steam Injection,NA,NA,"ARP, CAIRNOX, CAIROS, NBP"
NY,Lockport,54041,011855,NA,2009,86,80.75,2784.75,NA,0.011,9e-4,2059.725,0.0592,3.636,0.2866,34658.75,Pipeline Natural Gas,Diesel Oil,Combined cycle,NA,Steam Injection,NA,NA,"ARP, CAIRNOX, CAIROS, CAIRSO2, RGGI"
NY,Lockport,54041,011855,NA,2010,369,361.5,11995.75,NA,0.045,9e-4,8878.6,0.0592,11.39,0.1629,149404.825,Pipeline Natural Gas,Diesel Oil,Combined cycle,NA,Steam Injection,NA,NA,"ARP, CAIRNOX, CAIROS, CAIRSO2, RGGI"
NY,Lockport,54041,011855,NA,2011,365,352.25,12546.25,NA,0.048,0.001,9130.55,0.0592,14.744,0.1926,153641.65,Pipeline Natural Gas,Diesel Oil,Combined cycle,NA,Steam Injection,NA,NA,"ARP, CAIRNOX, CAIROS, CAIRSO2, RGGI"
NY,Lockport,54041,011855,NA,2012,1598,1534.5,55800,NA,0.218,0.001,39756.625,0.0592,58.739,0.1791,668978.35,Pipeline Natural Gas,Diesel Oil,Combined cycle,NA,Steam Injection,NA,NA,"ARP, CAIRNOX, CAIROS, CAIRSO2, RGGI"
NY,Lockport,54041,011855,NA,2013,1958,1915,73809.75,NA,0.273,0.001,52092.25,0.0592,67.648,0.1607,876566.675,Pipeline Natural Gas,Diesel Oil,Combined cycle,NA,Steam Injection,NA,NA,"ARP, CAIRNOX, CAIROS, CAIRSO2, RGGI"
NY,Lockport,54041,011855,NA,2014,2395,2338.5,93584,NA,0.342,9e-4,66914.25,0.0592,117.781,0.2124,1125990.45,Pipeline Natural Gas,Diesel Oil,Combined cycle,NA,Steam Injection,NA,NA,"ARP, CAIRNOX, CAIROS, CAIRSO2, RGGI"
NY,Lockport,54041,011855,NA,2015,2116,2076.5,81690,NA,0.305,0.001,57338.875,0.0592,154.25,0.3364,964775.425,Pipeline Natural Gas,Diesel Oil,Combined cycle,NA,Steam Injection,NA,NA,"ARP, CSNOX, CSNOXOS, CSSO2G1, RGGI"
NY,Lockport,54041,011855,NA,2016,4283,4235.25,155462.25,NA,0.608,9e-4,110505.4,0.0592,380.279,0.4161,1859416.3,Pipeline Natural Gas,Diesel Oil,Combined cycle,NA,Steam Injection,NA,NA,"ARP, CSNOX, CSNOXOS, CSSO2G1, RGGI"
NY,Lockport,54041,011855,NA,2017,1070,1041.82,37810.73,NA,0.13,8e-4,24234.733,0.059,39.536,0.1928,407790.391,Pipeline Natural Gas,Diesel Oil,Combined cycle,NA,Steam Injection,NA,NA,"ARP, CSNOX, CSOSG2, CSSO2G1, RGGI"
NY,Lockport,54041,011855,NA,2018,3118,3046.57,113098.68,NA,0.434,9e-4,83723.561,0.0591,238.233,0.3381,1408595.901,Pipeline Natural Gas,Diesel Oil,Combined cycle,NA,Steam Injection,NA,NA,"ARP, CSNOX, CSOSG2, CSSO2G1, RGGI"
NY,Lockport,54041,011855,NA,2019,1429,1383.67,51092.53,NA,0.198,0.001,38229.495,0.0592,46.807,0.1471,643178.948,Pipeline Natural Gas,Diesel Oil,Combined cycle,NA,Steam Injection,NA,NA,"ARP, CSNOX, CSOSG2, CSSO2G1, RGGI"
NY,Lockport,54041,011855,NA,2020,1038,967.04,35610.09,NA,0.14,0.001,27684.708,0.0591,25.661,0.1168,465806.539,Pipeline Natural Gas,Diesel Oil,Combined cycle,NA,Steam Injection,NA,NA,"ARP, CSNOX, CSOSG2, CSSO2G1, RGGI"
NY,Lockport,54041,011855,NA,2021,403,385.67,14917.42,NA,0.057,0.001,11600.831,0.0591,10.783,0.1151,195255.787,Pipeline Natural Gas,Diesel Oil,Combined cycle,NA,Steam Injection,NA,NA,"ARP, CSNOX, CSOSG3, CSSO2G1, RGGI"
NY,Lockport,54041,011855,NA,2022,1055,1016.05,44017.24,NA,0.176,0.001,34663.05,0.0591,38.833,0.1363,583299.461,Pipeline Natural Gas,Diesel Oil,Combined cycle,NA,Steam Injection,NA,NA,"ARP, CSNOX, CSOSG3, CSSO2G1, RGGI"
NY,Lockport,54041,011855,NA,2023,588,575.66,22656.44,NA,0.088,0.001,17615.634,0.0591,17.25,0.1194,296479.857,Pipeline Natural Gas,Diesel Oil,Combined cycle,NA,Steam Injection,NA,NA,"ARP, CSNOX, CSOSG3, CSSO2G1, RGGI"
NY,Lockport,54041,011855,NA,2024,1322,1302.47,53154.89,NA,0.209,0.001,41791.382,0.0591,44.777,0.1288,703250.645,Pipeline Natural Gas,Diesel Oil,Combined cycle,NA,Steam Injection,NA,NA,"ARP, CSNOX, CSOSG2E, CSSO2G1, RGGI"
NY,Lockport,54041,011856,"MS3A, MS3B",1999,6424,6421.75,217695.25,0,0,0,0,0,199.896,0.1425,2812024.475,Pipeline Natural Gas,Diesel Oil,Combined cycle,NA,Steam Injection,NA,NA,OTC
NY,Lockport,54041,011856,"MS3A, MS3B",2000,8315,8296.75,296492,0,0,0,0,0,254.153,0.1361,3791572.075,Pipeline Natural Gas,Diesel Oil,Combined cycle,NA,Steam Injection,NA,NA,OTC
NY,Lockport,54041,011856,"MS3A, MS3B",2001,8512,8504.75,308585.25,0,0,0,0,0,263.881,0.1376,3891106.525,Pipeline Natural Gas,Diesel Oil,Combined cycle,NA,Steam Injection,NA,NA,OTC
NY,Lockport,54041,011856,NA,2002,8295,8283,310505,NA,0,0,0,0,263.462,0.1397,3813902.75,Pipeline Natural Gas,Diesel Oil,Combined cycle,NA,Steam Injection,NA,NA,OTC
NY,Lockport,54041,011856,NA,2003,7281,7259,291052.25,NA,NA,NA,NA,NA,249.438,0.148,3529368.225,Pipeline Natural Gas,Diesel Oil,Combined cycle,NA,Steam Injection,NA,NA,NBP
NY,Lockport,54041,011856,NA,2004,7817,7811,309788.75,NA,NA,NA,NA,NA,265.958,0.1493,3646397.225,Pipeline Natural Gas,Diesel Oil,Combined cycle,NA,Steam Injection,NA,NA,NBP
NY,Lockport,54041,011856,NA,2005,7680,7670.5,305676.5,NA,NA,NA,NA,NA,235.791,0.1307,3715538.05,Pipeline Natural Gas,Diesel Oil,Combined cycle,NA,Steam Injection,NA,NA,NBP
NY,Lockport,54041,011856,NA,2006,4971,4958,182323,NA,NA,NA,NA,NA,148.65,0.1338,2258717.6,Pipeline Natural Gas,Diesel Oil,Combined cycle,NA,Steam Injection,NA,NA,NBP
NY,Lockport,54041,011856,NA,2007,4477,4466,174279,NA,NA,NA,NA,NA,124.753,0.117,2168059.475,Pipeline Natural Gas,Diesel Oil,Combined cycle,NA,Steam Injection,NA,NA,"ARP, NBP"
NY,Lockport,54041,011856,NA,2008,142,138.75,4659.75,NA,0.017,0.001,3422.5,0.0593,5.41,0.2155,57588.35,Pipeline Natural Gas,Diesel Oil,Combined cycle,NA,Steam Injection,NA,NA,"ARP, CAIRNOX, CAIROS, NBP"
NY,Lockport,54041,011856,NA,2009,186,147.75,2710.25,NA,0.044,0.0045,2709.175,0.0592,5.34,0.2498,45595.625,Pipeline Natural Gas,Diesel Oil,Combined cycle,NA,Steam Injection,NA,NA,"ARP, CAIRNOX, CAIROS, CAIRSO2, RGGI"
NY,Lockport,54041,011856,NA,2010,355,353.5,11803.5,NA,0.046,0.001,8930.675,0.0592,9.474,0.1336,150267.95,Pipeline Natural Gas,Diesel Oil,Combined cycle,NA,Steam Injection,NA,NA,"ARP, CAIRNOX, CAIROS, CAIRSO2, RGGI"
NY,Lockport,54041,011856,NA,2011,410,410,15215,NA,0.057,0.001,11110.8,0.0592,15.174,0.1663,186950.3,Pipeline Natural Gas,Diesel Oil,Combined cycle,NA,Steam Injection,NA,NA,"ARP, CAIRNOX, CAIROS, CAIRSO2, RGGI"
NY,Lockport,54041,011856,NA,2012,1628,1627.75,59798,NA,0.23,0.001,43194.65,0.0592,41.739,0.1183,726838.075,Pipeline Natural Gas,Diesel Oil,Combined cycle,NA,Steam Injection,NA,NA,"ARP, CAIRNOX, CAIROS, CAIRSO2, RGGI"
NY,Lockport,54041,011856,NA,2013,2242,2206,88753.5,NA,0.361,0.0019,63620.25,0.0592,73.049,0.1392,1070529.85,Pipeline Natural Gas,Diesel Oil,Combined cycle,NA,Steam Injection,NA,NA,"ARP, CAIRNOX, CAIROS, CAIRSO2, RGGI"
NY,Lockport,54041,011856,NA,2014,2282,2225.25,89348.75,NA,0.338,0.001,65450.025,0.0591,72.857,0.1374,1101336.375,Pipeline Natural Gas,Diesel Oil,Combined cycle,NA,Steam Injection,NA,NA,"ARP, CAIRNOX, CAIROS, CAIRSO2, RGGI"
NY,Lockport,54041,011856,NA,2015,1382,1360.25,56853.25,NA,0.207,0.001,41495.15,0.0591,45.077,0.132,698218.725,Pipeline Natural Gas,Diesel Oil,Combined cycle,NA,Steam Injection,NA,NA,"ARP, CSNOX, CSNOXOS, CSSO2G1, RGGI"
NY,Lockport,54041,011856,NA,2016,3949,3858.25,143550.25,NA,0.579,0.001,105550.4,0.0592,95.009,0.1096,1776102.025,Pipeline Natural Gas,Diesel Oil,Combined cycle,NA,Steam Injection,NA,NA,"ARP, CSNOX, CSNOXOS, CSSO2G1, RGGI"
NY,Lockport,54041,011856,NA,2017,1010,967.31,35302.72,NA,0.123,8e-4,23154.672,0.059,24.286,0.1288,389656.084,Pipeline Natural Gas,Diesel Oil,Combined cycle,NA,Steam Injection,NA,NA,"ARP, CSNOX, CSOSG2, CSSO2G1, RGGI"
NY,Lockport,54041,011856,NA,2018,2859,2683.77,100532.15,NA,0.401,0.001,76983.04,0.0591,70.671,0.1139,1295085.662,Pipeline Natural Gas,Diesel Oil,Combined cycle,NA,Steam Injection,NA,NA,"ARP, CSNOX, CSOSG2, CSSO2G1, RGGI"
NY,Lockport,54041,011856,NA,2019,1384,1309.92,48433.48,NA,0.193,0.001,37565.617,0.0592,31.578,0.103,631977.764,Pipeline Natural Gas,Diesel Oil,Combined cycle,NA,Steam Injection,NA,NA,"ARP, CSNOX, CSOSG2, CSSO2G1, RGGI"
NY,Lockport,54041,011856,NA,2020,1126,1063.79,38323.76,NA,0.151,9e-4,30452.191,0.0591,22.865,0.0938,512469.728,Pipeline Natural Gas,Diesel Oil,Combined cycle,NA,Steam Injection,NA,NA,"ARP, CSNOX, CSOSG2, CSSO2G1, RGGI"
NY,Lockport,54041,011856,NA,2021,324,301.41,11477.33,NA,0.045,0.001,9216.035,0.0591,7.549,0.1019,155085.238,Pipeline Natural Gas,Diesel Oil,Combined cycle,NA,Steam Injection,NA,NA,"ARP, CSNOX, CSOSG3, CSSO2G1, RGGI"
NY,Lockport,54041,011856,NA,2022,926,897.72,37558.32,NA,0.154,0.001,30226.708,0.0591,29.59,0.1185,508612.596,Pipeline Natural Gas,Diesel Oil,Combined cycle,NA,Steam Injection,NA,NA,"ARP, CSNOX, CSOSG3, CSSO2G1, RGGI"
NY,Lockport,54041,011856,NA,2023,534,519.38,20434.5,NA,0.082,0.001,16401.284,0.0592,16.094,0.1197,275963.072,Pipeline Natural Gas,Diesel Oil,Combined cycle,NA,Steam Injection,NA,NA,"ARP, CSNOX, CSOSG3, CSSO2G1, RGGI"
NY,Lockport,54041,011856,NA,2024,831,809.92,32200.38,NA,0.131,0.001,26313.604,0.0591,23.713,0.11,442791.592,Pipeline Natural Gas,Diesel Oil,Combined cycle,NA,Steam Injection,NA,NA,"ARP, CSNOX, CSOSG2E, CSSO2G1, RGGI"
NY,Indeck-Olean Energy Center,54076,1,NA,1999,1779,1735.75,102660.75,NA,NA,NA,NA,NA,19.188,0.0424,1073208.075,Pipeline Natural Gas,Diesel Oil,Combined cycle,NA,Selective Catalytic Reduction|Steam Injection,NA,NA,OTC
NY,Indeck-Olean Energy Center,54076,1,NA,2000,1813,1801,109621,NA,NA,NA,NA,NA,16.841,0.0378,1001850.35,Pipeline Natural Gas,Diesel Oil,Combined cycle,NA,Selective Catalytic Reduction|Steam Injection,NA,NA,OTC
NY,Indeck-Olean Energy Center,54076,1,NA,2001,1854,1832.47,112717.83,NA,NA,NA,NA,NA,17.31,0.0359,1069082.57,Pipeline Natural Gas,Diesel Oil,Combined cycle,NA,Selective Catalytic Reduction|Steam Injection,NA,NA,OTC
NY,Indeck-Olean Energy Center,54076,1,NA,2002,1652,1639.5,82596.25,NA,0.331,0.0012,57577.75,0.0592,14.466,0.0342,968261.95,Pipeline Natural Gas,Diesel Oil,Combined cycle,NA,Selective Catalytic Reduction|Steam Injection,NA,NA,"ARP, OTC"
NY,Indeck-Olean Energy Center,54076,1,NA,2003,1468,1440.5,70492,NA,2.225,0.0066,51066.5,0.0616,15.57,0.0455,830621.325,Pipeline Natural Gas,Diesel Oil,Combined cycle,NA,Selective Catalytic Reduction|Steam Injection,NA,NA,"ARP, NBP"
NY,Indeck-Olean Energy Center,54076,1,NA,2004,3272,3269,161823.25,NA,5.438,0.0063,117727.025,0.0602,30.161,0.0321,1945631.65,Pipeline Natural Gas,Diesel Oil,Combined cycle,NA,Selective Catalytic Reduction|Steam Injection,NA,NA,"ARP, NBP"
NY,Indeck-Olean Energy Center,54076,1,NA,2005,2148,2139.75,105501.5,NA,5.169,0.009,73867.425,0.0636,24.584,0.0465,1155916.35,Pipeline Natural Gas,Diesel Oil,Combined cycle,NA,Selective Catalytic Reduction|Steam Injection,NA,NA,"ARP, NBP"
NY,Indeck-Olean Energy Center,54076,1,NA,2006,1318,1306,83900.5,NA,1.095,0.0036,43163.725,0.0606,13.957,0.046,710261.425,Pipeline Natural Gas,Diesel Oil,Combined cycle,NA,Selective Catalytic Reduction|Steam Injection,NA,NA,"ARP, NBP"
NY,Indeck-Olean Energy Center,54076,1,NA,2007,3809,3780.5,248417.25,NA,1.256,0.0016,123604.725,0.0596,33.483,0.0338,2064389.15,Pipeline Natural Gas,Diesel Oil,Combined cycle,NA,Selective Catalytic Reduction|Steam Injection,NA,NA,"ARP, NBP"
NY,Indeck-Olean Energy Center,54076,1,NA,2008,4335,4316.75,285155.75,NA,0.758,0.001,140332.325,0.0592,38.145,0.0343,2357929.4,Pipeline Natural Gas,Diesel Oil,Combined cycle,NA,Selective Catalytic Reduction|Steam Injection,NA,NA,"ARP, CAIRNOX, CAIROS, NBP"
NY,Indeck-Olean Energy Center,54076,1,NA,2009,3075,3060.25,193794.25,NA,0.45,0.001,94377.05,0.0591,28.643,0.042,1587435.075,Pipeline Natural Gas,Diesel Oil,Combined cycle,NA,Selective Catalytic Reduction|Steam Injection,NA,NA,"ARP, CAIRNOX, CAIROS, CAIRSO2, RGGI"
NY,Indeck-Olean Energy Center,54076,1,NA,2010,4560,4546.75,286187.5,NA,0.711,0.001,140985.725,0.0593,44.329,0.0439,2363931.875,Pipeline Natural Gas,Diesel Oil,Combined cycle,NA,Selective Catalytic Reduction|Steam Injection,NA,NA,"ARP, CAIRNOX, CAIROS, CAIRSO2, RGGI"
NY,Indeck-Olean Energy Center,54076,1,NA,2011,2368,2358.75,147978.25,NA,0.445,0.001,77155.425,0.0593,24.436,0.0451,1294113.45,Pipeline Natural Gas,Diesel Oil,Combined cycle,NA,Selective Catalytic Reduction|Steam Injection,NA,NA,"ARP, CAIRNOX, CAIROS, CAIRSO2, RGGI"
NY,Indeck-Olean Energy Center,54076,1,NA,2012,2168,2160.25,134621.75,NA,0.358,0.001,69525.05,0.0591,21.859,0.0452,1169919.15,Pipeline Natural Gas,Diesel Oil,Combined cycle,NA,Selective Catalytic Reduction|Steam Injection,NA,NA,"ARP, CAIRNOX, CAIROS, CAIRSO2, RGGI"
NY,Indeck-Olean Energy Center,54076,1,NA,2013,2327,2306.5,145444.5,NA,0.386,0.001,75589.325,0.0592,23.387,0.0451,1268995.675,Pipeline Natural Gas,Diesel Oil,Combined cycle,NA,Selective Catalytic Reduction|Steam Injection,NA,NA,"ARP, CAIRNOX, CAIROS, CAIRSO2, RGGI"
NY,Indeck-Olean Energy Center,54076,1,NA,2014,5144,5128,340573,NA,0.832,0.001,170259.975,0.0592,47.249,0.0356,2862441.35,Pipeline Natural Gas,Diesel Oil,Combined cycle,NA,Selective Catalytic Reduction|Steam Injection,NA,NA,"ARP, CAIRNOX, CAIROS, CAIRSO2, RGGI"
NY,Indeck-Olean Energy Center,54076,1,NA,2015,6008,5997.25,402615.75,NA,1.025,0.001,207134.975,0.0591,57.955,0.0346,3481924.45,Pipeline Natural Gas,Diesel Oil,Combined cycle,NA,Selective Catalytic Reduction|Steam Injection,NA,NA,"ARP, CSNOX, CSNOXOS, CSSO2G1, RGGI"
NY,Indeck-Olean Energy Center,54076,1,NA,2016,2040,2008.5,124240.25,NA,0.327,9e-4,65271.1,0.0591,20.732,0.0446,1098285.625,Pipeline Natural Gas,Diesel Oil,Combined cycle,NA,Selective Catalytic Reduction|Steam Injection,NA,NA,"ARP, CSNOX, CSNOXOS, CSSO2G1, RGGI"
NY,Indeck-Olean Energy Center,54076,1,NA,2017,1452,1403.25,85337,NA,0.23,0.001,45535.025,0.0591,14.997,0.0466,766197.6,Pipeline Natural Gas,Diesel Oil,Combined cycle,NA,Selective Catalytic Reduction|Steam Injection,NA,NA,"ARP, CSNOX, CSOSG2, CSSO2G1, RGGI"
NY,Indeck-Olean Energy Center,54076,1,NA,2018,2226,2161.5,134660.5,NA,0.352,0.001,69788.575,0.0591,21.924,0.0432,1174054.7,Pipeline Natural Gas,Diesel Oil,Combined cycle,NA,Selective Catalytic Reduction|Steam Injection,NA,NA,"ARP, CSNOX, CSOSG2, CSSO2G1, RGGI"
NY,Indeck-Olean Energy Center,54076,1,NA,2019,1985,1927.25,120542,NA,0.314,0.001,62272.6,0.0591,19.395,0.0422,1047455.95,Pipeline Natural Gas,Diesel Oil,Combined cycle,NA,Selective Catalytic Reduction|Steam Injection,NA,NA,"ARP, CSNOX, CSOSG2, CSSO2G1, RGGI"
NY,Indeck-Olean Energy Center,54076,1,NA,2020,1474,1412.25,85750,NA,0.224,0.001,44458.975,0.0591,14.478,0.0462,748123.95,Pipeline Natural Gas,Diesel Oil,Combined cycle,NA,Selective Catalytic Reduction|Steam Injection,NA,NA,"ARP, CSNOX, CSOSG2, CSSO2G1, RGGI"
NY,Indeck-Olean Energy Center,54076,1,NA,2021,916,882,53887.75,NA,0.143,0.001,28388.325,0.0591,8.99,0.044,477669.925,Pipeline Natural Gas,Diesel Oil,Combined cycle,NA,Selective Catalytic Reduction|Steam Injection,NA,NA,"ARP, CSNOX, CSOSG3, CSSO2G1, RGGI"
NY,Indeck-Olean Energy Center,54076,1,NA,2022,1667,1616.75,103194,NA,0.273,0.001,54040.7,0.0592,17.002,0.0431,908254.35,Pipeline Natural Gas,Diesel Oil,Combined cycle,NA,Selective Catalytic Reduction|Steam Injection,NA,NA,"ARP, CSNOX, CSOSG3, CSSO2G1, RGGI"
NY,Indeck-Olean Energy Center,54076,1,NA,2023,617,595.5,36915.75,NA,0.097,0.001,19361.025,0.0592,6.122,0.044,325074.45,Pipeline Natural Gas,Diesel Oil,Combined cycle,NA,Selective Catalytic Reduction|Steam Injection,NA,NA,"ARP, CSNOX, CSOSG3, CSSO2G1, RGGI"
NY,Indeck-Olean Energy Center,54076,1,NA,2024,592,572.75,35652,NA,0.089,9e-4,18075.625,0.0591,5.785,0.0448,304181.725,Pipeline Natural Gas,Diesel Oil,Combined cycle,NA,Selective Catalytic Reduction|Steam Injection,NA,NA,"ARP, CSNOX, CSOSG2E, CSSO2G1, RGGI"
NY,International Paper-Hudson River,54088,N01PB,NA,1999,6499,6498.25,NA,1473146.75,NA,NA,NA,NA,176.725,0.1442,2206601.8,Pipeline Natural Gas,Residual Oil,Dry bottom wall-fired boiler,NA,Low NOx Burner Technology (Dry Bottom only),NA,NA,OTC
NY,International Paper-Hudson River,54088,N01PB,NA,2000,8784,8784,NA,1642647,NA,NA,NA,NA,109.192,0.1104,1971581.1,Pipeline Natural Gas,Residual Oil,Dry bottom wall-fired boiler,NA,Low NOx Burner Technology (Dry Bottom only),NA,NA,OTC
NY,International Paper-Hudson River,54088,N01PB,NA,2001,7691,7678,NA,1227564.75,NA,NA,NA,NA,180.697,0.1423,2221787.85,Pipeline Natural Gas,Residual Oil,Dry bottom wall-fired boiler,NA,Low NOx Burner Technology (Dry Bottom only),NA,NA,OTC
NY,International Paper-Hudson River,54088,N01PB,NA,2002,7139,7129.15,NA,1033761.54,NA,NA,NA,NA,92.63,0.1289,1408740.791,Pipeline Natural Gas,Residual Oil,Dry bottom wall-fired boiler,NA,Low NOx Burner Technology (Dry Bottom only),NA,NA,OTC
NY,International Paper-Hudson River,54088,N01PB,NA,2003,NA,NA,NA,NA,NA,NA,NA,NA,NA,NA,NA,Pipeline Natural Gas,Residual Oil,Dry bottom wall-fired boiler,NA,Low NOx Burner Technology (Dry Bottom only),NA,NA,NBP
NY,International Paper-Hudson River,54088,N01PB,NA,2004,NA,NA,NA,NA,NA,NA,NA,NA,NA,NA,NA,Pipeline Natural Gas,Residual Oil,Dry bottom wall-fired boiler,NA,Low NOx Burner Technology (Dry Bottom only),NA,NA,NBP
NY,International Paper-Hudson River,54088,N01PB,NA,2005,0,0,NA,NA,NA,NA,NA,NA,NA,NA,NA,Pipeline Natural Gas,Residual Oil,Dry bottom wall-fired boiler,NA,Low NOx Burner Technology (Dry Bottom only),NA,NA,NBP
NY,Ticonderoga Mill,54099,000044,NA,1999,5611,5595,NA,2112170.75,NA,NA,NA,NA,320.863,NA,NA,Residual Oil,Wood,Dry bottom wall-fired boiler,NA,Combustion Modification/Fuel Reburning|Low NOx Burner Technology w/ Overfire Air,Wet Scrubber,NA,OTC
NY,Ticonderoga Mill,54099,000044,NA,2000,8758,8732.75,NA,3238862.5,NA,NA,NA,NA,492.642,NA,NA,Residual Oil,Wood,Dry bottom wall-fired boiler,NA,Combustion Modification/Fuel Reburning|Low NOx Burner Technology w/ Overfire Air,Wet Scrubber,NA,OTC
NY,Ticonderoga Mill,54099,000044,NA,2001,8643,8622.5,NA,3266355.75,NA,NA,NA,NA,445.353,NA,NA,Residual Oil,Wood,Dry bottom wall-fired boiler,NA,Combustion Modification/Fuel Reburning|Low NOx Burner Technology w/ Overfire Air,Wet Scrubber,NA,OTC
NY,Ticonderoga Mill,54099,000044,NA,2002,8454,8432.75,NA,3233832,NA,NA,NA,NA,439.89,0.2031,2827145.55,Residual Oil,Wood,Dry bottom wall-fired boiler,NA,Combustion Modification/Fuel Reburning|Low NOx Burner Technology w/ Overfire Air,Wet Scrubber,NA,OTC
NY,Ticonderoga Mill,54099,000044,NA,2003,8562,8551.5,NA,3305311.5,NA,NA,NA,NA,526.879,0.2185,4822235.875,Residual Oil,Wood,Dry bottom wall-fired boiler,NA,Combustion Modification/Fuel Reburning|Low NOx Burner Technology w/ Overfire Air,Wet Scrubber,NA,NBP
NY,Ticonderoga Mill,54099,000044,NA,2004,8566,8561.84,NA,3308626.97,NA,NA,NA,NA,487.539,0.2157,4533914.485,Residual Oil,Wood,Dry bottom wall-fired boiler,NA,Combustion Modification/Fuel Reburning|Low NOx Burner Technology w/ Overfire Air,Wet Scrubber,NA,NBP
NY,Ticonderoga Mill,54099,000044,NA,2005,8473,8458.38,NA,3415771.15,NA,NA,NA,NA,515.5,0.2281,4530323.592,Residual Oil,Wood,Dry bottom wall-fired boiler,NA,Combustion Modification/Fuel Reburning|Low NOx Burner Technology w/ Overfire Air,Wet Scrubber,NA,NBP
NY,Ticonderoga Mill,54099,000044,NA,2006,8318,8300.29,NA,3027392.12,NA,NA,NA,NA,439.611,0.2129,4125191.036,Residual Oil,Wood,Dry bottom wall-fired boiler,NA,Combustion Modification/Fuel Reburning|Low NOx Burner Technology w/ Overfire Air,Wet Scrubber,NA,NBP
NY,Ticonderoga Mill,54099,000044,NA,2007,8247,8237.36,NA,2957545.15,NA,NA,NA,NA,449.239,0.22,4072770.031,Residual Oil,Wood,Dry bottom wall-fired boiler,NA,Combustion Modification/Fuel Reburning|Low NOx Burner Technology w/ Overfire Air,Wet Scrubber,NA,NBP
NY,Ticonderoga Mill,54099,000044,NA,2008,8479,8468.65,NA,2663662.65,NA,NA,NA,NA,398.681,0.2135,3698752.244,Residual Oil,Wood,Dry bottom wall-fired boiler,NA,Combustion Modification/Fuel Reburning|Low NOx Burner Technology w/ Overfire Air,Wet Scrubber,NA,"CAIROS, NBP"
NY,Ticonderoga Mill,54099,000044,NA,2009,8094,8085.16,NA,2458484.43,NA,NA,NA,NA,366.82,0.2234,3299326.957,Residual Oil,Wood,Dry bottom wall-fired boiler,NA,Combustion Modification/Fuel Reburning|Low NOx Burner Technology w/ Overfire Air,Wet Scrubber,NA,CAIROS
NY,Ticonderoga Mill,54099,000044,NA,2010,8489,8475,NA,2687920.02,NA,NA,NA,NA,415.351,0.2366,3521234.326,Residual Oil,Wood,Dry bottom wall-fired boiler,NA,Combustion Modification/Fuel Reburning|Low NOx Burner Technology w/ Overfire Air,Wet Scrubber,NA,CAIROS
NY,Ticonderoga Mill,54099,000044,NA,2011,8476,8468.51,NA,2556741.24,NA,NA,NA,NA,405.853,0.2241,3618142.388,Residual Oil,Wood,Dry bottom wall-fired boiler,NA,Combustion Modification/Fuel Reburning|Low NOx Burner Technology w/ Overfire Air,Wet Scrubber,NA,CAIROS
NY,Ticonderoga Mill,54099,000044,NA,2012,8517,8505.48,NA,2371891.76,NA,NA,NA,NA,396.625,0.2343,3393924.269,Residual Oil,Wood,Dry bottom wall-fired boiler,NA,"Combustion Modification/Fuel Reburning (Retired Mar 19, 2012)|Low NOx Burner Technology w/ Overfire Air",Wet Scrubber,NA,CAIROS
NY,Ticonderoga Mill,54099,000044,NA,2013,8479,8471.55,NA,2427374.2,NA,NA,NA,NA,390.344,0.233,3357994.025,Residual Oil,Wood,Dry bottom wall-fired boiler,NA,Low NOx Burner Technology w/ Overfire Air,Wet Scrubber,NA,CAIROS
NY,Ticonderoga Mill,54099,000044,NA,2014,8531,8521.19,NA,2605820.7,NA,NA,NA,NA,406.399,0.2282,3564950.743,Residual Oil,Wood,Dry bottom wall-fired boiler,NA,Low NOx Burner Technology w/ Overfire Air,Wet Scrubber,NA,CAIROS
NY,Ticonderoga Mill,54099,000044,NA,2015,7984,7964.92,NA,2412627.17,NA,NA,NA,NA,358.51,0.206,3419887.893,Residual Oil,"Natural Gas, Wood",Dry bottom wall-fired boiler,NA,Low NOx Burner Technology w/ Overfire Air,Wet Scrubber,NA,SIPNOX
NY,Ticonderoga Mill,54099,000044,NA,2016,8480,8468.9,NA,2546729.31,NA,NA,NA,NA,343.347,0.1915,3607511.659,Residual Oil,"Natural Gas, Wood",Dry bottom wall-fired boiler,NA,Low NOx Burner Technology w/ Overfire Air,"Wet Scrubber|Wet ESP (Began May 18, 2016)",NA,SIPNOX
NY,Ticonderoga Mill,54099,000044,NA,2017,8532,8518.35,NA,2557619.16,NA,NA,NA,NA,308.484,0.1795,3373384.451,Residual Oil,"Natural Gas, Wood",Dry bottom wall-fired boiler,NA,Low NOx Burner Technology w/ Overfire Air,Wet Scrubber|Wet ESP,NA,SIPNOX
NY,Ticonderoga Mill,54099,000044,NA,2018,8410,8395.93,NA,2528089.53,NA,NA,NA,NA,332.106,0.1834,3594732.242,Residual Oil,"Natural Gas, Wood",Dry bottom wall-fired boiler,NA,Low NOx Burner Technology w/ Overfire Air,Wet Scrubber|Wet ESP,NA,SIPNOX
NY,Ticonderoga Mill,54099,000044,NA,2019,8288,8279.03,NA,2251377.23,NA,NA,NA,NA,302.354,0.1797,3398089.645,Residual Oil,"Natural Gas, Wood",Dry bottom wall-fired boiler,NA,Low NOx Burner Technology w/ Overfire Air,Wet Scrubber|Wet ESP,NA,SIPNOX
NY,Ticonderoga Mill,54099,000044,NA,2020,8181,8162.86,NA,2055081.62,NA,NA,NA,NA,270.262,0.173,3099057.624,Residual Oil,"Natural Gas, Wood",Dry bottom wall-fired boiler,NA,Low NOx Burner Technology w/ Overfire Air,Wet Scrubber|Wet ESP,NA,SIPNOX
NY,Ticonderoga Mill,54099,000044,NA,2021,8498,8491.73,NA,2316664.46,NA,NA,NA,NA,288.612,0.1685,3361395.948,Residual Oil,"Natural Gas, Wood",Dry bottom wall-fired boiler,NA,Low NOx Burner Technology w/ Overfire Air,Wet Scrubber|Wet ESP,NA,SIPNOX
NY,Ticonderoga Mill,54099,000044,NA,2022,8405,8398.46,NA,2405843.93,NA,NA,NA,NA,284.368,0.1673,3338652.988,Residual Oil,"Natural Gas, Wood",Dry bottom wall-fired boiler,NA,Low NOx Burner Technology w/ Overfire Air,Wet Scrubber|Wet ESP,NA,SIPNOX
NY,Ticonderoga Mill,54099,000044,NA,2023,8161,8149.17,NA,2321725.32,NA,NA,NA,NA,292.86,0.1727,3312793.956,Residual Oil,"Natural Gas, Wood",Dry bottom wall-fired boiler,NA,Low NOx Burner Technology w/ Overfire Air,Wet Scrubber|Wet ESP,NA,SIPNOX
NY,Ticonderoga Mill,54099,000044,NA,2024,8299,8290.85,NA,2332969.88,NA,NA,NA,NA,283.283,0.175,3215836.096,Residual Oil,"Natural Gas, Wood",Dry bottom wall-fired boiler,NA,Low NOx Burner Technology w/ Overfire Air,Wet Scrubber|Wet ESP,NA,SIPNOX
NY,KIAC Cogeneration,54114,GT1,NA,1999,4931,4884.75,192296.75,NA,NA,NA,NA,NA,43.927,0.0272,3349838.375,Pipeline Natural Gas,Diesel Oil,Combined cycle,NA,Water Injection|Selective Catalytic Reduction,NA,NA,OTC
NY,KIAC Cogeneration,54114,GT1,NA,2000,2541,2427.25,93523.5,NA,NA,NA,NA,NA,23.191,0.0333,1605861.65,Pipeline Natural Gas,Diesel Oil,Combined cycle,NA,Water Injection|Selective Catalytic Reduction,NA,NA,OTC
NY,KIAC Cogeneration,54114,GT1,NA,2001,5330,5237.75,213925.75,NA,NA,NA,NA,NA,37.175,0.0242,3350943.475,Pipeline Natural Gas,Diesel Oil,Combined cycle,NA,Water Injection|Selective Catalytic Reduction,NA,NA,OTC
NY,KIAC Cogeneration,54114,GT1,NA,2002,7249,7194.75,287287.07,NA,NA,NA,NA,NA,57.233,0.024,4918480.687,Pipeline Natural Gas,Diesel Oil,Combined cycle,NA,Water Injection|Selective Catalytic Reduction,NA,NA,OTC
NY,KIAC Cogeneration,54114,GT1,NA,2003,6567,6454.85,266371.68,NA,NA,NA,NA,NA,50.966,0.0238,4503962.535,Pipeline Natural Gas,Diesel Oil,Combined cycle,NA,Water Injection|Selective Catalytic Reduction,NA,NA,NBP
NY,KIAC Cogeneration,54114,GT1,NA,2004,7047,7004.15,286236.09,NA,NA,NA,NA,NA,55.174,0.0231,4874512.131,Pipeline Natural Gas,Diesel Oil,Combined cycle,NA,Water Injection|Selective Catalytic Reduction,NA,NA,NBP
NY,KIAC Cogeneration,54114,GT1,NA,2005,7113,7026.64,327786.36,NA,NA,NA,NA,NA,56.023,0.023,5102765.523,Pipeline Natural Gas,Diesel Oil,Combined cycle,NA,Water Injection|Selective Catalytic Reduction,NA,NA,NBP
NY,KIAC Cogeneration,54114,GT1,NA,2006,6688,6561.93,305816.51,NA,NA,NA,NA,NA,37.027,0.0258,3021044.338,Pipeline Natural Gas,Diesel Oil,Combined cycle,NA,Water Injection|Selective Catalytic Reduction,NA,NA,NBP
NY,KIAC Cogeneration,54114,GT1,NA,2007,6180,6034.4,273774.24,NA,NA,NA,NA,NA,30.213,0.0241,2667091.874,Pipeline Natural Gas,Diesel Oil,Combined cycle,NA,Water Injection|Selective Catalytic Reduction,NA,NA,NBP
NY,KIAC Cogeneration,54114,GT1,NA,2008,5742,5650.7,262551.72,NA,NA,NA,NA,NA,29.423,0.0241,2527690.413,Pipeline Natural Gas,Diesel Oil,Combined cycle,NA,Water Injection|Selective Catalytic Reduction,NA,NA,"CAIRNOX, CAIROS, NBP"
NY,KIAC Cogeneration,54114,GT1,NA,2009,6331,6258.62,283737.63,NA,0.855,0.001,169278.556,0.0592,30.196,0.0224,2848386.128,Pipeline Natural Gas,Diesel Oil,Combined cycle,NA,Water Injection|Selective Catalytic Reduction,NA,NA,"CAIRNOX, CAIROS, CAIRSO2, RGGI"
NY,KIAC Cogeneration,54114,GT1,NA,2010,6688,6555.76,286336.08,NA,0.857,0.001,169721.287,0.0592,29.518,0.0222,2855909.547,Pipeline Natural Gas,Diesel Oil,Combined cycle,NA,Water Injection|Selective Catalytic Reduction,NA,NA,"CAIRNOX, CAIROS, CAIRSO2, RGGI"
NY,KIAC Cogeneration,54114,GT1,NA,2011,4569,4372.05,186739.49,NA,0.68,0.0011,110233.45,0.0592,20.924,0.0253,1854813.859,Pipeline Natural Gas,Diesel Oil,Combined cycle,NA,Water Injection|Selective Catalytic Reduction,NA,NA,"CAIRNOX, CAIROS, CAIRSO2, RGGI"
NY,KIAC Cogeneration,54114,GT1,NA,2012,7653,7574.66,344106.44,NA,1.099,0.001,198575.642,0.0592,37.171,0.0232,3341325.656,Pipeline Natural Gas,Diesel Oil,Combined cycle,NA,Water Injection|Selective Catalytic Reduction,NA,NA,"CAIRNOX, CAIROS, CAIRSO2, RGGI"
NY,KIAC Cogeneration,54114,GT1,NA,2013,7175,7076.27,316728.83,NA,1.346,0.0011,178757.405,0.0592,37.441,0.0258,3007624.595,Pipeline Natural Gas,Diesel Oil,Combined cycle,NA,Water Injection|Selective Catalytic Reduction,NA,NA,"CAIRNOX, CAIROS, CAIRSO2, RGGI"
NY,KIAC Cogeneration,54114,GT1,NA,2014,7493,7359.49,332311.54,NA,4.6,0.007,187141.756,0.0593,39.403,0.0265,3147257.298,Pipeline Natural Gas,Diesel Oil,Combined cycle,NA,Water Injection|Selective Catalytic Reduction,NA,NA,"CAIRNOX, CAIROS, CAIRSO2, RGGI"
NY,KIAC Cogeneration,54114,GT1,NA,2015,6528,6330.67,285945.97,NA,2.698,0.0036,160597.496,0.0592,35.094,0.0274,2701454.796,Pipeline Natural Gas,Diesel Oil,Combined cycle,NA,Water Injection|Selective Catalytic Reduction,NA,NA,"CSNOX, CSNOXOS, CSSO2G1, RGGI"
NY,KIAC Cogeneration,54114,GT1,NA,2016,6425,6305.97,281839.64,NA,0.807,0.001,159853.296,0.0592,35.965,0.0279,2689802.083,Pipeline Natural Gas,Diesel Oil,Combined cycle,NA,Water Injection|Selective Catalytic Reduction,NA,NA,"CSNOX, CSNOXOS, CSSO2G1, RGGI"
NY,KIAC Cogeneration,54114,GT1,NA,2017,6956,6856.28,316448.56,NA,0.916,0.001,180307.499,0.0592,39.448,0.0269,3034085.14,Pipeline Natural Gas,Diesel Oil,Combined cycle,NA,Water Injection|Selective Catalytic Reduction,NA,NA,"CSNOX, CSOSG2, CSSO2G1, RGGI"
NY,KIAC Cogeneration,54114,GT1,NA,2018,7334,7259.53,344396.8,NA,1.019,0.0014,199356.548,0.0592,43.357,0.0269,3354422.478,Pipeline Natural Gas,Diesel Oil,Combined cycle,NA,Water Injection|Selective Catalytic Reduction,NA,NA,"CSNOX, CSOSG2, CSSO2G1, RGGI"
NY,KIAC Cogeneration,54114,GT1,NA,2019,4326,4186.16,184571.88,NA,0.548,0.001,108561.272,0.0592,23.77,0.0284,1826754.962,Pipeline Natural Gas,Diesel Oil,Combined cycle,NA,Water Injection|Selective Catalytic Reduction,NA,NA,"CSNOX, CSOSG2, CSSO2G1, RGGI"
NY,KIAC Cogeneration,54114,GT1,NA,2020,6968,6935.54,309573.67,NA,0.928,0.001,183892.74,0.0592,40.56,0.0268,3094359.947,Pipeline Natural Gas,Diesel Oil,Combined cycle,NA,Water Injection|Selective Catalytic Reduction,NA,NA,"CSNOX, CSOSG2, CSSO2G1, RGGI"
NY,KIAC Cogeneration,54114,GT1,NA,2021,6018,5960.66,281262.15,NA,0.824,0.001,163104.082,0.0592,35.489,0.0268,2744580.848,Pipeline Natural Gas,Diesel Oil,Combined cycle,NA,Water Injection|Selective Catalytic Reduction,NA,NA,"CSNOX, CSOSG3, CSSO2G1, RGGI"
NY,KIAC Cogeneration,54114,GT1,NA,2022,7385,7287.63,346672.34,NA,0.936,0.001,185293.901,0.0592,41.761,0.0276,3117893.757,Pipeline Natural Gas,Diesel Oil,Combined cycle,NA,Water Injection|Selective Catalytic Reduction,NA,NA,"CSNOX, CSOSG3, CSSO2G1, RGGI"
NY,KIAC Cogeneration,54114,GT1,NA,2023,4040,3852.24,199636.84,NA,0.527,0.0012,103767.544,0.0592,24.857,0.0324,1746084.869,Pipeline Natural Gas,Diesel Oil,Combined cycle,NA,Water Injection|Selective Catalytic Reduction,NA,NA,"CSNOX, CSOSG3, CSSO2G1, RGGI"
NY,KIAC Cogeneration,54114,GT1,NA,2024,4769,4625.65,227724.6,NA,0.573,0.001,113182.553,0.0593,25.325,0.0294,1904350.744,Pipeline Natural Gas,Diesel Oil,Combined cycle,NA,Water Injection|Selective Catalytic Reduction,NA,NA,"CSNOX, CSOSG2E, CSSO2G1, RGGI"
NY,KIAC Cogeneration,54114,GT2,NA,1999,3454,3343.5,132262.5,NA,NA,NA,NA,NA,30.68,0.0294,2296137.5,Pipeline Natural Gas,Diesel Oil,Combined cycle,NA,Water Injection|Selective Catalytic Reduction,NA,NA,OTC
NY,KIAC Cogeneration,54114,GT2,NA,2000,7167,7123.5,289324,NA,NA,NA,NA,NA,57.202,0.0251,4721881.475,Pipeline Natural Gas,Diesel Oil,Combined cycle,NA,Water Injection|Selective Catalytic Reduction,NA,NA,OTC
NY,KIAC Cogeneration,54114,GT2,NA,2001,6062,5938,242225.5,NA,NA,NA,NA,NA,45.095,0.0253,3825308.5,Pipeline Natural Gas,Diesel Oil,Combined cycle,NA,Water Injection|Selective Catalytic Reduction,NA,NA,OTC
NY,KIAC Cogeneration,54114,GT2,NA,2002,5744,5572.54,222306.05,NA,NA,NA,NA,NA,48.016,0.0268,3909850.477,Pipeline Natural Gas,Diesel Oil,Combined cycle,NA,Water Injection|Selective Catalytic Reduction,NA,NA,OTC
NY,KIAC Cogeneration,54114,GT2,NA,2003,5605,5434.32,216374.28,NA,NA,NA,NA,NA,46.468,0.0267,3866937.541,Pipeline Natural Gas,Diesel Oil,Combined cycle,NA,Water Injection|Selective Catalytic Reduction,NA,NA,NBP
NY,KIAC Cogeneration,54114,GT2,NA,2004,5198,4975.79,200235.28,NA,NA,NA,NA,NA,38.25,0.0256,3447109.016,Pipeline Natural Gas,Diesel Oil,Combined cycle,NA,Water Injection|Selective Catalytic Reduction,NA,NA,NBP
NY,KIAC Cogeneration,54114,GT2,NA,2005,6950,6738.61,304013.12,NA,NA,NA,NA,NA,55.623,0.0256,4783418.632,Pipeline Natural Gas,Diesel Oil,Combined cycle,NA,Water Injection|Selective Catalytic Reduction,NA,NA,NBP
NY,KIAC Cogeneration,54114,GT2,NA,2006,5338,5178.17,233992.19,NA,NA,NA,NA,NA,26.56,0.0262,2252811.936,Pipeline Natural Gas,Diesel Oil,Combined cycle,NA,Water Injection|Selective Catalytic Reduction,NA,NA,NBP
NY,KIAC Cogeneration,54114,GT2,NA,2007,5647,5445.55,238848.64,NA,NA,NA,NA,NA,30.043,0.0283,2347661.588,Pipeline Natural Gas,Diesel Oil,Combined cycle,NA,Water Injection|Selective Catalytic Reduction,NA,NA,NBP
NY,KIAC Cogeneration,54114,GT2,NA,2008,5169,5023.86,216079.6,NA,NA,NA,NA,NA,26.122,0.0268,2131501.975,Pipeline Natural Gas,Diesel Oil,Combined cycle,NA,Water Injection|Selective Catalytic Reduction,NA,NA,"CAIRNOX, CAIROS, NBP"
NY,KIAC Cogeneration,54114,GT2,NA,2009,5001,4768.6,188948.15,NA,0.576,0.001,114020.842,0.0592,20.556,0.0254,1918657.615,Pipeline Natural Gas,Diesel Oil,Combined cycle,NA,Water Injection|Selective Catalytic Reduction,NA,NA,"CAIRNOX, CAIROS, CAIRSO2, RGGI"
NY,KIAC Cogeneration,54114,GT2,NA,2010,6027,5920.98,262713.31,NA,0.771,0.001,152638.772,0.0592,26.982,0.0229,2568451.092,Pipeline Natural Gas,Diesel Oil,Combined cycle,NA,Water Injection|Selective Catalytic Reduction,NA,NA,"CAIRNOX, CAIROS, CAIRSO2, RGGI"
NY,KIAC Cogeneration,54114,GT2,NA,2011,7499,7402.69,329165.19,NA,0.972,0.001,192548.379,0.0592,37.678,0.0246,3239907.782,Pipeline Natural Gas,Diesel Oil,Combined cycle,NA,Water Injection|Selective Catalytic Reduction,NA,NA,"CAIRNOX, CAIROS, CAIRSO2, RGGI"
NY,KIAC Cogeneration,54114,GT2,NA,2012,6613,6356.43,268999.92,NA,1.072,0.0019,153715.778,0.0592,29.23,0.0247,2586380.533,Pipeline Natural Gas,Diesel Oil,Combined cycle,NA,Water Injection|Selective Catalytic Reduction,NA,NA,"CAIRNOX, CAIROS, CAIRSO2, RGGI"
NY,KIAC Cogeneration,54114,GT2,NA,2013,6164,5939.43,264491.37,NA,0.738,0.001,146254.682,0.0592,28.855,0.0261,2461001.114,Pipeline Natural Gas,Diesel Oil,Combined cycle,NA,Water Injection|Selective Catalytic Reduction,NA,NA,"CAIRNOX, CAIROS, CAIRSO2, RGGI"
NY,KIAC Cogeneration,54114,GT2,NA,2014,7666,7585.05,334468.44,NA,5.319,0.0065,186778.058,0.0593,34.349,0.0223,3140716.351,Pipeline Natural Gas,Diesel Oil,Combined cycle,NA,Water Injection|Selective Catalytic Reduction,NA,NA,"CAIRNOX, CAIROS, CAIRSO2, RGGI"
NY,KIAC Cogeneration,54114,GT2,NA,2015,7875,7820.8,375125.6,NA,2.638,0.0025,207797.76,0.0592,39.097,0.0229,3495819.666,Pipeline Natural Gas,Diesel Oil,Combined cycle,NA,Water Injection|Selective Catalytic Reduction,NA,NA,"CSNOX, CSNOXOS, CSSO2G1, RGGI"
NY,KIAC Cogeneration,54114,GT2,NA,2016,7627,7557.79,355677.85,NA,1.014,0.001,200769.287,0.0592,41.716,0.0256,3378286.191,Pipeline Natural Gas,Diesel Oil,Combined cycle,NA,Water Injection|Selective Catalytic Reduction,NA,NA,"CSNOX, CSNOXOS, CSSO2G1, RGGI"
NY,KIAC Cogeneration,54114,GT2,NA,2017,5498,5276.73,233051.7,NA,0.672,0.001,133152.329,0.0592,29.58,0.0292,2240582.179,Pipeline Natural Gas,Diesel Oil,Combined cycle,NA,Water Injection|Selective Catalytic Reduction,NA,NA,"CSNOX, CSOSG2, CSSO2G1, RGGI"
NY,KIAC Cogeneration,54114,GT2,NA,2018,5469,5229.86,223786.41,NA,17.054,0.0224,128487.765,0.0595,28.648,0.0303,2153973.455,Pipeline Natural Gas,Diesel Oil,Combined cycle,NA,Water Injection|Selective Catalytic Reduction,NA,NA,"CSNOX, CSOSG2, CSSO2G1, RGGI"
NY,KIAC Cogeneration,54114,GT2,NA,2019,6738,6665.37,278665.19,NA,0.814,0.001,161033.786,0.0592,34.756,0.0255,2709653.184,Pipeline Natural Gas,Diesel Oil,Combined cycle,NA,Water Injection|Selective Catalytic Reduction,NA,NA,"CSNOX, CSOSG2, CSSO2G1, RGGI"
NY,KIAC Cogeneration,54114,GT2,NA,2020,3644,3517.38,119757.83,NA,0.497,0.0012,72729.434,0.0593,15.737,0.0273,1222503.911,Pipeline Natural Gas,Diesel Oil,Combined cycle,NA,Water Injection|Selective Catalytic Reduction,NA,NA,"CSNOX, CSOSG2, CSSO2G1, RGGI"
NY,KIAC Cogeneration,54114,GT2,NA,2021,5131,5021.6,194192.55,NA,0.58,0.001,111882.621,0.0592,24.496,0.0265,1882540.496,Pipeline Natural Gas,Diesel Oil,Combined cycle,NA,Water Injection|Selective Catalytic Reduction,NA,NA,"CSNOX, CSOSG3, CSSO2G1, RGGI"
NY,KIAC Cogeneration,54114,GT2,NA,2022,5382,5239.81,276576.06,NA,1.091,0.0014,135058.937,0.0594,30.788,0.029,2265305.696,Pipeline Natural Gas,Diesel Oil,Combined cycle,NA,Water Injection|Selective Catalytic Reduction,NA,NA,"CSNOX, CSOSG3, CSSO2G1, RGGI"
NY,KIAC Cogeneration,54114,GT2,NA,2023,5932,5850.7,276547.2,NA,0.717,0.001,141927.435,0.0592,32.414,0.0283,2388088.282,Pipeline Natural Gas,Diesel Oil,Combined cycle,NA,Water Injection|Selective Catalytic Reduction,NA,NA,"CSNOX, CSOSG3, CSSO2G1, RGGI"
NY,KIAC Cogeneration,54114,GT2,NA,2024,4734,4587.42,227425.44,NA,0.574,0.001,112500.278,0.0592,25.329,0.0303,1892893.384,Pipeline Natural Gas,Diesel Oil,Combined cycle,NA,Water Injection|Selective Catalytic Reduction,NA,NA,"CSNOX, CSOSG2E, CSSO2G1, RGGI"
NY,"World Generation X, LLC",54131,NTCT1,NA,1999,5045,5018.75,193407.25,NA,NA,NA,NA,NA,95.479,0.0839,2303920.65,Pipeline Natural Gas,Diesel Oil,Combined cycle,NA,Steam Injection,NA,NA,OTC
NY,"World Generation X, LLC",54131,NTCT1,NA,2000,6427,6414.25,259263.5,NA,NA,NA,NA,NA,120.141,0.0811,2993321.75,Pipeline Natural Gas,Diesel Oil,Combined cycle,NA,Steam Injection,NA,NA,OTC
NY,"World Generation X, LLC",54131,NTCT1,NA,2001,5275,5253,208751.5,NA,NA,NA,NA,NA,98.231,0.0826,2418490.775,Pipeline Natural Gas,Diesel Oil,Combined cycle,NA,Steam Injection,NA,NA,OTC
NY,"World Generation X, LLC",54131,NTCT1,NA,2002,6157,6138.25,233097,NA,NA,NA,NA,NA,116.282,0.0859,2744980.45,Pipeline Natural Gas,Diesel Oil,Combined cycle,NA,Steam Injection,NA,NA,OTC
NY,"World Generation X, LLC",54131,NTCT1,NA,2003,6038,6008.5,236302.5,NA,NA,NA,NA,NA,106.54,0.0786,2743744.075,Pipeline Natural Gas,Diesel Oil,Combined cycle,NA,Steam Injection,NA,NA,NBP
NY,"World Generation X, LLC",54131,NTCT1,NA,2004,2885,2869.5,118740.5,NA,NA,NA,NA,NA,52.305,0.0779,1375745.675,Pipeline Natural Gas,Diesel Oil,Combined cycle,NA,Steam Injection,NA,NA,NBP
NY,"World Generation X, LLC",54131,NTCT1,NA,2005,2183,2146.5,83155.75,NA,NA,NA,NA,NA,40.057,0.0864,975548.025,Pipeline Natural Gas,Diesel Oil,Combined cycle,NA,Steam Injection,NA,NA,NBP
NY,"World Generation X, LLC",54131,NTCT1,NA,2006,456,443.5,16375,NA,NA,NA,NA,NA,8.285,0.09,200447.225,Pipeline Natural Gas,Diesel Oil,Combined cycle,NA,Steam Injection,NA,NA,NBP
NY,"World Generation X, LLC",54131,NTCT1,NA,2007,495,483.25,19044,NA,NA,NA,NA,NA,9.64,0.0917,228581.3,Pipeline Natural Gas,Diesel Oil,Combined cycle,NA,Steam Injection,NA,NA,NBP
NY,"World Generation X, LLC",54131,NTCT1,NA,2008,136,130.75,4879.25,NA,NA,NA,NA,NA,2.889,0.1094,57234.525,Pipeline Natural Gas,Diesel Oil,Combined cycle,NA,Steam Injection,NA,NA,"CAIRNOX, CAIROS, NBP"
NY,"World Generation X, LLC",54131,NTCT1,NA,2009,101,97.75,3743.5,NA,0.013,0.001,2605,0.0592,1.979,0.1084,43829.9,Pipeline Natural Gas,Diesel Oil,Combined cycle,NA,Steam Injection,NA,NA,"CAIRNOX, CAIROS, CAIRSO2, RGGI"
NY,"World Generation X, LLC",54131,NTCT1,NA,2010,653,634.5,24392,NA,0.086,0.001,17015.325,0.0592,12.519,0.0948,286329.975,Pipeline Natural Gas,Diesel Oil,Combined cycle,NA,Steam Injection,NA,NA,"CAIRNOX, CAIROS, CAIRSO2, RGGI"
NY,"World Generation X, LLC",54131,NTCT1,NA,2011,319,311.75,11915.75,NA,0.043,0.001,8440.075,0.0592,6.217,0.095,142010.5,Pipeline Natural Gas,Diesel Oil,Combined cycle,NA,Steam Injection,NA,NA,"CAIRNOX, CAIROS, CAIRSO2, RGGI"
NY,"World Generation X, LLC",54131,NTCT1,NA,2012,1557,1518.75,55698.5,NA,0.199,0.001,39368.125,0.0592,28.038,0.0917,662453.775,Pipeline Natural Gas,Diesel Oil,Combined cycle,NA,Steam Injection,NA,NA,"CAIRNOX, CAIROS, CAIRSO2, RGGI"
NY,"World Generation X, LLC",54131,NTCT1,NA,2013,1047,1011.5,39174.75,NA,0.137,0.001,27135.5,0.0592,21.274,0.103,456600.025,Pipeline Natural Gas,Diesel Oil,Combined cycle,NA,Steam Injection,NA,NA,"CAIRNOX, CAIROS, CAIRSO2, RGGI"
NY,"World Generation X, LLC",54131,NTCT1,NA,2014,766,744.75,30430.25,NA,0.104,0.001,20703.05,0.0592,17.412,0.1108,348380.9,Pipeline Natural Gas,Diesel Oil,Combined cycle,NA,Steam Injection,NA,NA,"CAIRNOX, CAIROS, CAIRSO2, RGGI"
NY,"World Generation X, LLC",54131,NTCT1,NA,2015,817,807.25,31392.25,NA,0.11,0.001,21892.675,0.0592,16.489,0.0946,368364.1,Pipeline Natural Gas,Diesel Oil,Combined cycle,NA,Steam Injection,NA,NA,"CSNOX, CSNOXOS, CSSO2G1, RGGI"
NY,"World Generation X, LLC",54131,NTCT1,NA,2016,1648,1636.25,61365.5,NA,0.218,0.001,43306.65,0.0592,28.699,0.0814,728754.25,Pipeline Natural Gas,Diesel Oil,Combined cycle,NA,Steam Injection,NA,NA,"CSNOX, CSNOXOS, CSSO2G1, RGGI"
NY,"World Generation X, LLC",54131,NTCT1,NA,2017,216,210,8255,NA,0.029,0.001,5755.6,0.0592,3.972,0.0908,96840.45,Pipeline Natural Gas,Diesel Oil,Combined cycle,NA,Steam Injection,NA,NA,"CSNOX, CSOSG2, CSSO2G1, RGGI"
NY,"World Generation X, LLC",54131,NTCT1,NA,2018,480,473,17638.25,NA,0.063,0.001,12447.85,0.0592,7.733,0.0792,209455.2,Pipeline Natural Gas,Diesel Oil,Combined cycle,NA,Steam Injection,NA,NA,"CSNOX, CSOSG2, CSSO2G1, RGGI"
NY,"World Generation X, LLC",54131,NTCT1,NA,2019,337,333.68,13305.53,NA,0.047,0.001,9245.167,0.0592,6.78,0.0959,155575.425,Pipeline Natural Gas,Diesel Oil,Combined cycle,NA,Steam Injection,NA,NA,"CSNOX, CSOSG2, CSSO2G1, RGGI"
NY,"World Generation X, LLC",54131,NTCT1,NA,2020,440,420.74,11735.57,NA,0.06,0.001,10981.236,0.0592,6.482,0.0776,184773.137,Pipeline Natural Gas,Diesel Oil,Combined cycle,NA,Steam Injection,NA,NA,"CSNOX, CSOSG2, CSSO2G1, RGGI"
NY,"World Generation X, LLC",54131,NTCT1,NA,2021,125,116.64,3820.72,NA,0.015,9e-4,2845.406,0.0592,2.406,0.1238,47874.803,Pipeline Natural Gas,Diesel Oil,Combined cycle,NA,Steam Injection,NA,NA,"CSNOX, CSOSG3, CSSO2G1, RGGI"
NY,"World Generation X, LLC",54131,NTCT1,NA,2022,977,958.58,40804.39,NA,0.141,0.001,28886.865,0.0591,18.169,0.0799,486080.532,Pipeline Natural Gas,Diesel Oil,Combined cycle,NA,Steam Injection,NA,NA,"CSNOX, CSOSG3, CSSO2G1, RGGI"
NY,"World Generation X, LLC",54131,NTCT1,NA,2023,1404,1390.36,50984.23,NA,0.202,9e-4,37772.271,0.0592,23.553,0.076,635611.841,Pipeline Natural Gas,Diesel Oil,Combined cycle,NA,Steam Injection,NA,NA,"CSNOX, CSOSG3, CSSO2G1, RGGI"
NY,"World Generation X, LLC",54131,NTCT1,NA,2024,5499,5488.77,204130.91,NA,0.722,8e-4,140684.491,0.0592,91.056,0.0771,2367319.302,Pipeline Natural Gas,Diesel Oil,Combined cycle,NA,Steam Injection,NA,NA,"CSNOX, CSOSG2E, CSSO2G1, RGGI"
NY,Fulton Cogeneration Associates,54138,01GTDB,NA,1999,935,920,35151.5,NA,NA,NA,NA,NA,52.605,0.1786,601644.3,Pipeline Natural Gas,Diesel Oil,Combined cycle,NA,Water Injection,NA,NA,OTC
NY,Fulton Cogeneration Associates,54138,01GTDB,NA,2000,569,553,24441.75,NA,NA,NA,NA,NA,26.514,0.134,408114.925,Pipeline Natural Gas,Diesel Oil,Combined cycle,NA,Water Injection,NA,NA,OTC
NY,Fulton Cogeneration Associates,54138,01GTDB,NA,2001,1784,1757.25,72178,NA,NA,NA,NA,NA,76.085,0.1273,1208639.075,Pipeline Natural Gas,Diesel Oil,Combined cycle,NA,Water Injection,NA,NA,OTC
NY,Fulton Cogeneration Associates,54138,01GTDB,NA,2002,753,711.1,28219.16,NA,NA,NA,NA,NA,17.412,0.127,281053.641,Pipeline Natural Gas,Diesel Oil,Combined cycle,NA,Water Injection,NA,NA,OTC
NY,Fulton Cogeneration Associates,54138,01GTDB,NA,2003,213,205.71,7871.27,NA,0.021,0.001,4064.21,0.0593,4.636,0.1225,77612.319,Pipeline Natural Gas,Diesel Oil,Combined cycle,NA,Water Injection,NA,NA,"ARP, NBP"
NY,Fulton Cogeneration Associates,54138,01GTDB,NA,2004,22,20.38,923.76,NA,0.003,0.001,529.447,0.0592,0.593,0.1355,8907.272,Pipeline Natural Gas,Diesel Oil,Combined cycle,NA,Water Injection,NA,NA,"ARP, NBP"
NY,Fulton Cogeneration Associates,54138,01GTDB,NA,2005,10,8.29,309.75,NA,0.001,0.001,189.092,0.0594,0.227,0.1601,3183.77,Pipeline Natural Gas,Diesel Oil,Combined cycle,NA,Water Injection,NA,NA,"ARP, NBP"
NY,Fulton Cogeneration Associates,54138,01GTDB,NA,2006,0,0,NA,NA,NA,NA,NA,NA,NA,NA,NA,Pipeline Natural Gas,Diesel Oil,Combined cycle,NA,Water Injection,NA,NA,"ARP, NBP"
NY,Fulton Cogeneration Associates,54138,01GTDB,NA,2007,0,0,NA,NA,NA,NA,NA,NA,NA,NA,NA,Pipeline Natural Gas,Diesel Oil,Combined cycle,NA,Water Injection,NA,NA,"ARP, NBP"
NY,Fulton Cogeneration Associates,54138,01GTDB,NA,2008,0,0,NA,NA,NA,NA,NA,NA,NA,NA,NA,Pipeline Natural Gas,Diesel Oil,Combined cycle,NA,Water Injection,NA,NA,"ARP, NBP"
NY,Nissequogue Energy Center,54149,1,NA,1999,6432,6424.75,242164,NA,NA,NA,NA,NA,123.519,0.0919,2691635.775,Pipeline Natural Gas,Diesel Oil,Combustion turbine,NA,Water Injection,NA,NA,OTC
NY,Nissequogue Energy Center,54149,1,NA,2000,8384,8373.75,276377.75,NA,NA,NA,NA,NA,151.778,0.0897,3367013.15,Pipeline Natural Gas,Diesel Oil,Combustion turbine,NA,Water Injection,NA,NA,OTC
NY,Nissequogue Energy Center,54149,1,NA,2001,8045,8020.25,257583,NA,NA,NA,NA,NA,137.734,0.0871,3177201.575,Pipeline Natural Gas,Diesel Oil,Combustion turbine,NA,Water Injection,NA,NA,OTC
NY,Nissequogue Energy Center,54149,1,NA,2002,8587,8577.29,362395.27,NA,NA,NA,NA,NA,163.661,0.0854,3856848.267,Pipeline Natural Gas,Diesel Oil,Combustion turbine,NA,Water Injection,NA,NA,OTC
NY,Nissequogue Energy Center,54149,1,NA,2003,8460,8442.41,344331.53,NA,NA,NA,NA,NA,157.572,0.083,3814955.936,Pipeline Natural Gas,Diesel Oil,Combustion turbine,NA,Water Injection,NA,NA,NBP
NY,Nissequogue Energy Center,54149,1,NA,2004,8325,8305.31,326591.02,NA,NA,NA,NA,NA,150.108,0.0821,3683187.431,Pipeline Natural Gas,Diesel Oil,Combustion turbine,NA,Water Injection,NA,NA,NBP
NY,Nissequogue Energy Center,54149,1,NA,2005,8024,7993.73,297636.6,NA,NA,NA,NA,NA,144.014,0.0828,3500778.783,Pipeline Natural Gas,Diesel Oil,Combustion turbine,NA,Water Injection,NA,NA,NBP
NY,Nissequogue Energy Center,54149,1,NA,2006,8515,8488.08,295447.99,NA,NA,NA,NA,NA,136.364,0.081,3368108.781,Pipeline Natural Gas,Diesel Oil,Combustion turbine,NA,Water Injection,NA,NA,NBP
NY,Nissequogue Energy Center,54149,1,NA,2007,7847,7824.66,262645.71,NA,NA,NA,NA,NA,124.762,0.0807,3114364.237,Pipeline Natural Gas,Diesel Oil,Combustion turbine,NA,Water Injection,NA,NA,NBP
NY,Nissequogue Energy Center,54149,1,NA,2008,8108,8080.44,279447.64,NA,NA,NA,NA,NA,131.367,0.0822,3221082.334,Pipeline Natural Gas,Diesel Oil,Combustion turbine,NA,Water Injection,NA,NA,"CAIRNOX, CAIROS, NBP"
NY,Nissequogue Energy Center,54149,1,NA,2009,7515,7481.09,261541.63,NA,11.208,0.0049,181346.129,0.0595,123.617,0.0819,3028472.195,Pipeline Natural Gas,Diesel Oil,Combustion turbine,NA,Water Injection,NA,NA,"CAIRNOX, CAIROS, CAIRSO2, RGGI"
NY,Nissequogue Energy Center,54149,1,NA,2010,8033,8012.87,316252.04,NA,1.049,0.001,207690.217,0.0592,142.359,0.0819,3494803.121,Pipeline Natural Gas,Diesel Oil,Combustion turbine,NA,Water Injection,NA,NA,"CAIRNOX, CAIROS, CAIRSO2, RGGI"
NY,Nissequogue Energy Center,54149,1,NA,2011,7542,7518.22,285716.5,NA,0.967,0.001,191486.286,0.0592,128.767,0.0805,3222119.431,Pipeline Natural Gas,Diesel Oil,Combustion turbine,NA,Water Injection,NA,NA,"CAIRNOX, CAIROS, CAIRSO2, RGGI"
NY,Nissequogue Energy Center,54149,1,NA,2012,8249,8226.26,322880.79,NA,1.057,0.001,209263.775,0.0592,146.565,0.0836,3521270.429,Pipeline Natural Gas,Diesel Oil,Combustion turbine,NA,Water Injection,NA,NA,"CAIRNOX, CAIROS, CAIRSO2, RGGI"
NY,Nissequogue Energy Center,54149,1,NA,2013,8316,8302.34,326118.49,NA,1.223,0.001,216622.55,0.0592,140.928,0.0775,3644424.47,Pipeline Natural Gas,Diesel Oil,Combustion turbine,NA,Water Injection,NA,NA,"CAIRNOX, CAIROS, CAIRSO2, RGGI"
NY,Nissequogue Energy Center,54149,1,NA,2014,8119,8103.49,295190.67,NA,29.44,0.0183,204078.138,0.0596,134.633,0.0791,3412881.646,Pipeline Natural Gas,Diesel Oil,Combustion turbine,NA,Water Injection,NA,NA,"CAIRNOX, CAIROS, CAIRSO2, RGGI"
NY,Nissequogue Energy Center,54149,1,NA,2015,8046,8012.98,289325.79,NA,0.99,0.001,188917.723,0.0592,121.685,0.0769,3178859.915,Pipeline Natural Gas,Diesel Oil,Combustion turbine,NA,Water Injection,NA,NA,"CSNOX, CSNOXOS, CSSO2G1, RGGI"
NY,Nissequogue Energy Center,54149,1,NA,2016,8099,8074.97,297014.79,NA,0.978,0.001,193764.84,0.0592,120.92,0.0745,3260450.297,Pipeline Natural Gas,Diesel Oil,Combustion turbine,NA,Water Injection,NA,NA,"CSNOX, CSNOXOS, CSSO2G1, RGGI"
NY,Nissequogue Energy Center,54149,1,NA,2017,8117,8102.51,311190.27,NA,1.039,0.001,205822.982,0.0592,134.601,0.078,3463388.226,Pipeline Natural Gas,Diesel Oil,Combustion turbine,NA,Water Injection,NA,NA,"CSNOX, CSOSG2, CSSO2G1, RGGI"
NY,Nissequogue Energy Center,54149,1,NA,2018,8180,8162.99,307473.43,NA,1.071,0.0011,209258.781,0.0592,135.094,0.0771,3519669.113,Pipeline Natural Gas,Diesel Oil,Combustion turbine,NA,Water Injection,NA,NA,"CSNOX, CSOSG2, CSSO2G1, RGGI"
NY,Nissequogue Energy Center,54149,1,NA,2019,7996,7972.95,300526.82,NA,0.996,0.001,197236.769,0.0592,130.253,0.0788,3318798.556,Pipeline Natural Gas,Diesel Oil,Combustion turbine,NA,Water Injection,NA,NA,"CSNOX, CSOSG2, CSSO2G1, RGGI"
NY,Nissequogue Energy Center,54149,1,NA,2020,8345,8332.01,350125.99,NA,1.001,0.001,198180.252,0.0592,130.311,0.0784,3334709.923,Pipeline Natural Gas,Diesel Oil,Combustion turbine,NA,Water Injection,NA,NA,"CSNOX, CSOSG2, CSSO2G1, RGGI"
NY,Nissequogue Energy Center,54149,1,NA,2021,7741,7729.59,491963.89,NA,0.96,0.001,190426.186,0.0593,119.177,0.0749,3200977.789,Pipeline Natural Gas,Diesel Oil,Combustion turbine,NA,Water Injection,NA,NA,"CSNOX, CSOSG3, CSSO2G1, RGGI"
NY,Nissequogue Energy Center,54149,1,NA,2022,7915,7894.48,490074.36,NA,0.958,0.001,189738.62,0.0594,122.305,0.0775,3187948.36,Pipeline Natural Gas,Diesel Oil,Combustion turbine,NA,Water Injection,NA,NA,"CSNOX, CSOSG3, CSSO2G1, RGGI"
NY,Nissequogue Energy Center,54149,1,NA,2023,7958,7948.81,494998.45,NA,0.944,0.001,186917.544,0.0593,133.958,0.0857,3144275.592,Pipeline Natural Gas,Diesel Oil,Combustion turbine,NA,Water Injection,NA,NA,"CSNOX, CSOSG3, CSSO2G1, RGGI"
NY,Nissequogue Energy Center,54149,1,NA,2024,8164,8153.25,529668.3,NA,1.002,0.001,198367.352,0.0592,146.134,0.0878,3337853.962,Pipeline Natural Gas,Diesel Oil,Combustion turbine,NA,Water Injection,NA,NA,"CSNOX, CSOSG2E, CSSO2G1, RGGI"
NY,Project Orange Facility,54425,001,NA,1999,3122,3058,114844.75,NA,NA,NA,NA,NA,37.027,0.0781,1001717.625,Pipeline Natural Gas,NA,Combustion turbine,NA,Steam Injection,NA,NA,OTC
NY,Project Orange Facility,54425,001,NA,2000,1972,1900.25,68282.5,NA,NA,NA,NA,NA,24.532,0.0973,608709.45,Pipeline Natural Gas,NA,Combustion turbine,NA,Steam Injection,NA,NA,OTC
NY,Project Orange Facility,54425,001,NA,2001,1029,983.25,32307.5,NA,NA,NA,NA,NA,12.061,0.0926,318452.475,Pipeline Natural Gas,NA,Combustion turbine,NA,Steam Injection,NA,NA,OTC
NY,Project Orange Facility,54425,001,NA,2002,2087,2037.25,60468.83,NA,NA,NA,NA,NA,23.842,0.0778,645763.581,Pipeline Natural Gas,NA,Combustion turbine,NA,Steam Injection,NA,NA,OTC
NY,Project Orange Facility,54425,001,NA,2003,1925,1846.67,54161.24,NA,0.141,0.001,27895.24,0.0593,23.023,0.0935,545680.426,Pipeline Natural Gas,NA,Combustion turbine,NA,Steam Injection,NA,NA,"ARP, NBP"
NY,Project Orange Facility,54425,001,NA,2004,2670,2587.04,77214.53,NA,0.24,0.001,47444.753,0.0593,29.333,0.0829,798329.228,Pipeline Natural Gas,NA,Combustion turbine,NA,Steam Injection,NA,NA,"ARP, NBP"
NY,Project Orange Facility,54425,001,NA,2005,4496,4355.03,131370.72,NA,0.395,0.001,78212.398,0.0593,46.193,0.076,1316066.92,Pipeline Natural Gas,NA,Combustion turbine,NA,Steam Injection,NA,NA,"ARP, NBP"
NY,Project Orange Facility,54425,001,NA,2006,3064,2943.09,89583.47,NA,0.26,0.001,51534.145,0.0593,32.514,0.0793,867125.001,Pipeline Natural Gas,NA,Combustion turbine,NA,Steam Injection,NA,NA,"ARP, NBP"
NY,Project Orange Facility,54425,001,NA,2007,2137,2032.23,63757.59,NA,0.195,0.001,38607.025,0.0593,23.761,0.0793,649638.438,Pipeline Natural Gas,NA,Combustion turbine,NA,Steam Injection,NA,NA,"ARP, NBP"
NY,Project Orange Facility,54425,001,NA,2008,3856,3725.4,115996.08,NA,0.363,0.001,71819.105,0.0593,41.671,0.0736,1208479.872,Pipeline Natural Gas,NA,Combustion turbine,NA,Steam Injection,NA,NA,"ARP, CAIRNOX, CAIROS, NBP"
NY,Project Orange Facility,54425,001,NA,2009,4771,4745.66,149867.89,NA,0.466,0.001,92323.321,0.0593,52.097,0.0676,1553512.139,Pipeline Natural Gas,NA,Combustion turbine,NA,Steam Injection,NA,NA,"ARP, CAIRNOX, CAIROS, CAIRSO2, RGGI"
NY,Project Orange Facility,54425,001,NA,2010,1915,1852.85,57550.06,NA,0.167,0.001,32996.445,0.0592,20.109,0.0762,555198.497,Pipeline Natural Gas,NA,Combustion turbine,NA,Steam Injection,NA,NA,"ARP, CAIRNOX, CAIROS, CAIRSO2, RGGI"
NY,Project Orange Facility,54425,002,NA,1999,4228,4175,168465.75,NA,NA,NA,NA,NA,50.324,0.0728,1432833.025,Pipeline Natural Gas,NA,Combustion turbine,NA,Steam Injection,NA,NA,OTC
NY,Project Orange Facility,54425,002,NA,2000,2076,2020.25,75519,NA,NA,NA,NA,NA,21.819,0.0862,687752.15,Pipeline Natural Gas,NA,Combustion turbine,NA,Steam Injection,NA,NA,OTC
NY,Project Orange Facility,54425,002,NA,2001,181,154.75,4049,NA,NA,NA,NA,NA,2.115,0.154,42026.95,Pipeline Natural Gas,NA,Combustion turbine,NA,Steam Injection,NA,NA,OTC
NY,Project Orange Facility,54425,002,NA,2002,1772,1721.5,49510.74,NA,NA,NA,NA,NA,17.065,0.0756,475610.478,Pipeline Natural Gas,NA,Combustion turbine,NA,Steam Injection,NA,NA,OTC
NY,Project Orange Facility,54425,002,NA,2003,2066,1977.23,54026.41,NA,0.138,0.001,27324.937,0.0593,22.613,0.0888,556058.797,Pipeline Natural Gas,NA,Combustion turbine,NA,Steam Injection,NA,NA,"ARP, NBP"
NY,Project Orange Facility,54425,002,NA,2004,3350,3242.86,97705.04,NA,0.292,0.001,57869.339,0.0593,36.686,0.083,973818.054,Pipeline Natural Gas,NA,Combustion turbine,NA,Steam Injection,NA,NA,"ARP, NBP"
NY,Project Orange Facility,54425,002,NA,2005,4599,4419.56,134769.35,NA,0.405,0.001,80261.695,0.0593,52.425,0.0873,1350569.23,Pipeline Natural Gas,NA,Combustion turbine,NA,Steam Injection,NA,NA,"ARP, NBP"
NY,Project Orange Facility,54425,002,NA,2006,6458,6315.21,206044.29,NA,0.608,0.001,120351.049,0.0593,68.924,0.071,2025176.074,Pipeline Natural Gas,NA,Combustion turbine,NA,Steam Injection,NA,NA,"ARP, NBP"
NY,Project Orange Facility,54425,002,NA,2007,5990,5799.23,187205.94,NA,0.573,0.001,113539.272,0.0593,62.144,0.068,1910462.127,Pipeline Natural Gas,NA,Combustion turbine,NA,Steam Injection,NA,NA,"ARP, NBP"
NY,Project Orange Facility,54425,002,NA,2008,4517,4379.04,139882.44,NA,0.436,0.001,86338.617,0.0593,48.687,0.0696,1452776.374,Pipeline Natural Gas,NA,Combustion turbine,NA,Steam Injection,NA,NA,"ARP, CAIRNOX, CAIROS, NBP"
NY,Project Orange Facility,54425,002,NA,2009,132,107.46,2929.64,NA,0.009,0.001,1744.546,0.0594,1.076,0.084,29353.389,Pipeline Natural Gas,NA,Combustion turbine,NA,Steam Injection,NA,NA,"ARP, CAIRNOX, CAIROS, CAIRSO2, RGGI"
NY,Project Orange Facility,54425,002,NA,2010,2794,2682.62,81766.78,NA,0.242,0.001,48022.004,0.0593,29.418,0.0775,808064.334,Pipeline Natural Gas,NA,Combustion turbine,NA,Steam Injection,NA,NA,"ARP, CAIRNOX, CAIROS, CAIRSO2, RGGI"
NY,Independence,54547,1,NA,1999,5897,5880,1063775.5,0,NA,NA,NA,NA,76.3,0.015,10786599.075,Pipeline Natural Gas,NA,Combined cycle,NA,Dry Low NOx Burners|Selective Catalytic Reduction,NA,NA,OTC
NY,Independence,54547,1,NA,2000,8377,8371.5,1554404,0,NA,NA,NA,NA,113.134,0.0146,15659179.2,Pipeline Natural Gas,NA,Combined cycle,NA,Dry Low NOx Burners|Selective Catalytic Reduction,NA,NA,OTC
NY,Independence,54547,1,NA,2001,7560,7518,1248552.5,NA,NA,NA,NA,NA,97.455,0.0163,13094585.675,Pipeline Natural Gas,NA,Combined cycle,NA,Dry Low NOx Burners|Selective Catalytic Reduction,NA,NA,OTC
NY,Independence,54547,1,NA,2002,5077,4966.25,707590,NA,NA,NA,NA,NA,67.619,0.0214,8042204.1,Pipeline Natural Gas,NA,Combined cycle,NA,Dry Low NOx Burners|Selective Catalytic Reduction,NA,NA,OTC
NY,Independence,54547,1,NA,2003,3447,3312,420871.75,NA,NA,NA,NA,NA,48.32,0.0272,5040870.225,Pipeline Natural Gas,NA,Combined cycle,NA,Dry Low NOx Burners|Selective Catalytic Reduction,NA,NA,NBP
NY,Independence,54547,1,NA,2004,2447,2348.25,286009,NA,1.043,0.001,206617.275,0.059,35.554,0.03,3476718.675,Pipeline Natural Gas,NA,Combined cycle,NA,Dry Low NOx Burners|Selective Catalytic Reduction,NA,NA,"ARP, NBP"
NY,Independence,54547,1,NA,2005,3680,3492.25,675138,NA,1.599,0.001,316829.925,0.059,52.389,0.0312,5331313.25,Pipeline Natural Gas,NA,Combined cycle,NA,Dry Low NOx Burners|Selective Catalytic Reduction,NA,NA,"ARP, NBP"
NY,Independence,54547,1,NA,2006,2540,2360.15,444605.61,NA,1.034,0.001,204875.73,0.059,33.144,0.031,3447449.964,Pipeline Natural Gas,NA,Combined cycle,NA,Dry Low NOx Burners|Selective Catalytic Reduction,NA,NA,"ARP, NBP"
NY,Independence,54547,1,NA,2007,2774,2624.67,565992.46,NA,1.282,0.001,253983.583,0.059,35.397,0.0255,4273817.763,Pipeline Natural Gas,NA,Combined cycle,NA,Dry Low NOx Burners|Selective Catalytic Reduction,NA,NA,"ARP, NBP"
NY,Independence,54547,1,NA,2008,1751,1641.9,343613.51,NA,0.776,0.001,153660.824,0.059,24.008,0.0299,2585632.733,Pipeline Natural Gas,NA,Combined cycle,NA,Dry Low NOx Burners|Selective Catalytic Reduction,NA,NA,"ARP, CAIRNOX, CAIROS, NBP"
NY,Independence,54547,1,NA,2009,3445,3254.37,699856.68,NA,1.542,0.001,305799.864,0.059,45.347,0.0267,5145676.903,Pipeline Natural Gas,NA,Combined cycle,NA,Dry Low NOx Burners|Selective Catalytic Reduction,NA,NA,"ARP, CAIRNOX, CAIROS, CAIRSO2, RGGI"
NY,Independence,54547,1,NA,2010,4354,4127.05,864161.88,NA,1.88,0.001,372328.347,0.059,51.628,0.0241,6265091.207,Pipeline Natural Gas,NA,Combined cycle,NA,Dry Low NOx Burners|Selective Catalytic Reduction,NA,NA,"ARP, CAIRNOX, CAIROS, CAIRSO2, RGGI"
NY,Independence,54547,1,NA,2011,3944,3767.32,779301.33,NA,1.705,0.001,337791.714,0.059,45.241,0.0228,5683971.323,Pipeline Natural Gas,NA,Combined cycle,NA,Dry Low NOx Burners|Selective Catalytic Reduction,NA,NA,"ARP, CAIRNOX, CAIROS, CAIRSO2, RGGI"
NY,Independence,54547,1,NA,2012,7404,7339.84,1484316.89,NA,3.277,0.001,649201.913,0.059,67.471,0.014,10924056.67,Pipeline Natural Gas,NA,Combined cycle,NA,Dry Low NOx Burners|Selective Catalytic Reduction,NA,NA,"ARP, CAIRNOX, CAIROS, CAIRSO2, RGGI"
NY,Independence,54547,1,NA,2013,6113,6060.44,1237937.24,NA,2.705,0.001,535861.69,0.059,54.141,0.0137,9016888.6,Pipeline Natural Gas,NA,Combined cycle,NA,Dry Low NOx Burners|Selective Catalytic Reduction,NA,NA,"ARP, CAIRNOX, CAIROS, CAIRSO2, RGGI"
NY,Independence,54547,1,NA,2014,7233,7203.69,1452557.14,NA,3.166,0.001,627128.347,0.059,63.955,0.0129,10552650.007,Pipeline Natural Gas,NA,Combined cycle,NA,Dry Low NOx Burners|Selective Catalytic Reduction,NA,NA,"ARP, CAIRNOX, CAIROS, CAIRSO2, RGGI"
NY,Independence,54547,1,NA,2015,7589,7551.75,1551892.78,NA,3.383,0.001,670199.707,0.059,72.057,0.0136,11277426.937,Pipeline Natural Gas,NA,Combined cycle,NA,Dry Low NOx Burners|Selective Catalytic Reduction,NA,NA,"ARP, CSNOX, CSNOXOS, CSSO2G1, RGGI"
NY,Independence,54547,1,NA,2016,6190,6112.57,1229016.21,NA,2.675,0.001,529820.717,0.059,62.191,0.0166,8915272.685,Pipeline Natural Gas,NA,Combined cycle,NA,Dry Low NOx Burners|Selective Catalytic Reduction,NA,NA,"ARP, CSNOX, CSNOXOS, CSSO2G1, RGGI"
NY,Independence,54547,1,NA,2017,4885,4654.21,995224.55,NA,2.119,0.001,419703.09,0.059,60.776,0.0285,7062325.746,Pipeline Natural Gas,NA,Combined cycle,NA,Dry Low NOx Burners|Selective Catalytic Reduction,NA,NA,"ARP, CSNOX, CSOSG2, CSSO2G1, RGGI"
NY,Independence,54547,1,NA,2018,6165,5990.74,1347232.21,NA,2.854,0.001,565256.93,0.059,77.265,0.0231,9511521.208,Pipeline Natural Gas,NA,Combined cycle,NA,Dry Low NOx Burners|Selective Catalytic Reduction,NA,NA,"ARP, CSNOX, CSOSG2, CSSO2G1, RGGI"
NY,Independence,54547,1,NA,2019,6139,5957.8,1377612.86,NA,2.909,0.001,576321.377,0.059,83.708,0.0248,9697750.41,Pipeline Natural Gas,NA,Combined cycle,NA,Dry Low NOx Burners|Selective Catalytic Reduction,NA,NA,"ARP, CSNOX, CSOSG2, CSSO2G1, RGGI"
NY,Independence,54547,1,NA,2020,4606,4425.1,1000777.82,NA,2.122,0.001,420283.595,0.059,63.537,0.0263,7072111.37,Pipeline Natural Gas,NA,Combined cycle,NA,Dry Low NOx Burners|Selective Catalytic Reduction,NA,NA,"ARP, CSNOX, CSOSG2, CSSO2G1, RGGI"
NY,Independence,54547,1,NA,2021,4711,4571.01,1025985.98,NA,2.182,0.001,432247.112,0.059,51.953,0.021,7273390.743,Pipeline Natural Gas,NA,Combined cycle,NA,Dry Low NOx Burners|Selective Catalytic Reduction,NA,NA,"ARP, CSNOX, CSOSG3, CSSO2G1, RGGI"
NY,Independence,54547,1,NA,2022,4457,4316.4,1017053.78,NA,2.162,0.001,428269.13,0.059,53.933,0.0218,7206442.205,Pipeline Natural Gas,NA,Combined cycle,NA,Dry Low NOx Burners|Selective Catalytic Reduction,NA,NA,"ARP, CSNOX, CSOSG3, CSSO2G1, RGGI"
NY,Independence,54547,1,NA,2023,4423,4275.52,949443.28,NA,2.042,0.001,404513.714,0.059,50.94,0.0227,6806718.061,Pipeline Natural Gas,NA,Combined cycle,NA,Dry Low NOx Burners|Selective Catalytic Reduction,NA,NA,"ARP, CSNOX, CSOSG3, CSSO2G1, RGGI"
NY,Independence,54547,1,NA,2024,6924,6835.31,1619151.52,NA,3.442,0.001,681732.734,0.059,76.304,0.0157,11471445.609,Pipeline Natural Gas,NA,Combined cycle,NA,Dry Low NOx Burners|Selective Catalytic Reduction,NA,NA,"ARP, CSNOX, CSOSG2E, CSSO2G1, RGGI"
NY,Independence,54547,2,NA,1999,6208,6199.5,1106542,0,NA,NA,NA,NA,82.136,0.0155,11125041.6,Pipeline Natural Gas,NA,Combined cycle,NA,Dry Low NOx Burners|Selective Catalytic Reduction,NA,NA,OTC
NY,Independence,54547,2,NA,2000,7153,7148,1296638.25,0,NA,NA,NA,NA,96.686,0.0151,13013364.35,Pipeline Natural Gas,NA,Combined cycle,NA,Dry Low NOx Burners|Selective Catalytic Reduction,NA,NA,OTC
NY,Independence,54547,2,NA,2001,7650,7608,1231377,NA,NA,NA,NA,NA,100.066,0.0167,12843821.45,Pipeline Natural Gas,NA,Combined cycle,NA,Dry Low NOx Burners|Selective Catalytic Reduction,NA,NA,OTC
NY,Independence,54547,2,NA,2002,5170,5063,711280.25,NA,NA,NA,NA,NA,67.709,0.0235,7779206.45,Pipeline Natural Gas,NA,Combined cycle,NA,Dry Low NOx Burners|Selective Catalytic Reduction,NA,NA,OTC
NY,Independence,54547,2,NA,2003,3597,3479.25,441759.75,NA,NA,NA,NA,NA,45.634,0.0263,4963768.55,Pipeline Natural Gas,NA,Combined cycle,NA,Dry Low NOx Burners|Selective Catalytic Reduction,NA,NA,NBP
NY,Independence,54547,2,NA,2004,2137,2029.5,252239.75,NA,0.852,0.001,168731.3,0.059,30.088,0.034,2839211.05,Pipeline Natural Gas,NA,Combined cycle,NA,Dry Low NOx Burners|Selective Catalytic Reduction,NA,NA,"ARP, NBP"
NY,Independence,54547,2,NA,2005,3936,3727,706458.25,NA,1.613,0.001,319609.525,0.059,48.721,0.0301,5378019.75,Pipeline Natural Gas,NA,Combined cycle,NA,Dry Low NOx Burners|Selective Catalytic Reduction,NA,NA,"ARP, NBP"
NY,Independence,54547,2,NA,2006,2586,2404.54,424419.85,NA,0.99,0.001,196140.53,0.059,31.685,0.0332,3300485.624,Pipeline Natural Gas,NA,Combined cycle,NA,Dry Low NOx Burners|Selective Catalytic Reduction,NA,NA,"ARP, NBP"
NY,Independence,54547,2,NA,2007,2740,2603.62,545574.51,NA,1.218,0.001,241298.139,0.059,34.186,0.026,4060303.424,Pipeline Natural Gas,NA,Combined cycle,NA,Dry Low NOx Burners|Selective Catalytic Reduction,NA,NA,"ARP, NBP"
NY,Independence,54547,2,NA,2008,2056,1960.97,391515.55,NA,0.895,0.001,177263.25,0.059,27.491,0.0299,2982806.869,Pipeline Natural Gas,NA,Combined cycle,NA,Dry Low NOx Burners|Selective Catalytic Reduction,NA,NA,"ARP, CAIRNOX, CAIROS, NBP"
NY,Independence,54547,2,NA,2009,4240,4066.78,825716.29,NA,1.888,0.001,372954.738,0.059,51.762,0.0233,6275679.495,Pipeline Natural Gas,NA,Combined cycle,NA,Dry Low NOx Burners|Selective Catalytic Reduction,NA,NA,"ARP, CAIRNOX, CAIROS, CAIRSO2, RGGI"
NY,Independence,54547,2,NA,2010,4260,4036.18,823948.56,NA,1.817,0.001,358971.561,0.059,48.835,0.0234,6040417.319,Pipeline Natural Gas,NA,Combined cycle,NA,Dry Low NOx Burners|Selective Catalytic Reduction,NA,NA,"ARP, CAIRNOX, CAIROS, CAIRSO2, RGGI"
NY,Independence,54547,2,NA,2011,3426,3209.38,645452.27,NA,1.424,0.001,281954.887,0.059,41.483,0.027,4744457.993,Pipeline Natural Gas,NA,Combined cycle,NA,Dry Low NOx Burners|Selective Catalytic Reduction,NA,NA,"ARP, CAIRNOX, CAIROS, CAIRSO2, RGGI"
NY,Independence,54547,2,NA,2012,7445,7359.66,1474886.57,NA,3.261,0.001,646015.943,0.059,67.769,0.0145,10870458.639,Pipeline Natural Gas,NA,Combined cycle,NA,Dry Low NOx Burners|Selective Catalytic Reduction,NA,NA,"ARP, CAIRNOX, CAIROS, CAIRSO2, RGGI"
NY,Independence,54547,2,NA,2013,6295,6244.69,1235547.45,NA,2.724,0.001,539665.983,0.059,54.79,0.0135,9080875.615,Pipeline Natural Gas,NA,Combined cycle,NA,Dry Low NOx Burners|Selective Catalytic Reduction,NA,NA,"ARP, CAIRNOX, CAIROS, CAIRSO2, RGGI"
NY,Independence,54547,2,NA,2014,7458,7438.81,1455001.69,NA,3.229,0.001,639596.3,0.059,67.715,0.0131,10762408.201,Pipeline Natural Gas,NA,Combined cycle,NA,Dry Low NOx Burners|Selective Catalytic Reduction,NA,NA,"ARP, CAIRNOX, CAIROS, CAIRSO2, RGGI"
NY,Independence,54547,2,NA,2015,8085,8058.66,1627347.33,NA,3.607,0.001,714496.576,0.059,78.378,0.0137,12022744.051,Pipeline Natural Gas,NA,Combined cycle,NA,Dry Low NOx Burners|Selective Catalytic Reduction,NA,NA,"ARP, CSNOX, CSNOXOS, CSSO2G1, RGGI"
NY,Independence,54547,2,NA,2016,6137,6045.48,1189345.19,NA,2.641,0.001,523206.795,0.059,61.649,0.0163,8804029.571,Pipeline Natural Gas,NA,Combined cycle,NA,Dry Low NOx Burners|Selective Catalytic Reduction,NA,NA,"ARP, CSNOX, CSNOXOS, CSSO2G1, RGGI"
NY,Independence,54547,2,NA,2017,4977,4744.2,977211.91,NA,2.138,0.001,423590.604,0.059,61.534,0.0289,7127751.226,Pipeline Natural Gas,NA,Combined cycle,NA,Dry Low NOx Burners|Selective Catalytic Reduction,NA,NA,"ARP, CSNOX, CSOSG2, CSSO2G1, RGGI"
NY,Independence,54547,2,NA,2018,5904,5585.57,1213472.66,NA,2.599,0.001,514767.407,0.059,76.939,0.0291,8661922.064,Pipeline Natural Gas,NA,Combined cycle,NA,Dry Low NOx Burners|Selective Catalytic Reduction,NA,NA,"ARP, CSNOX, CSOSG2, CSSO2G1, RGGI"
NY,Independence,54547,2,NA,2019,5899,5669.01,1272722.7,NA,2.698,0.001,534463.782,0.059,81.066,0.0262,8993427.717,Pipeline Natural Gas,NA,Combined cycle,NA,Dry Low NOx Burners|Selective Catalytic Reduction,NA,NA,"ARP, CSNOX, CSOSG2, CSSO2G1, RGGI"
NY,Independence,54547,2,NA,2020,5226,5134.58,1159893.48,NA,2.481,0.001,491435.017,0.059,65.8,0.0199,8269395.063,Pipeline Natural Gas,NA,Combined cycle,NA,Dry Low NOx Burners|Selective Catalytic Reduction,NA,NA,"ARP, CSNOX, CSOSG2, CSSO2G1, RGGI"
NY,Independence,54547,2,NA,2021,4508,4397.77,954619.45,NA,2.04,0.001,404066.608,0.059,49.965,0.0209,6799236.791,Pipeline Natural Gas,NA,Combined cycle,NA,Dry Low NOx Burners|Selective Catalytic Reduction,NA,NA,"ARP, CSNOX, CSOSG3, CSSO2G1, RGGI"
NY,Independence,54547,2,NA,2022,4791,4672.7,1068833.48,NA,2.287,0.001,453063.087,0.059,53.288,0.0191,7623688.511,Pipeline Natural Gas,NA,Combined cycle,NA,Dry Low NOx Burners|Selective Catalytic Reduction,NA,NA,"ARP, CSNOX, CSOSG3, CSSO2G1, RGGI"
NY,Independence,54547,2,NA,2023,5185,5043.47,1081815.62,NA,2.389,0.001,473253.445,0.059,54.765,0.019,7963385.18,Pipeline Natural Gas,NA,Combined cycle,NA,Dry Low NOx Burners|Selective Catalytic Reduction,NA,NA,"ARP, CSNOX, CSOSG3, CSSO2G1, RGGI"
NY,Independence,54547,2,NA,2024,6620,6477.48,1508301.99,NA,3.192,0.001,632272.398,0.059,76.053,0.0189,10639144.591,Pipeline Natural Gas,NA,Combined cycle,NA,Dry Low NOx Burners|Selective Catalytic Reduction,NA,NA,"ARP, CSNOX, CSOSG2E, CSSO2G1, RGGI"
NY,Independence,54547,3,NA,1999,6234,6227,1060516.75,0,NA,NA,NA,NA,74.755,0.0144,10660926.45,Pipeline Natural Gas,NA,Combined cycle,NA,Dry Low NOx Burners|Selective Catalytic Reduction,NA,NA,OTC
NY,Independence,54547,3,NA,2000,8110,8104,1419300.25,0,NA,NA,NA,NA,105.294,0.0148,14608941.275,Pipeline Natural Gas,NA,Combined cycle,NA,Dry Low NOx Burners|Selective Catalytic Reduction,NA,NA,OTC
NY,Independence,54547,3,NA,2001,7989,7957.5,1296265.75,NA,NA,NA,NA,NA,100.255,0.0156,13784775.175,Pipeline Natural Gas,NA,Combined cycle,NA,Dry Low NOx Burners|Selective Catalytic Reduction,NA,NA,OTC
NY,Independence,54547,3,NA,2002,5193,5060.5,691776.5,NA,NA,NA,NA,NA,69.892,0.0238,7933425.55,Pipeline Natural Gas,NA,Combined cycle,NA,Dry Low NOx Burners|Selective Catalytic Reduction,NA,NA,OTC
NY,Independence,54547,3,NA,2003,3129,2994,371111.75,NA,NA,NA,NA,NA,44.411,0.0298,4437958.6,Pipeline Natural Gas,NA,Combined cycle,NA,Dry Low NOx Burners|Selective Catalytic Reduction,NA,NA,NBP
NY,Independence,54547,3,NA,2004,2672,2584,306037.25,NA,1.117,0.001,221178.475,0.059,36.292,0.0276,3721778.575,Pipeline Natural Gas,NA,Combined cycle,NA,Dry Low NOx Burners|Selective Catalytic Reduction,NA,NA,"ARP, NBP"
NY,Independence,54547,3,NA,2005,3509,3324.75,620377.5,NA,1.49,0.001,295105.95,0.059,46.749,0.0301,4965691.175,Pipeline Natural Gas,NA,Combined cycle,NA,Dry Low NOx Burners|Selective Catalytic Reduction,NA,NA,"ARP, NBP"
NY,Independence,54547,3,NA,2006,2378,2217.78,373643.11,NA,0.944,0.001,187095.526,0.059,32.445,0.0341,3148240.051,Pipeline Natural Gas,NA,Combined cycle,NA,Dry Low NOx Burners|Selective Catalytic Reduction,NA,NA,"ARP, NBP"
NY,Independence,54547,3,NA,2007,3278,3116.1,648179.05,NA,1.503,0.001,297723.412,0.059,43.883,0.0263,5009794.877,Pipeline Natural Gas,NA,Combined cycle,NA,Dry Low NOx Burners|Selective Catalytic Reduction,NA,NA,"ARP, NBP"
NY,Independence,54547,3,NA,2008,1108,1029.77,206646.34,NA,0.48,0.001,95069.535,0.059,16.211,0.0323,1599735.787,Pipeline Natural Gas,NA,Combined cycle,NA,Dry Low NOx Burners|Selective Catalytic Reduction,NA,NA,"ARP, CAIRNOX, CAIROS, NBP"
NY,Independence,54547,3,NA,2009,3420,3214.14,627561.52,NA,1.524,0.001,302248.019,0.059,46.041,0.0271,5085875.482,Pipeline Natural Gas,NA,Combined cycle,NA,Dry Low NOx Burners|Selective Catalytic Reduction,NA,NA,"ARP, CAIRNOX, CAIROS, CAIRSO2, RGGI"
NY,Independence,54547,3,NA,2010,4530,4253.49,886325.24,NA,1.994,0.001,395523.738,0.059,57.279,0.0262,6655472.258,Pipeline Natural Gas,NA,Combined cycle,NA,Dry Low NOx Burners|Selective Catalytic Reduction,NA,NA,"ARP, CAIRNOX, CAIROS, CAIRSO2, RGGI"
NY,Independence,54547,3,NA,2011,3464,3262,666737.27,NA,1.506,0.001,298365.86,0.059,43.566,0.0265,5020610.435,Pipeline Natural Gas,NA,Combined cycle,NA,Dry Low NOx Burners|Selective Catalytic Reduction,NA,NA,"ARP, CAIRNOX, CAIROS, CAIRSO2, RGGI"
NY,Independence,54547,3,NA,2012,6369,6340.06,1269039.37,NA,2.84,0.001,562513.405,0.059,56.495,0.0129,9465341.743,Pipeline Natural Gas,NA,Combined cycle,NA,Dry Low NOx Burners|Selective Catalytic Reduction,NA,NA,"ARP, CAIRNOX, CAIROS, CAIRSO2, RGGI"
NY,Independence,54547,3,NA,2013,6893,6835.06,1378354.97,NA,3.062,0.001,606599.023,0.059,61.061,0.0136,10207265.97,Pipeline Natural Gas,NA,Combined cycle,NA,Dry Low NOx Burners|Selective Catalytic Reduction,NA,NA,"ARP, CAIRNOX, CAIROS, CAIRSO2, RGGI"
NY,Independence,54547,3,NA,2014,7863,7844.59,1565733.87,NA,3.508,0.001,694817.411,0.059,69.009,0.0123,11691669.911,Pipeline Natural Gas,NA,Combined cycle,NA,Dry Low NOx Burners|Selective Catalytic Reduction,NA,NA,"ARP, CAIRNOX, CAIROS, CAIRSO2, RGGI"
NY,Independence,54547,3,NA,2015,7891,7858.53,1629713.96,NA,3.602,0.001,713438.926,0.059,75.665,0.0134,12004969.035,Pipeline Natural Gas,NA,Combined cycle,NA,Dry Low NOx Burners|Selective Catalytic Reduction,NA,NA,"ARP, CSNOX, CSNOXOS, CSSO2G1, RGGI"
NY,Independence,54547,3,NA,2016,5896,5796.96,1179014.21,NA,2.572,0.001,509564.29,0.059,61.2,0.0176,8574375.054,Pipeline Natural Gas,NA,Combined cycle,NA,Dry Low NOx Burners|Selective Catalytic Reduction,NA,NA,"ARP, CSNOX, CSNOXOS, CSSO2G1, RGGI"
NY,Independence,54547,3,NA,2017,6061,5868.7,1219808.05,NA,2.667,0.001,528264.053,0.059,70.621,0.0241,8889065.206,Pipeline Natural Gas,NA,Combined cycle,NA,Dry Low NOx Burners|Selective Catalytic Reduction,NA,NA,"ARP, CSNOX, CSOSG2, CSSO2G1, RGGI"
NY,Independence,54547,3,NA,2018,6053,5714.34,1265115.43,NA,2.667,0.001,528325.08,0.059,77.598,0.0281,8890042.896,Pipeline Natural Gas,NA,Combined cycle,NA,Dry Low NOx Burners|Selective Catalytic Reduction,NA,NA,"ARP, CSNOX, CSOSG2, CSSO2G1, RGGI"
NY,Independence,54547,3,NA,2019,5982,5696.89,1259071.31,NA,2.617,0.001,518361.25,0.059,82.203,0.028,8722408.117,Pipeline Natural Gas,NA,Combined cycle,NA,Dry Low NOx Burners|Selective Catalytic Reduction,NA,NA,"ARP, CSNOX, CSOSG2, CSSO2G1, RGGI"
NY,Independence,54547,3,NA,2020,4846,4670.05,1021607.96,NA,2.159,0.001,427599.069,0.059,66.669,0.0272,7195203.443,Pipeline Natural Gas,NA,Combined cycle,NA,Dry Low NOx Burners|Selective Catalytic Reduction,NA,NA,"ARP, CSNOX, CSOSG2, CSSO2G1, RGGI"
NY,Independence,54547,3,NA,2021,3887,3765.28,805809.46,NA,1.704,0.001,337466.7,0.059,40.031,0.0205,5678499.252,Pipeline Natural Gas,NA,Combined cycle,NA,Dry Low NOx Burners|Selective Catalytic Reduction,NA,NA,"ARP, CSNOX, CSOSG3, CSSO2G1, RGGI"
NY,Independence,54547,3,NA,2022,3645,3525.79,814626.52,NA,1.696,0.001,336047.174,0.059,40.297,0.0192,5654637.011,Pipeline Natural Gas,NA,Combined cycle,NA,Dry Low NOx Burners|Selective Catalytic Reduction,NA,NA,"ARP, CSNOX, CSOSG3, CSSO2G1, RGGI"
NY,Independence,54547,3,NA,2023,4392,4265.24,955284.43,NA,2.043,0.001,404776.102,0.059,48.409,0.0207,6811130.985,Pipeline Natural Gas,NA,Combined cycle,NA,Dry Low NOx Burners|Selective Catalytic Reduction,NA,NA,"ARP, CSNOX, CSOSG3, CSSO2G1, RGGI"
NY,Independence,54547,3,NA,2024,6879,6740.61,1581483.84,NA,3.317,0.001,657069.661,0.059,76.772,0.0175,11056435.854,Pipeline Natural Gas,NA,Combined cycle,NA,Dry Low NOx Burners|Selective Catalytic Reduction,NA,NA,"ARP, CSNOX, CSOSG2E, CSSO2G1, RGGI"
NY,Independence,54547,4,NA,1999,6307,6302,1074806,0,NA,NA,NA,NA,79.282,0.0145,11287243.5,Pipeline Natural Gas,NA,Combined cycle,NA,Dry Low NOx Burners|Selective Catalytic Reduction,NA,NA,OTC
NY,Independence,54547,4,NA,2000,8273,8268,1433149.25,0,NA,NA,NA,NA,107.037,0.0146,15002124.15,Pipeline Natural Gas,NA,Combined cycle,NA,Dry Low NOx Burners|Selective Catalytic Reduction,NA,NA,OTC
NY,Independence,54547,4,NA,2001,8046,8015.25,1271817.5,NA,NA,NA,NA,NA,99.538,0.0153,13724149.05,Pipeline Natural Gas,NA,Combined cycle,NA,Dry Low NOx Burners|Selective Catalytic Reduction,NA,NA,OTC
NY,Independence,54547,4,NA,2002,5297,5178.25,698270.75,NA,NA,NA,NA,NA,68.273,0.0229,7987748.475,Pipeline Natural Gas,NA,Combined cycle,NA,Dry Low NOx Burners|Selective Catalytic Reduction,NA,NA,OTC
NY,Independence,54547,4,NA,2003,3414,3280.5,405203,NA,NA,NA,NA,NA,47.179,0.0297,4795914.4,Pipeline Natural Gas,NA,Combined cycle,NA,Dry Low NOx Burners|Selective Catalytic Reduction,NA,NA,NBP
NY,Independence,54547,4,NA,2004,2422,2327.75,275276,NA,0.99,0.001,196104.8,0.059,34.497,0.0319,3299851.225,Pipeline Natural Gas,NA,Combined cycle,NA,Dry Low NOx Burners|Selective Catalytic Reduction,NA,NA,"ARP, NBP"
NY,Independence,54547,4,NA,2005,4051,3862.25,707647.5,NA,1.688,0.001,334433.425,0.059,50.967,0.0292,5627477.425,Pipeline Natural Gas,NA,Combined cycle,NA,Dry Low NOx Burners|Selective Catalytic Reduction,NA,NA,"ARP, NBP"
NY,Independence,54547,4,NA,2006,2249,2091.36,358371.2,NA,0.875,0.001,173295.795,0.059,27.368,0.0306,2916003.945,Pipeline Natural Gas,NA,Combined cycle,NA,Dry Low NOx Burners|Selective Catalytic Reduction,NA,NA,"ARP, NBP"
NY,Independence,54547,4,NA,2007,3169,2994.76,606667.55,NA,1.408,0.001,278988.341,0.059,38.191,0.0239,4694521.516,Pipeline Natural Gas,NA,Combined cycle,NA,Dry Low NOx Burners|Selective Catalytic Reduction,NA,NA,"ARP, NBP"
NY,Independence,54547,4,NA,2008,1368,1273.46,244403.98,NA,0.571,0.001,113057.053,0.059,19.178,0.033,1902426.935,Pipeline Natural Gas,NA,Combined cycle,NA,Dry Low NOx Burners|Selective Catalytic Reduction,NA,NA,"ARP, CAIRNOX, CAIROS, NBP"
NY,Independence,54547,4,NA,2009,3596,3428.88,669916.38,NA,1.602,0.001,316628.654,0.059,44.249,0.024,5327863.026,Pipeline Natural Gas,NA,Combined cycle,NA,Dry Low NOx Burners|Selective Catalytic Reduction,NA,NA,"ARP, CAIRNOX, CAIROS, CAIRSO2, RGGI"
NY,Independence,54547,4,NA,2010,4571,4379.73,916305.46,NA,2.044,0.001,404910.908,0.059,51.216,0.0205,6813438.06,Pipeline Natural Gas,NA,Combined cycle,NA,Dry Low NOx Burners|Selective Catalytic Reduction,NA,NA,"ARP, CAIRNOX, CAIROS, CAIRSO2, RGGI"
NY,Independence,54547,4,NA,2011,5244,5143.91,1067609.89,NA,2.401,0.001,475693.261,0.059,54.912,0.0168,8004387.831,Pipeline Natural Gas,NA,Combined cycle,NA,Dry Low NOx Burners|Selective Catalytic Reduction,NA,NA,"ARP, CAIRNOX, CAIROS, CAIRSO2, RGGI"
NY,Independence,54547,4,NA,2012,6278,6230.77,1245433.74,NA,2.795,0.001,553733.248,0.059,57.716,0.0137,9317622.069,Pipeline Natural Gas,NA,Combined cycle,NA,Dry Low NOx Burners|Selective Catalytic Reduction,NA,NA,"ARP, CAIRNOX, CAIROS, CAIRSO2, RGGI"
NY,Independence,54547,4,NA,2013,6857,6809.74,1328792.33,NA,3.038,0.001,601695.731,0.059,62.644,0.0136,10124732.564,Pipeline Natural Gas,NA,Combined cycle,NA,Dry Low NOx Burners|Selective Catalytic Reduction,NA,NA,"ARP, CAIRNOX, CAIROS, CAIRSO2, RGGI"
NY,Independence,54547,4,NA,2014,7512,7477.86,1471257.84,NA,3.351,0.001,663836.853,0.059,70.228,0.0135,11170365.787,Pipeline Natural Gas,NA,Combined cycle,NA,Dry Low NOx Burners|Selective Catalytic Reduction,NA,NA,"ARP, CAIRNOX, CAIROS, CAIRSO2, RGGI"
NY,Independence,54547,4,NA,2015,7995,7960.43,1609542.3,NA,3.636,0.001,720211.262,0.059,76.199,0.0133,12118928.753,Pipeline Natural Gas,NA,Combined cycle,NA,Dry Low NOx Burners|Selective Catalytic Reduction,NA,NA,"ARP, CSNOX, CSNOXOS, CSSO2G1, RGGI"
NY,Independence,54547,4,NA,2016,5536,5443.35,1096861.12,NA,2.425,0.001,480378.712,0.059,58.026,0.0175,8083267.817,Pipeline Natural Gas,NA,Combined cycle,NA,Dry Low NOx Burners|Selective Catalytic Reduction,NA,NA,"ARP, CSNOX, CSNOXOS, CSSO2G1, RGGI"
NY,Independence,54547,4,NA,2017,5206,4966.07,1055980.6,NA,2.3,0.001,455618.448,0.059,63.858,0.0273,7666631.678,Pipeline Natural Gas,NA,Combined cycle,NA,Dry Low NOx Burners|Selective Catalytic Reduction,NA,NA,"ARP, CSNOX, CSOSG2, CSSO2G1, RGGI"
NY,Independence,54547,4,NA,2018,7006,6726.93,1470905.64,NA,3.159,0.001,625721.067,0.059,85.513,0.0243,10528984.889,Pipeline Natural Gas,NA,Combined cycle,NA,Dry Low NOx Burners|Selective Catalytic Reduction,NA,NA,"ARP, CSNOX, CSOSG2, CSSO2G1, RGGI"
NY,Independence,54547,4,NA,2019,5919,5639.2,1228221.89,NA,2.589,0.001,512897.397,0.059,79.488,0.0282,8630472.213,Pipeline Natural Gas,NA,Combined cycle,NA,Dry Low NOx Burners|Selective Catalytic Reduction,NA,NA,"ARP, CSNOX, CSOSG2, CSSO2G1, RGGI"
NY,Independence,54547,4,NA,2020,4749,4574.71,991293.42,NA,2.116,0.001,419151.668,0.059,61.255,0.025,7053021.997,Pipeline Natural Gas,NA,Combined cycle,NA,Dry Low NOx Burners|Selective Catalytic Reduction,NA,NA,"ARP, CSNOX, CSOSG2, CSSO2G1, RGGI"
NY,Independence,54547,4,NA,2021,3782,3653.13,787431.2,NA,1.67,0.001,330800.683,0.059,40.114,0.0211,5566361.127,Pipeline Natural Gas,NA,Combined cycle,NA,Dry Low NOx Burners|Selective Catalytic Reduction,NA,NA,"ARP, CSNOX, CSOSG3, CSSO2G1, RGGI"
NY,Independence,54547,4,NA,2022,3982,3841.72,864111.28,NA,1.827,0.001,361825.667,0.059,45.516,0.0214,6088447.605,Pipeline Natural Gas,NA,Combined cycle,NA,Dry Low NOx Burners|Selective Catalytic Reduction,NA,NA,"ARP, CSNOX, CSOSG3, CSSO2G1, RGGI"
NY,Independence,54547,4,NA,2023,4850,4708.37,1032775.57,NA,2.25,0.001,445629.774,0.059,56.645,0.0219,7498615.028,Pipeline Natural Gas,NA,Combined cycle,NA,Dry Low NOx Burners|Selective Catalytic Reduction,NA,NA,"ARP, CSNOX, CSOSG3, CSSO2G1, RGGI"
NY,Independence,54547,4,NA,2024,6908,6755.71,1552361.6,NA,3.292,0.001,652066.149,0.059,81.41,0.0196,10972214.67,Pipeline Natural Gas,NA,Combined cycle,NA,Dry Low NOx Burners|Selective Catalytic Reduction,NA,NA,"ARP, CSNOX, CSOSG2E, CSSO2G1, RGGI"
NY,"Saranac Power Partners, LP",54574,00001,NA,1999,6524,6519.25,523679.75,0,NA,NA,NA,NA,87.899,0.0279,6312277.85,Pipeline Natural Gas,NA,Combined cycle,NA,Selective Catalytic Reduction,NA,NA,OTC
NY,"Saranac Power Partners, LP",54574,00001,NA,2000,8550,8544.25,553616,0,NA,NA,NA,NA,123.621,0.0284,6607185.05,Pipeline Natural Gas,NA,Combined cycle,NA,Selective Catalytic Reduction,NA,NA,OTC
NY,"Saranac Power Partners, LP",54574,00001,NA,2001,8589,8583,723459.75,0,NA,NA,NA,NA,124.071,0.0285,8797601.625,Pipeline Natural Gas,NA,Combined cycle,NA,Selective Catalytic Reduction,NA,NA,OTC
NY,"Saranac Power Partners, LP",54574,00001,NA,2002,8634,8626,723094.25,0,NA,NA,NA,NA,124.93,0.0284,8850800.275,Pipeline Natural Gas,NA,Combined cycle,NA,Selective Catalytic Reduction,NA,NA,OTC
NY,"Saranac Power Partners, LP",54574,00001,NA,2003,8146,8138.5,667798.5,NA,NA,NA,NA,NA,114.989,0.028,8236416.225,Pipeline Natural Gas,NA,Combined cycle,NA,Selective Catalytic Reduction,NA,NA,NBP
NY,"Saranac Power Partners, LP",54574,00001,NA,2004,8455,8450,753895,NA,NA,NA,NA,NA,130.01,0.0285,9175476.75,Pipeline Natural Gas,NA,Combined cycle,NA,Selective Catalytic Reduction,NA,NA,NBP
NY,"Saranac Power Partners, LP",54574,00001,NA,2005,8634,8629,1066106.5,NA,NA,NA,NA,NA,120.273,0.0269,8952301.85,Pipeline Natural Gas,NA,Combined cycle,NA,Selective Catalytic Reduction,NA,NA,NBP
NY,"Saranac Power Partners, LP",54574,00001,NA,2006,8561,8555,1063107.5,NA,NA,NA,NA,NA,112.763,0.026,8708583.9,Pipeline Natural Gas,NA,Combined cycle,NA,Selective Catalytic Reduction,NA,NA,NBP
NY,"Saranac Power Partners, LP",54574,00001,NA,2007,8569,8565.57,1056564.8,NA,NA,NA,NA,NA,109.738,0.0261,8463130.1,Pipeline Natural Gas,NA,Combined cycle,NA,Selective Catalytic Reduction,NA,NA,NBP
NY,"Saranac Power Partners, LP",54574,00001,NA,2008,8647,8643.86,1076589.78,NA,NA,NA,NA,NA,114.943,0.026,8863972.12,Pipeline Natural Gas,NA,Combined cycle,NA,Selective Catalytic Reduction,NA,NA,"CAIRNOX, CAIROS, NBP"
NY,"Saranac Power Partners, LP",54574,00001,NA,2009,5312,5264.85,595736.9,NA,1.538,0.001,303807.626,0.059,67.626,0.0278,5112091.532,Pipeline Natural Gas,NA,Combined cycle,NA,Selective Catalytic Reduction,NA,NA,"ARP, CAIRNOX, CAIROS, CAIRSO2, RGGI"
NY,"Saranac Power Partners, LP",54574,00001,NA,2010,2636,2513.69,257288.34,NA,0.697,0.001,137971.958,0.059,29.997,0.0334,2321512.35,Pipeline Natural Gas,NA,Combined cycle,NA,Selective Catalytic Reduction,NA,NA,"ARP, CAIRNOX, CAIROS, CAIRSO2, RGGI"
NY,"Saranac Power Partners, LP",54574,00001,NA,2011,2734,2612.27,277722.05,NA,0.744,0.001,147438.771,0.059,35.68,0.0373,2480981.503,Pipeline Natural Gas,NA,Combined cycle,NA,Selective Catalytic Reduction,NA,NA,"ARP, CAIRNOX, CAIROS, CAIRSO2, RGGI"
NY,"Saranac Power Partners, LP",54574,00001,NA,2012,2785,2652.18,255197.29,NA,0.682,0.001,135135.762,0.059,31.011,0.0366,2273900.11,Pipeline Natural Gas,NA,Combined cycle,NA,Selective Catalytic Reduction,NA,NA,"ARP, CAIRNOX, CAIROS, CAIRSO2, RGGI"
NY,"Saranac Power Partners, LP",54574,00001,NA,2013,3429,3334.12,331821.18,NA,0.905,0.001,179301.248,0.059,38.941,0.0321,3017031.383,Pipeline Natural Gas,NA,Combined cycle,NA,Selective Catalytic Reduction,NA,NA,"ARP, CAIRNOX, CAIROS, CAIRSO2, RGGI"
NY,"Saranac Power Partners, LP",54574,00001,NA,2014,617,589.31,55807.13,NA,0.151,0.001,29837.383,0.059,8.651,0.0446,502092.553,Pipeline Natural Gas,NA,Combined cycle,NA,Selective Catalytic Reduction,NA,NA,"ARP, CAIRNOX, CAIROS, CAIRSO2, RGGI"
NY,"Saranac Power Partners, LP",54574,00001,NA,2015,1558,1463.49,145769.5,NA,0.398,0.001,78899.236,0.059,20.887,0.0427,1327638.794,Pipeline Natural Gas,NA,Combined cycle,NA,Selective Catalytic Reduction,NA,NA,"ARP, CSNOX, CSNOXOS, CSSO2G1, RGGI"
NY,"Saranac Power Partners, LP",54574,00001,NA,2016,769,722.38,60291.71,NA,0.169,0.001,33544.191,0.059,9.087,0.0426,564457.616,Pipeline Natural Gas,NA,Combined cycle,NA,Selective Catalytic Reduction,NA,NA,"ARP, CSNOX, CSNOXOS, CSSO2G1, RGGI"
NY,"Saranac Power Partners, LP",54574,00001,NA,2017,608,578.76,53320.07,NA,0.151,0.001,29867.547,0.059,7.36,0.0389,502588.889,Pipeline Natural Gas,NA,Combined cycle,NA,Selective Catalytic Reduction,NA,NA,"ARP, CSNOX, CSOSG2, CSSO2G1, RGGI"
NY,"Saranac Power Partners, LP",54574,00001,NA,2018,317,301.71,33681.5,NA,0.094,0.001,18581.271,0.059,4.748,0.0402,312670.647,Pipeline Natural Gas,NA,Combined cycle,NA,Selective Catalytic Reduction,NA,NA,"ARP, CSNOX, CSOSG2, CSSO2G1, RGGI"
NY,"Saranac Power Partners, LP",54574,00001,NA,2019,712,686.88,72748.62,NA,0.198,0.001,39149.357,0.059,9.339,0.0378,658762.979,Pipeline Natural Gas,NA,Combined cycle,NA,Selective Catalytic Reduction,NA,NA,"ARP, CSNOX, CSOSG2, CSSO2G1, RGGI"
NY,"Saranac Power Partners, LP",54574,00001,NA,2020,271,253.68,22697.07,NA,0.062,0.001,12336.61,0.059,3.448,0.0469,207580.001,Pipeline Natural Gas,NA,Combined cycle,NA,Selective Catalytic Reduction,NA,NA,"ARP, CSNOX, CSOSG2, CSSO2G1, RGGI"
NY,"Saranac Power Partners, LP",54574,00001,NA,2021,427,406.19,36895.29,NA,0.105,0.001,20734.378,0.059,5.436,0.042,348892.126,Pipeline Natural Gas,NA,Combined cycle,NA,Selective Catalytic Reduction,NA,NA,"ARP, CSNOX, CSOSG3, CSSO2G1, RGGI"
NY,"Saranac Power Partners, LP",54574,00001,NA,2022,1060,1003.42,81024.4,NA,0.241,0.001,47764.246,0.059,13.236,0.0445,803701.92,Pipeline Natural Gas,NA,Combined cycle,NA,Selective Catalytic Reduction,NA,NA,"ARP, CSNOX, CSOSG3, CSSO2G1, RGGI"
NY,"Saranac Power Partners, LP",54574,00001,NA,2023,2715,2605.6,198538.26,NA,0.582,0.001,115183.562,0.059,26.539,0.0349,1938219.395,Pipeline Natural Gas,NA,Combined cycle,NA,Selective Catalytic Reduction,NA,NA,"ARP, CSNOX, CSOSG3, CSSO2G1, RGGI"
NY,"Saranac Power Partners, LP",54574,00001,NA,2024,3609,3467.05,281298.62,NA,0.783,0.001,155086.95,0.059,32.575,0.0311,2609495.769,Pipeline Natural Gas,NA,Combined cycle,NA,Selective Catalytic Reduction,NA,NA,"ARP, CSNOX, CSOSG2E, CSSO2G1, RGGI"
NY,"Saranac Power Partners, LP",54574,00002,NA,1999,6587,6584,526348.25,0,NA,NA,NA,NA,90.557,0.0276,6568164.8,Pipeline Natural Gas,NA,Combined cycle,NA,Selective Catalytic Reduction,NA,NA,OTC
NY,"Saranac Power Partners, LP",54574,00002,NA,2000,8524,8516.5,525517,0,NA,NA,NA,NA,125.101,0.0283,6601760.875,Pipeline Natural Gas,NA,Combined cycle,NA,Selective Catalytic Reduction,NA,NA,OTC
NY,"Saranac Power Partners, LP",54574,00002,NA,2001,6809,6802.75,583224,0,NA,NA,NA,NA,101.246,0.0284,7176984.5,Pipeline Natural Gas,NA,Combined cycle,NA,Selective Catalytic Reduction,NA,NA,OTC
NY,"Saranac Power Partners, LP",54574,00002,NA,2002,8450,8444,678374.75,0,NA,NA,NA,NA,124.731,0.0286,8796594.675,Pipeline Natural Gas,NA,Combined cycle,NA,Selective Catalytic Reduction,NA,NA,OTC
NY,"Saranac Power Partners, LP",54574,00002,NA,2003,8677,8672.5,752130.75,NA,NA,NA,NA,NA,132.065,0.0282,9441603.275,Pipeline Natural Gas,NA,Combined cycle,NA,Selective Catalytic Reduction,NA,NA,NBP
NY,"Saranac Power Partners, LP",54574,00002,NA,2004,7988,7971.75,630659,NA,NA,NA,NA,NA,115.083,0.0293,7929882.4,Pipeline Natural Gas,NA,Combined cycle,NA,Selective Catalytic Reduction,NA,NA,NBP
NY,"Saranac Power Partners, LP",54574,00002,NA,2005,8679,8675.5,1023640.75,NA,NA,NA,NA,NA,108.749,0.0267,8135768.375,Pipeline Natural Gas,NA,Combined cycle,NA,Selective Catalytic Reduction,NA,NA,NBP
NY,"Saranac Power Partners, LP",54574,00002,NA,2006,8629,8622.25,1043501,NA,NA,NA,NA,NA,107.023,0.0258,8315019.15,Pipeline Natural Gas,NA,Combined cycle,NA,Selective Catalytic Reduction,NA,NA,NBP
NY,"Saranac Power Partners, LP",54574,00002,NA,2007,8541,8534.07,1048137.04,NA,NA,NA,NA,NA,107.646,0.0255,8443331.273,Pipeline Natural Gas,NA,Combined cycle,NA,Selective Catalytic Reduction,NA,NA,NBP
NY,"Saranac Power Partners, LP",54574,00002,NA,2008,8769,8766.87,1063206.46,NA,NA,NA,NA,NA,108.113,0.0253,8532870.381,Pipeline Natural Gas,NA,Combined cycle,NA,Selective Catalytic Reduction,NA,NA,"CAIRNOX, CAIROS, NBP"
NY,"Saranac Power Partners, LP",54574,00002,NA,2009,5533,5456.32,601884.12,NA,1.477,0.001,290984.942,0.059,69.233,0.0295,4896356.655,Pipeline Natural Gas,NA,Combined cycle,NA,Selective Catalytic Reduction,NA,NA,"ARP, CAIRNOX, CAIROS, CAIRSO2, RGGI"
NY,"Saranac Power Partners, LP",54574,00002,NA,2010,1603,1543.97,152993.53,NA,0.388,0.001,76771.89,0.0591,17.741,0.0338,1291783.212,Pipeline Natural Gas,NA,Combined cycle,NA,Selective Catalytic Reduction,NA,NA,"ARP, CAIRNOX, CAIROS, CAIRSO2, RGGI"
NY,"Saranac Power Partners, LP",54574,00002,NA,2011,1014,976.56,109928.35,NA,0.281,0.001,55721.278,0.059,13.598,0.0369,937608.657,Pipeline Natural Gas,NA,Combined cycle,NA,Selective Catalytic Reduction,NA,NA,"ARP, CAIRNOX, CAIROS, CAIRSO2, RGGI"
NY,"Saranac Power Partners, LP",54574,00002,NA,2012,2256,2154.58,207551.69,NA,0.554,0.001,109647.046,0.059,28.371,0.0401,1845020.725,Pipeline Natural Gas,NA,Combined cycle,NA,Selective Catalytic Reduction,NA,NA,"ARP, CAIRNOX, CAIROS, CAIRSO2, RGGI"
NY,"Saranac Power Partners, LP",54574,00002,NA,2013,1674,1622.05,164444.68,NA,0.46,0.001,91094.177,0.059,21.936,0.0348,1532828.379,Pipeline Natural Gas,NA,Combined cycle,NA,Selective Catalytic Reduction,NA,NA,"ARP, CAIRNOX, CAIROS, CAIRSO2, RGGI"
NY,"Saranac Power Partners, LP",54574,00002,NA,2014,1325,1316.25,171383.44,NA,0.488,0.001,96684.537,0.059,19.568,0.0256,1626912.493,Pipeline Natural Gas,NA,Combined cycle,NA,Selective Catalytic Reduction,NA,NA,"ARP, CAIRNOX, CAIROS, CAIRSO2, RGGI"
NY,"Saranac Power Partners, LP",54574,00002,NA,2015,523,468.4,45467.08,NA,0.122,0.001,24139.693,0.0591,6.763,0.0507,406206.58,Pipeline Natural Gas,NA,Combined cycle,NA,Selective Catalytic Reduction,NA,NA,"ARP, CSNOX, CSNOXOS, CSSO2G1, RGGI"
NY,"Saranac Power Partners, LP",54574,00002,NA,2016,337,315.56,29598.93,NA,0.081,0.001,16062.901,0.059,4.422,0.0429,270281.745,Pipeline Natural Gas,NA,Combined cycle,NA,Selective Catalytic Reduction,NA,NA,"ARP, CSNOX, CSNOXOS, CSSO2G1, RGGI"
NY,"Saranac Power Partners, LP",54574,00002,NA,2017,83,76,6938.14,NA,0.019,0.001,3821.145,0.059,0.981,0.0426,64305.598,Pipeline Natural Gas,NA,Combined cycle,NA,Selective Catalytic Reduction,NA,NA,"ARP, CSNOX, CSOSG2, CSSO2G1, RGGI"
NY,"Saranac Power Partners, LP",54574,00002,NA,2018,482,456.81,38308.22,NA,0.107,0.001,21181.799,0.059,5.569,0.0415,356429.306,Pipeline Natural Gas,NA,Combined cycle,NA,Selective Catalytic Reduction,NA,NA,"ARP, CSNOX, CSOSG2, CSSO2G1, RGGI"
NY,"Saranac Power Partners, LP",54574,00002,NA,2019,119,112.06,12395.39,NA,0.033,0.001,6598.825,0.059,1.605,0.0403,111039.749,Pipeline Natural Gas,NA,Combined cycle,NA,Selective Catalytic Reduction,NA,NA,"ARP, CSNOX, CSOSG2, CSSO2G1, RGGI"
NY,"Saranac Power Partners, LP",54574,00002,NA,2020,134,126.39,12335.07,NA,0.033,0.001,6600.4,0.059,1.688,0.0432,111075.218,Pipeline Natural Gas,NA,Combined cycle,NA,Selective Catalytic Reduction,NA,NA,"ARP, CSNOX, CSOSG2, CSSO2G1, RGGI"
NY,"Saranac Power Partners, LP",54574,00002,NA,2021,124,121.15,11579.19,NA,0.032,0.001,6339.108,0.059,1.505,0.0348,106674.009,Pipeline Natural Gas,NA,Combined cycle,NA,Selective Catalytic Reduction,NA,NA,"ARP, CSNOX, CSOSG3, CSSO2G1, RGGI"
NY,"Saranac Power Partners, LP",54574,00002,NA,2022,207,196.32,14422.88,NA,0.042,0.001,8360.675,0.059,2.379,0.0455,140685.76,Pipeline Natural Gas,NA,Combined cycle,NA,Selective Catalytic Reduction,NA,NA,"ARP, CSNOX, CSOSG3, CSSO2G1, RGGI"
NY,"Saranac Power Partners, LP",54574,00002,NA,2023,513,494.16,45651.73,NA,0.13,0.001,25683.19,0.059,5.834,0.0356,432158.862,Pipeline Natural Gas,NA,Combined cycle,NA,Selective Catalytic Reduction,NA,NA,"ARP, CSNOX, CSOSG3, CSSO2G1, RGGI"
NY,"Saranac Power Partners, LP",54574,00002,NA,2024,1145,1094.06,87511.6,NA,0.237,0.001,46950.164,0.0591,10.669,0.0334,789903.409,Pipeline Natural Gas,NA,Combined cycle,NA,Selective Catalytic Reduction,NA,NA,"ARP, CSNOX, CSOSG2E, CSSO2G1, RGGI"
NY,Massena Energy Facility,54592,001,NA,1999,734,712,49135.5,NA,NA,NA,NA,NA,8.458,0.0537,461560.2,Pipeline Natural Gas,Diesel Oil,Combined cycle,NA,"Selective Catalytic Reduction (Began May 01, 1999)|Steam Injection (Began May 01, 1999)",NA,NA,OTC
NY,Massena Energy Facility,54592,001,NA,2000,592,566,39199,NA,NA,NA,NA,NA,6.981,0.0691,356323.3,Pipeline Natural Gas,Diesel Oil,Combined cycle,NA,Selective Catalytic Reduction|Steam Injection,NA,NA,OTC
NY,Massena Energy Facility,54592,001,NA,2001,602,582.25,41615.25,NA,NA,NA,NA,NA,6.441,0.0556,375243.45,Pipeline Natural Gas,Diesel Oil,Combined cycle,NA,Selective Catalytic Reduction|Steam Injection,NA,NA,OTC
NY,Massena Energy Facility,54592,001,NA,2002,610,585,42188,NA,NA,NA,NA,NA,7.08,0.0507,394884.15,Pipeline Natural Gas,Diesel Oil,Combined cycle,NA,Selective Catalytic Reduction|Steam Injection,NA,NA,OTC
NY,Massena Energy Facility,54592,001,NA,2003,207,200.75,13802.25,NA,0.031,0.001,6223.875,0.0591,2.459,0.0603,126878.625,Pipeline Natural Gas,Diesel Oil,Combined cycle,NA,Selective Catalytic Reduction|Steam Injection,NA,NA,"ARP, NBP"
NY,Massena Energy Facility,54592,001,NA,2004,75,70,3353,NA,0.009,0.001,1840.575,0.0591,1.764,0.1558,30975.525,Pipeline Natural Gas,Diesel Oil,Combined cycle,NA,Selective Catalytic Reduction|Steam Injection,NA,NA,"ARP, NBP"
NY,Massena Energy Facility,54592,001,NA,2005,415,384.5,25901.75,NA,0.057,0.001,11312.075,0.0592,4.854,0.0758,190355.925,Pipeline Natural Gas,Diesel Oil,Combined cycle,NA,Selective Catalytic Reduction|Steam Injection,NA,NA,"ARP, NBP"
NY,Massena Energy Facility,54592,001,NA,2006,23,20.5,1170.5,NA,0.173,0.0356,668.6,0.0645,0.373,0.1235,10366.625,Pipeline Natural Gas,Diesel Oil,Combined cycle,NA,Selective Catalytic Reduction|Steam Injection,NA,NA,"ARP, NBP"
NY,Massena Energy Facility,54592,001,NA,2007,189,175.3,8398.39,NA,0.435,0.01,7154.983,0.0617,2.505,0.0736,116301.318,Pipeline Natural Gas,Diesel Oil,Combined cycle,NA,Selective Catalytic Reduction|Steam Injection,NA,NA,"ARP, NBP"
NY,Massena Energy Facility,54592,001,NA,2008,59,53.67,2324.66,NA,0.01,9e-4,2003.472,0.059,0.739,0.0863,33716.198,Pipeline Natural Gas,Diesel Oil,Combined cycle,NA,Selective Catalytic Reduction|Steam Injection,NA,NA,"ARP, CAIRNOX, CAIROS, NBP"
NY,Massena Energy Facility,54592,001,NA,2009,25,22.35,896.07,NA,0.007,0.005,753.505,0.06,0.444,0.1465,12648.452,Pipeline Natural Gas,Diesel Oil,Combined cycle,NA,Selective Catalytic Reduction|Steam Injection,NA,NA,"ARP, CAIRNOX, CAIROS, CAIRSO2, RGGI"
NY,Massena Energy Facility,54592,001,NA,2010,106,95.11,3824.06,NA,0.016,0.001,3138.303,0.0592,1.242,0.0933,52811.513,Pipeline Natural Gas,Diesel Oil,Combined cycle,NA,Selective Catalytic Reduction|Steam Injection,NA,NA,"ARP, CAIRNOX, CAIROS, CAIRSO2, RGGI"
NY,Massena Energy Facility,54592,001,NA,2011,62,58.13,2348.62,NA,0.01,0.001,1980.607,0.0591,0.764,0.0745,33326.421,Pipeline Natural Gas,Diesel Oil,Combined cycle,NA,Selective Catalytic Reduction|Steam Injection,NA,NA,"ARP, CAIRNOX, CAIROS, CAIRSO2, RGGI"
NY,Massena Energy Facility,54592,001,NA,2012,100,94.86,4112.19,NA,0.018,0.001,3468.811,0.0591,1.19,0.0656,58363.538,Pipeline Natural Gas,Diesel Oil,Combined cycle,NA,Selective Catalytic Reduction|Steam Injection,NA,NA,"ARP, CAIRNOX, CAIROS, CAIRSO2, RGGI"
NY,Massena Energy Facility,54592,001,NA,2013,74,56.67,1700.27,NA,0.008,0.001,1641.742,0.0593,1.623,0.3052,27621.146,Pipeline Natural Gas,Diesel Oil,Combined cycle,NA,Selective Catalytic Reduction|Steam Injection,NA,NA,"ARP, CAIRNOX, CAIROS, CAIRSO2, RGGI"
NY,Massena Energy Facility,54592,001,NA,2014,41,34.32,1107.1,NA,0.005,0.001,1044.856,0.0593,0.992,0.2454,17579.497,Pipeline Natural Gas,Diesel Oil,Combined cycle,NA,Selective Catalytic Reduction|Steam Injection,NA,NA,"ARP, CAIRNOX, CAIROS, CAIRSO2, RGGI"
NY,Massena Energy Facility,54592,001,NA,2015,56,51.34,2014.83,NA,0.009,0.001,1791.355,0.0591,1.136,0.1434,30142.473,Pipeline Natural Gas,Diesel Oil,Combined cycle,NA,Selective Catalytic Reduction|Steam Injection,NA,NA,"ARP, CSNOX, CSNOXOS, CSSO2G1, RGGI"
NY,Massena Energy Facility,54592,001,NA,2016,80,67.27,2502.08,NA,0.011,0.001,2268.213,0.0591,2.98,0.2414,38167.28,Pipeline Natural Gas,Diesel Oil,Combined cycle,NA,Selective Catalytic Reduction|Steam Injection,NA,NA,"ARP, CSNOX, CSNOXOS, CSSO2G1, RGGI"
NY,Massena Energy Facility,54592,001,NA,2017,86,79.36,2927.59,NA,0.014,0.001,2855.776,0.0591,15.86,0.6696,48053.786,Pipeline Natural Gas,Diesel Oil,Combined cycle,NA,Selective Catalytic Reduction|Steam Injection,NA,NA,"ARP, CSNOX, CSOSG2, CSSO2G1, RGGI"
NY,Massena Energy Facility,54592,001,NA,2018,34,30.56,1106.42,NA,0.005,0.001,1004.885,0.0591,5.914,0.685,16911.317,Pipeline Natural Gas,Diesel Oil,Combined cycle,NA,Selective Catalytic Reduction|Steam Injection,NA,NA,"ARP, CSNOX, CSOSG2, CSSO2G1, RGGI"
NY,Massena Energy Facility,54592,001,NA,2019,27,23.41,956.03,NA,0.004,0.001,803.558,0.0592,0.521,0.1556,13519.895,Pipeline Natural Gas,Diesel Oil,Combined cycle,NA,Selective Catalytic Reduction|Steam Injection,NA,NA,"ARP, CSNOX, CSOSG2, CSSO2G1, RGGI"
NY,Massena Energy Facility,54592,001,NA,2020,23,20.1,578.48,NA,0.003,0.001,679.074,0.0591,0.384,0.1755,11426.832,Pipeline Natural Gas,Diesel Oil,Combined cycle,NA,Selective Catalytic Reduction|Steam Injection,NA,NA,"ARP, CSNOX, CSOSG2, CSSO2G1, RGGI"
NY,Massena Energy Facility,54592,001,NA,2021,232,225.07,11283.13,NA,0.044,0.001,8680.212,0.059,2.7,0.0551,146068.504,Pipeline Natural Gas,Diesel Oil,Combined cycle,NA,Selective Catalytic Reduction|Steam Injection,NA,NA,"ARP, CSNOX, CSOSG3, CSSO2G1, RGGI"
NY,Massena Energy Facility,54592,001,NA,2022,12,9.15,325.74,NA,0.001,0.001,292.567,0.0593,0.095,0.0895,4921.75,Pipeline Natural Gas,Diesel Oil,Combined cycle,NA,Selective Catalytic Reduction|Steam Injection,NA,NA,"ARP, CSNOX, CSOSG3, CSSO2G1, RGGI"
NY,Massena Energy Facility,54592,001,NA,2023,295,287.76,14391.11,NA,0.057,0.001,11273.405,0.059,3.416,0.0501,189702.148,Pipeline Natural Gas,Diesel Oil,Combined cycle,NA,Selective Catalytic Reduction|Steam Injection,NA,NA,"ARP, CSNOX, CSOSG3, CSSO2G1, RGGI"
NY,Massena Energy Facility,54592,001,NA,2024,172,166.94,7872.18,NA,0.032,0.001,6358.243,0.0591,2.066,0.0628,106986.667,Pipeline Natural Gas,Diesel Oil,Combined cycle,NA,Selective Catalytic Reduction|Steam Injection,NA,NA,"ARP, CSNOX, CSOSG2E, CSSO2G1, RGGI"
NY,Batavia Energy,54593,1,NA,1999,1405,1342.75,49338.5,0,NA,NA,NA,NA,35.592,0.1287,581535.525,Pipeline Natural Gas,NA,Combined cycle,NA,Steam Injection,NA,NA,OTC
NY,Batavia Energy,54593,1,NA,2000,949,902.25,34785,0,NA,NA,NA,NA,23.778,0.1235,398653.5,Pipeline Natural Gas,NA,Combined cycle,NA,Steam Injection,NA,NA,OTC
NY,Batavia Energy,54593,1,NA,2001,1229,1183.25,44334.25,0,NA,NA,NA,NA,31.131,0.1248,514994.05,Pipeline Natural Gas,NA,Combined cycle,NA,Steam Injection,NA,NA,OTC
NY,Batavia Energy,54593,1,NA,2002,1085,1041.75,38831.25,0,NA,NA,NA,NA,28.347,0.1371,434048.8,Pipeline Natural Gas,NA,Combined cycle,NA,Steam Injection,NA,NA,OTC
NY,Batavia Energy,54593,1,NA,2003,408,386.5,14501.25,NA,0.05,0.001,9943.45,0.0593,10.308,0.132,167271.625,Pipeline Natural Gas,NA,Combined cycle,NA,Steam Injection,NA,NA,"ARP, NBP"
NY,Batavia Energy,54593,1,NA,2004,655,627.25,24855.5,NA,0.086,0.001,16972.625,0.0592,16.955,0.1261,285567.125,Pipeline Natural Gas,NA,Combined cycle,NA,Steam Injection,NA,NA,"ARP, NBP"
NY,Batavia Energy,54593,1,NA,2005,1182,1098.5,39671.25,NA,0.142,0.001,28123.725,0.0593,28.102,0.1311,473118.825,Pipeline Natural Gas,NA,Combined cycle,NA,Steam Injection,NA,NA,"ARP, NBP"
NY,Batavia Energy,54593,1,NA,2006,361,340.25,11613.25,NA,0.042,0.001,8399.35,0.0593,8.58,0.1328,141285.275,Pipeline Natural Gas,NA,Combined cycle,NA,Steam Injection,NA,NA,"ARP, NBP"
NY,Batavia Energy,54593,1,NA,2007,410,388.75,13143.75,NA,0.049,0.001,9715.075,0.0593,9.946,0.1325,163432.875,Pipeline Natural Gas,NA,Combined cycle,NA,Steam Injection,NA,NA,"ARP, NBP"
NY,Batavia Energy,54593,1,NA,2008,120,111,3998,NA,0.014,0.001,2770.65,0.0592,2.834,0.1331,46614.925,Pipeline Natural Gas,NA,Combined cycle,NA,Steam Injection,NA,NA,"ARP, CAIRNOX, CAIROS, NBP"
NY,Batavia Energy,54593,1,NA,2009,612,597.25,22496.5,NA,0.087,0.001,15719.225,0.0593,14.78,0.1185,264456.15,Pipeline Natural Gas,NA,Combined cycle,NA,Steam Injection,NA,NA,"ARP, CAIRNOX, CAIROS, CAIRSO2, RGGI"
NY,Batavia Energy,54593,1,NA,2010,734,717.75,25283.25,NA,0.102,9e-4,17960.925,0.0593,37.207,0.248,302142.65,Pipeline Natural Gas,NA,Combined cycle,NA,Steam Injection,NA,NA,"ARP, CAIRNOX, CAIROS, CAIRSO2, RGGI"
NY,Batavia Energy,54593,1,NA,2011,1595,1573,56542.75,NA,0.229,9e-4,40143.575,0.0593,42.301,0.1298,675272.7,Pipeline Natural Gas,NA,Combined cycle,NA,Steam Injection,NA,NA,"ARP, CAIRNOX, CAIROS, CAIRSO2, RGGI"
NY,Batavia Energy,54593,1,NA,2012,2018,1998.25,73257.5,NA,0.285,9e-4,50681.425,0.0593,52.702,0.1266,852529.2,Pipeline Natural Gas,NA,Combined cycle,NA,Steam Injection,NA,NA,"ARP, CAIRNOX, CAIROS, CAIRSO2, RGGI"
NY,Batavia Energy,54593,1,NA,2013,894,872.5,24653.75,NA,0.121,9e-4,21543.625,0.0593,27.753,0.1583,362386.35,Pipeline Natural Gas,NA,Combined cycle,NA,Steam Injection,NA,NA,"ARP, CAIRNOX, CAIROS, CAIRSO2, RGGI"
NY,Batavia Energy,54593,1,NA,2014,268,243.84,7951.57,NA,0.03,0.001,5713.951,0.0594,6.174,0.1416,96117.291,Pipeline Natural Gas,NA,Combined cycle,NA,Steam Injection,NA,NA,"ARP, CAIRNOX, CAIROS, CAIRSO2, RGGI"
NY,Batavia Energy,54593,1,NA,2015,764,727.01,33076.07,NA,0.103,0.001,18451.351,0.0592,17.827,0.1227,310461.704,Pipeline Natural Gas,NA,Combined cycle,NA,Steam Injection,NA,NA,"ARP, CSNOX, CSNOXOS, CSSO2G1, RGGI"
NY,Batavia Energy,54593,1,NA,2016,1061,1015,46169.5,NA,0.133,0.001,26397.075,0.0592,24.629,0.1183,444189.525,Pipeline Natural Gas,NA,Combined cycle,NA,Steam Injection,NA,NA,"ARP, CSNOX, CSNOXOS, CSSO2G1, RGGI"
NY,Batavia Energy,54593,1,NA,2017,483,450.5,19465.25,NA,0.057,0.001,11352.15,0.0592,11.076,0.1277,191026.975,Pipeline Natural Gas,NA,Combined cycle,NA,Steam Injection,NA,NA,"ARP, CSNOX, CSOSG2, CSSO2G1, RGGI"
NY,Batavia Energy,54593,1,NA,2018,867,776.15,26320.67,NA,0.098,0.001,19420.046,0.0592,19.688,0.1371,326890.446,Pipeline Natural Gas,NA,Combined cycle,NA,Steam Injection,NA,NA,"ARP, CSNOX, CSOSG2, CSSO2G1, RGGI"
NY,Batavia Energy,54593,1,NA,2019,206,192.19,7047.99,NA,0.026,0.001,5086.227,0.0592,6.384,0.1596,85591.613,Pipeline Natural Gas,NA,Combined cycle,NA,Steam Injection,NA,NA,"ARP, CSNOX, CSOSG2, CSSO2G1, RGGI"
NY,Batavia Energy,54593,1,NA,2020,183,159.96,5105.66,NA,0.019,0.001,3843.732,0.0592,4.311,0.1564,64677.204,Pipeline Natural Gas,NA,Combined cycle,NA,Steam Injection,NA,NA,"ARP, CSNOX, CSOSG2, CSSO2G1, RGGI"
NY,Batavia Energy,54593,1,NA,2021,403,360.97,12005.56,NA,0.045,0.001,8985.533,0.0591,9.248,0.142,151249.599,Pipeline Natural Gas,NA,Combined cycle,NA,Steam Injection,NA,NA,"ARP, CSNOX, CSOSG3, CSSO2G1, RGGI"
NY,Batavia Energy,54593,1,NA,2022,74,58.8,1729.7,NA,0.007,0.001,1345.775,0.0592,1.558,0.1661,22651.751,Pipeline Natural Gas,NA,Combined cycle,NA,Steam Injection,NA,NA,"ARP, CSNOX, CSOSG3, CSSO2G1, RGGI"
NY,Batavia Energy,54593,1,NA,2023,147,134.47,4648.48,NA,0.017,0.001,3454.159,0.0592,3.505,0.1379,58134.733,Pipeline Natural Gas,NA,Combined cycle,NA,Steam Injection,NA,NA,"ARP, CSNOX, CSOSG3, CSSO2G1, RGGI"
NY,Batavia Energy,54593,1,NA,2024,111,90.71,2534.67,NA,0.01,0.001,2068.916,0.0592,2.167,0.1441,34808.134,Pipeline Natural Gas,NA,Combined cycle,NA,Steam Injection,NA,NA,"ARP, CSNOX, CSOSG2E, CSSO2G1, RGGI"
NY,Brooklyn Navy Yard Cogeneration,54914,1,NA,1996,NA,NA,NA,NA,0.6,NA,121144.8,NA,17,NA,1904310,Pipeline Natural Gas,Diesel Oil,"Combined cycle (Started Mar 01, 1996)",NA,Dry Low NOx Burners|Water Injection|Selective Catalytic Reduction,NA,NA,ARP
NY,Brooklyn Navy Yard Cogeneration,54914,1,NA,1997,7773,7762,803078.5,NA,4.407,0.0016,568715.8,0.0592,61.138,0.0141,9543000.725,Pipeline Natural Gas,Diesel Oil,Combined cycle,NA,Dry Low NOx Burners|Water Injection|Selective Catalytic Reduction,NA,NA,ARP
NY,Brooklyn Navy Yard Cogeneration,54914,1,NA,1998,8108,8102.25,835854.25,NA,3.096,0.0011,595619.35,0.059,44.97,0.0096,10021837.1,Pipeline Natural Gas,Diesel Oil,Combined cycle,NA,Dry Low NOx Burners|Water Injection|Selective Catalytic Reduction,NA,NA,ARP
NY,Brooklyn Navy Yard Cogeneration,54914,1,NA,1999,6998,6982.75,720041,NA,5.393,0.0016,515852.65,0.0593,38.275,0.0095,8631716.6,Pipeline Natural Gas,Diesel Oil,Combined cycle,NA,Dry Low NOx Burners|Water Injection|Selective Catalytic Reduction,NA,NA,"ARP, OTC"
NY,Brooklyn Navy Yard Cogeneration,54914,1,NA,2000,8266,8238.75,847526.5,NA,12.502,0.0026,618297.45,0.0599,53.406,0.0109,10241392.825,Pipeline Natural Gas,Diesel Oil,Combined cycle,NA,Dry Low NOx Burners|Water Injection|Selective Catalytic Reduction,NA,NA,"ARP, OTC"
NY,Brooklyn Navy Yard Cogeneration,54914,1,NA,2001,7895,7881.25,780013,NA,5.279,0.0015,572301.15,0.0592,45.708,0.0101,9588178.825,Pipeline Natural Gas,Diesel Oil,Combined cycle,NA,Dry Low NOx Burners|Water Injection|Selective Catalytic Reduction,NA,NA,"ARP, OTC"
NY,Brooklyn Navy Yard Cogeneration,54914,1,NA,2002,7331,7285,737960.75,NA,6.934,0.0018,544749.525,0.0594,44.02,0.0107,9093585.775,Pipeline Natural Gas,Diesel Oil,Combined cycle,NA,Dry Low NOx Burners|Water Injection|Selective Catalytic Reduction,NA,NA,"ARP, OTC"
NY,Brooklyn Navy Yard Cogeneration,54914,1,NA,2003,8425,8400.25,871308.5,NA,12.41,0.0027,642283.95,0.0599,40.964,0.0081,10648631.55,Pipeline Natural Gas,Diesel Oil,Combined cycle,NA,Dry Low NOx Burners|Water Injection|Selective Catalytic Reduction,NA,NA,"ARP, NBP"
NY,Brooklyn Navy Yard Cogeneration,54914,1,NA,2004,8343,8323.5,839391.25,NA,13.712,0.003,621856.325,0.0601,38.869,0.0079,10280580.325,Pipeline Natural Gas,Diesel Oil,Combined cycle,NA,Dry Low NOx Burners|Water Injection|Selective Catalytic Reduction,NA,NA,"ARP, NBP"
NY,Brooklyn Navy Yard Cogeneration,54914,1,NA,2005,7666,7637.5,753862.25,NA,8.286,0.0021,560015.725,0.0596,34.399,0.0078,9328420.8,Pipeline Natural Gas,Diesel Oil,Combined cycle,NA,Dry Low NOx Burners|Water Injection|Selective Catalytic Reduction,NA,NA,"ARP, NBP"
NY,Brooklyn Navy Yard Cogeneration,54914,1,NA,2006,8576,8569.75,850947.5,NA,2.978,0.001,589151.125,0.059,27.372,0.0057,9912815.6,Pipeline Natural Gas,Diesel Oil,Combined cycle,NA,Dry Low NOx Burners|Water Injection|Selective Catalytic Reduction,NA,NA,"ARP, NBP"
NY,Brooklyn Navy Yard Cogeneration,54914,1,NA,2007,8394,8371.25,838126.25,NA,10.658,0.0025,597627.875,0.0598,39.563,0.0084,9923630.925,Pipeline Natural Gas,Diesel Oil,Combined cycle,NA,Dry Low NOx Burners|Water Injection|Selective Catalytic Reduction,NA,NA,"ARP, NBP"
NY,Brooklyn Navy Yard Cogeneration,54914,1,NA,2008,8164,8148.25,818673.25,NA,5.724,0.0015,603858.65,0.0593,39.359,0.008,10113072.85,Pipeline Natural Gas,Diesel Oil,Combined cycle,NA,Dry Low NOx Burners|Water Injection|Selective Catalytic Reduction,NA,NA,"ARP, CAIRNOX, CAIROS, NBP"
NY,Brooklyn Navy Yard Cogeneration,54914,1,NA,2009,8157,8135.5,769915.25,NA,7.369,0.0019,602662.05,0.0595,39.457,0.0081,10066295.675,Pipeline Natural Gas,Diesel Oil,Combined cycle,NA,Dry Low NOx Burners|Water Injection|Selective Catalytic Reduction,NA,NA,"ARP, CAIRNOX, CAIROS, CAIRSO2, RGGI"
NY,Brooklyn Navy Yard Cogeneration,54914,1,NA,2010,6967,6930.75,683278.25,NA,2.652,0.0011,503717.25,0.059,32.967,0.0086,8474109.575,Pipeline Natural Gas,Diesel Oil,Combined cycle,NA,Dry Low NOx Burners|Water Injection|Selective Catalytic Reduction,NA,NA,"ARP, CAIRNOX, CAIROS, CAIRSO2, RGGI"
NY,Brooklyn Navy Yard Cogeneration,54914,1,NA,2011,8311,8298,818330.75,NA,3.039,0.001,597012.5,0.059,37.423,0.0076,10045536.4,Pipeline Natural Gas,Diesel Oil,Combined cycle,NA,Dry Low NOx Burners|Water Injection|Selective Catalytic Reduction,NA,NA,"ARP, CAIRNOX, CAIROS, CAIRSO2, RGGI"
NY,Brooklyn Navy Yard Cogeneration,54914,1,NA,2012,6634,6609.75,646006.25,NA,2.524,0.0011,468491.775,0.059,27.553,0.0074,7880510.25,Pipeline Natural Gas,Diesel Oil,Combined cycle,NA,Dry Low NOx Burners|Water Injection|Selective Catalytic Reduction,NA,NA,"ARP, CAIRNOX, CAIROS, CAIRSO2, RGGI"
NY,Brooklyn Navy Yard Cogeneration,54914,1,NA,2013,8448,8443.29,851848.64,NA,3.575,0.0011,612940.185,0.059,143.652,0.0266,10304970.874,Pipeline Natural Gas,Diesel Oil,Combined cycle,NA,Dry Low NOx Burners|Water Injection|Selective Catalytic Reduction,NA,NA,"ARP, CAIRNOX, CAIROS, CAIRSO2, RGGI"
NY,Brooklyn Navy Yard Cogeneration,54914,1,NA,2014,8416,8407.93,834715.79,NA,7.419,0.0018,604248.487,0.0594,47.873,0.0101,10085206.479,Pipeline Natural Gas,Diesel Oil,Combined cycle,NA,Dry Low NOx Burners|Water Injection|Selective Catalytic Reduction,NA,NA,"ARP, CAIRNOX, CAIROS, CAIRSO2, RGGI"
NY,Brooklyn Navy Yard Cogeneration,54914,1,NA,2015,7467,7444.4,765519.74,NA,10.208,0.0025,537351.522,0.0599,37.865,0.0094,8892824.964,Pipeline Natural Gas,Diesel Oil,Combined cycle,NA,Dry Low NOx Burners|Water Injection|Selective Catalytic Reduction,NA,NA,"ARP, CSNOX, CSNOXOS, CSSO2G1, RGGI"
NY,Brooklyn Navy Yard Cogeneration,54914,1,NA,2016,8400,8389.12,865825.13,NA,2.99,0.001,590200.792,0.0592,38.529,0.008,9895671.301,Pipeline Natural Gas,Diesel Oil,Combined cycle,NA,Dry Low NOx Burners|Water Injection|Selective Catalytic Reduction,NA,NA,"ARP, CSNOX, CSNOXOS, CSSO2G1, RGGI"
NY,Brooklyn Navy Yard Cogeneration,54914,1,NA,2017,8329,8313.95,865656.1,NA,2.966,0.001,588697.977,0.0592,34.553,0.0072,9869098.126,Pipeline Natural Gas,Diesel Oil,Combined cycle,NA,Dry Low NOx Burners|Water Injection|Selective Catalytic Reduction,NA,NA,"ARP, CSNOX, CSOSG2, CSSO2G1, RGGI"
NY,Brooklyn Navy Yard Cogeneration,54914,1,NA,2018,8295,8286.65,849763.86,NA,2.916,0.001,578600.851,0.0592,32.572,0.0069,9708224.748,Pipeline Natural Gas,Diesel Oil,Combined cycle,NA,Dry Low NOx Burners|Water Injection|Selective Catalytic Reduction,NA,NA,"ARP, CSNOX, CSOSG2, CSSO2G1, RGGI"
NY,Brooklyn Navy Yard Cogeneration,54914,1,NA,2019,8015,8004.59,802921.1,NA,2.78,0.001,551989.525,0.0593,32.23,0.0071,9240785.888,Pipeline Natural Gas,Diesel Oil,Combined cycle,NA,Dry Low NOx Burners|Water Injection|Selective Catalytic Reduction,NA,NA,"ARP, CSNOX, CSOSG2, CSSO2G1, RGGI"
NY,Brooklyn Navy Yard Cogeneration,54914,1,NA,2020,7382,7371.68,746064.61,NA,3.124,0.0016,507431.919,0.059,30.391,0.0074,8538156.459,Pipeline Natural Gas,Diesel Oil,Combined cycle,NA,Dry Low NOx Burners|Water Injection|Selective Catalytic Reduction,NA,NA,"ARP, CSNOX, CSOSG2, CSSO2G1, RGGI"
NY,Brooklyn Navy Yard Cogeneration,54914,1,NA,2021,8361,8344.48,859587.46,NA,3.829,0.0016,539531.926,0.059,31.964,0.0074,9077897.26,Pipeline Natural Gas,Diesel Oil,Combined cycle,NA,Dry Low NOx Burners|Water Injection|Selective Catalytic Reduction,NA,NA,"ARP, CSNOX, CSOSG3, CSSO2G1, RGGI"
NY,Brooklyn Navy Yard Cogeneration,54914,1,NA,2022,8583,8579.2,865238.7,NA,2.655,0.001,526876.269,0.0592,30.886,0.007,8833967.98,Pipeline Natural Gas,Diesel Oil,Combined cycle,NA,Dry Low NOx Burners|Water Injection|Selective Catalytic Reduction,NA,NA,"ARP, CSNOX, CSOSG3, CSSO2G1, RGGI"
NY,Brooklyn Navy Yard Cogeneration,54914,1,NA,2023,8060,8050.65,800061.6,NA,2.55,0.001,505099.068,0.059,27.933,0.0067,8499037.311,Pipeline Natural Gas,Diesel Oil,Combined cycle,NA,Dry Low NOx Burners|Water Injection|Selective Catalytic Reduction,NA,NA,"ARP, CSNOX, CSOSG3, CSSO2G1, RGGI"
NY,Brooklyn Navy Yard Cogeneration,54914,1,NA,2024,8687,8679.6,892343.94,NA,3.056,0.001,605410.399,0.059,33.28,0.0066,10187019.975,Pipeline Natural Gas,Diesel Oil,Combined cycle,NA,Dry Low NOx Burners|Water Injection|Selective Catalytic Reduction,NA,NA,"ARP, CSNOX, CSOSG2E, CSSO2G1, RGGI"
NY,Brooklyn Navy Yard Cogeneration,54914,2,NA,1996,NA,NA,NA,NA,0.6,NA,122547.7,NA,16,NA,1923927,Pipeline Natural Gas,Diesel Oil,"Combined cycle (Started Mar 01, 1996)",NA,Dry Low NOx Burners|Water Injection|Selective Catalytic Reduction,NA,NA,ARP
NY,Brooklyn Navy Yard Cogeneration,54914,2,NA,1997,7947,7932.75,792496.5,NA,7.724,0.002,562541.075,0.0595,58.186,0.0134,9376879.9,Pipeline Natural Gas,Diesel Oil,Combined cycle,NA,Dry Low NOx Burners|Water Injection|Selective Catalytic Reduction,NA,NA,ARP
NY,Brooklyn Navy Yard Cogeneration,54914,2,NA,1998,7509,7500.75,754163,NA,5.341,0.0044,519951.85,0.0593,48.769,0.012,8738686.475,Pipeline Natural Gas,Diesel Oil,Combined cycle,NA,Dry Low NOx Burners|Water Injection|Selective Catalytic Reduction,NA,NA,ARP
NY,Brooklyn Navy Yard Cogeneration,54914,2,NA,1999,7555,7538.5,765784.5,NA,4.723,0.0015,520944.525,0.0593,48.82,0.0119,8729349.625,Pipeline Natural Gas,Diesel Oil,Combined cycle,NA,Dry Low NOx Burners|Water Injection|Selective Catalytic Reduction,NA,NA,"ARP, OTC"
NY,Brooklyn Navy Yard Cogeneration,54914,2,NA,2000,8235,8213.5,860961.25,NA,6.624,0.0017,569621.8,0.0594,46.567,0.0102,9519599.425,Pipeline Natural Gas,Diesel Oil,Combined cycle,NA,Dry Low NOx Burners|Water Injection|Selective Catalytic Reduction,NA,NA,"ARP, OTC"
NY,Brooklyn Navy Yard Cogeneration,54914,2,NA,2001,7853,7845,802826.5,NA,4.638,0.0014,537352.1,0.0592,42.797,0.0096,9008168.675,Pipeline Natural Gas,Diesel Oil,Combined cycle,NA,Dry Low NOx Burners|Water Injection|Selective Catalytic Reduction,NA,NA,"ARP, OTC"
NY,Brooklyn Navy Yard Cogeneration,54914,2,NA,2002,8312,8283.75,828563,NA,4.178,0.0013,568656.05,0.0591,38.84,0.0085,9545463.3,Pipeline Natural Gas,Diesel Oil,Combined cycle,NA,Dry Low NOx Burners|Water Injection|Selective Catalytic Reduction,NA,NA,"ARP, OTC"
NY,Brooklyn Navy Yard Cogeneration,54914,2,NA,2003,8182,8164.25,824197,NA,13.038,0.003,575692.275,0.06,39.378,0.0085,9511507.35,Pipeline Natural Gas,Diesel Oil,Combined cycle,NA,Dry Low NOx Burners|Water Injection|Selective Catalytic Reduction,NA,NA,"ARP, NBP"
NY,Brooklyn Navy Yard Cogeneration,54914,2,NA,2004,8583,8566,857236.5,NA,10.588,0.0024,602870.425,0.0597,40.932,0.0086,10013413.1,Pipeline Natural Gas,Diesel Oil,Combined cycle,NA,Dry Low NOx Burners|Water Injection|Selective Catalytic Reduction,NA,NA,"ARP, NBP"
NY,Brooklyn Navy Yard Cogeneration,54914,2,NA,2005,7646,7615.25,753825.25,NA,8.475,0.0025,535243.05,0.0598,33.483,0.008,8905929.9,Pipeline Natural Gas,Diesel Oil,Combined cycle,NA,Dry Low NOx Burners|Water Injection|Selective Catalytic Reduction,NA,NA,"ARP, NBP"
NY,Brooklyn Navy Yard Cogeneration,54914,2,NA,2006,8508,8494.5,863280.25,NA,2.689,0.001,527465.25,0.059,24.522,0.0058,8874514.5,Pipeline Natural Gas,Diesel Oil,Combined cycle,NA,Dry Low NOx Burners|Water Injection|Selective Catalytic Reduction,NA,NA,"ARP, NBP"
NY,Brooklyn Navy Yard Cogeneration,54914,2,NA,2007,7935,7909.25,803005.25,NA,11.268,0.0027,530691.9,0.0599,36.627,0.0087,8780965.825,Pipeline Natural Gas,Diesel Oil,Combined cycle,NA,Dry Low NOx Burners|Water Injection|Selective Catalytic Reduction,NA,NA,"ARP, NBP"
NY,Brooklyn Navy Yard Cogeneration,54914,2,NA,2008,7514,7489.5,754797.25,NA,6.109,0.0017,535062.75,0.0594,35.458,0.0082,8944161.225,Pipeline Natural Gas,Diesel Oil,Combined cycle,NA,Dry Low NOx Burners|Water Injection|Selective Catalytic Reduction,NA,NA,"ARP, CAIRNOX, CAIROS, NBP"
NY,Brooklyn Navy Yard Cogeneration,54914,2,NA,2009,7830,7811.25,766693.5,NA,8.387,0.0022,561047.35,0.0596,37.137,0.0082,9344836.125,Pipeline Natural Gas,Diesel Oil,Combined cycle,NA,Dry Low NOx Burners|Water Injection|Selective Catalytic Reduction,NA,NA,"ARP, CAIRNOX, CAIROS, CAIRSO2, RGGI"
NY,Brooklyn Navy Yard Cogeneration,54914,2,NA,2010,8405,8393,848494.5,NA,3.765,0.0011,609697.25,0.0591,37.248,0.0074,10247513.575,Pipeline Natural Gas,Diesel Oil,Combined cycle,NA,Dry Low NOx Burners|Water Injection|Selective Catalytic Reduction,NA,NA,"ARP, CAIRNOX, CAIROS, CAIRSO2, RGGI"
NY,Brooklyn Navy Yard Cogeneration,54914,2,NA,2011,8204,8189,820707.25,NA,3.013,0.001,589692.825,0.059,37.776,0.0079,9922098.825,Pipeline Natural Gas,Diesel Oil,Combined cycle,NA,Dry Low NOx Burners|Water Injection|Selective Catalytic Reduction,NA,NA,"ARP, CAIRNOX, CAIROS, CAIRSO2, RGGI"
NY,Brooklyn Navy Yard Cogeneration,54914,2,NA,2012,7002,6988.25,687027.25,NA,2.643,0.0011,490101.725,0.059,30.146,0.0077,8243977.45,Pipeline Natural Gas,Diesel Oil,Combined cycle,NA,Dry Low NOx Burners|Water Injection|Selective Catalytic Reduction,NA,NA,"ARP, CAIRNOX, CAIROS, CAIRSO2, RGGI"
NY,Brooklyn Navy Yard Cogeneration,54914,2,NA,2013,7406,7382.16,740446.74,NA,3.666,0.0013,520729.865,0.0592,49.796,0.0118,8742485.967,Pipeline Natural Gas,Diesel Oil,Combined cycle,NA,Dry Low NOx Burners|Water Injection|Selective Catalytic Reduction,NA,NA,"ARP, CAIRNOX, CAIROS, CAIRSO2, RGGI"
NY,Brooklyn Navy Yard Cogeneration,54914,2,NA,2014,8358,8331.15,830192.38,NA,10.809,0.0025,594592.283,0.0598,41.554,0.009,9860390.595,Pipeline Natural Gas,Diesel Oil,Combined cycle,NA,Dry Low NOx Burners|Water Injection|Selective Catalytic Reduction,NA,NA,"ARP, CAIRNOX, CAIROS, CAIRSO2, RGGI"
NY,Brooklyn Navy Yard Cogeneration,54914,2,NA,2015,8487,8477.01,836741.23,NA,14.323,0.0029,614068.38,0.0601,46.507,0.0092,10112331.42,Pipeline Natural Gas,Diesel Oil,Combined cycle,NA,Dry Low NOx Burners|Water Injection|Selective Catalytic Reduction,NA,NA,"ARP, CSNOX, CSNOXOS, CSSO2G1, RGGI"
NY,Brooklyn Navy Yard Cogeneration,54914,2,NA,2016,8280,8264.85,823188.42,NA,2.952,0.001,584563.936,0.0591,36.089,0.0076,9820798.647,Pipeline Natural Gas,Diesel Oil,Combined cycle,NA,Dry Low NOx Burners|Water Injection|Selective Catalytic Reduction,NA,NA,"ARP, CSNOX, CSNOXOS, CSSO2G1, RGGI"
NY,Brooklyn Navy Yard Cogeneration,54914,2,NA,2017,7140,7113.97,739150.81,NA,2.539,0.001,503440.75,0.0592,28.66,0.0077,8440713.885,Pipeline Natural Gas,Diesel Oil,Combined cycle,NA,Dry Low NOx Burners|Water Injection|Selective Catalytic Reduction,NA,NA,"ARP, CSNOX, CSOSG2, CSSO2G1, RGGI"
NY,Brooklyn Navy Yard Cogeneration,54914,2,NA,2018,8205,8193.13,851902,NA,2.896,0.001,575712.931,0.0594,36.707,0.0078,9616054.264,Pipeline Natural Gas,Diesel Oil,Combined cycle,NA,Dry Low NOx Burners|Water Injection|Selective Catalytic Reduction,NA,NA,"ARP, CSNOX, CSOSG2, CSSO2G1, RGGI"
NY,Brooklyn Navy Yard Cogeneration,54914,2,NA,2019,7671,7657.7,790177.24,NA,2.691,0.001,533645.59,0.0591,30.495,0.007,8956621.825,Pipeline Natural Gas,Diesel Oil,Combined cycle,NA,Dry Low NOx Burners|Water Injection|Selective Catalytic Reduction,NA,NA,"ARP, CSNOX, CSOSG2, CSSO2G1, RGGI"
NY,Brooklyn Navy Yard Cogeneration,54914,2,NA,2020,8350,8337.55,869673.27,NA,2.946,0.001,583640.608,0.059,32.795,0.0069,9820849.18,Pipeline Natural Gas,Diesel Oil,Combined cycle,NA,Dry Low NOx Burners|Water Injection|Selective Catalytic Reduction,NA,NA,"ARP, CSNOX, CSOSG2, CSSO2G1, RGGI"
NY,Brooklyn Navy Yard Cogeneration,54914,2,NA,2021,8346,8332,866156.65,NA,2.721,0.001,538981.962,0.059,30.187,0.0069,9069381.14,Pipeline Natural Gas,Diesel Oil,Combined cycle,NA,Dry Low NOx Burners|Water Injection|Selective Catalytic Reduction,NA,NA,"ARP, CSNOX, CSOSG3, CSSO2G1, RGGI"
NY,Brooklyn Navy Yard Cogeneration,54914,2,NA,2022,7581,7563.43,755467.71,NA,2.329,0.001,459940.615,0.0593,26.381,0.0071,7696321.239,Pipeline Natural Gas,Diesel Oil,Combined cycle,NA,Dry Low NOx Burners|Water Injection|Selective Catalytic Reduction,NA,NA,"ARP, CSNOX, CSOSG3, CSSO2G1, RGGI"
NY,Brooklyn Navy Yard Cogeneration,54914,2,NA,2023,8435,8428.69,879319.97,NA,2.763,0.001,547092.454,0.0591,28.628,0.0063,9194384.697,Pipeline Natural Gas,Diesel Oil,Combined cycle,NA,Dry Low NOx Burners|Water Injection|Selective Catalytic Reduction,NA,NA,"ARP, CSNOX, CSOSG3, CSSO2G1, RGGI"
NY,Brooklyn Navy Yard Cogeneration,54914,2,NA,2024,8708,8698.17,913679.55,NA,3.118,0.001,617673.888,0.059,31.726,0.0063,10393057.615,Pipeline Natural Gas,Diesel Oil,Combined cycle,NA,Dry Low NOx Burners|Water Injection|Selective Catalytic Reduction,NA,NA,"ARP, CSNOX, CSOSG2E, CSSO2G1, RGGI"
NY,Astoria Gas Turbine Power,55243,CT0005,NA,1999,202,202,3030,NA,NA,NA,NA,NA,10.423,0.432,48278,Diesel Oil,NA,Combustion turbine,NA,NA,NA,NA,OTC
NY,Astoria Gas Turbine Power,55243,CT0005,NA,2000,79,79,1106,NA,NA,NA,NA,NA,4.076,0.432,18881,Diesel Oil,NA,Combustion turbine,NA,NA,NA,NA,OTC
NY,Astoria Gas Turbine Power,55243,CT0005,NA,2001,75,68.25,955.5,NA,NA,NA,NA,NA,3.522,0.432,16311.75,Diesel Oil,NA,Combustion turbine,NA,NA,NA,NA,OTC
NY,Astoria Gas Turbine Power,55243,CT0005,NA,2002,422,381.75,5344.5,NA,0,0,0,0,19.698,0.4319,91240.2,Diesel Oil,NA,Combustion turbine,NA,NA,NA,NA,OTC
NY,Astoria Gas Turbine Power,55243,CT0005,NA,2003,154,147.5,2065,NA,0,0,0,0,8.002,0.454,35253,Diesel Oil,NA,Combustion turbine,NA,NA,NA,NA,NBP
NY,Astoria Gas Turbine Power,55243,CT0005,NA,2004,19,16.25,227.5,NA,NA,NA,NA,NA,0.886,0.4561,3883.9,Diesel Oil,NA,Combustion turbine,NA,NA,NA,NA,NBP
NY,Astoria Gas Turbine Power,55243,CT0005,NA,2005,112,95.25,1333.5,NA,NA,NA,NA,NA,5.912,0.5199,22765.8,Diesel Oil,NA,Combustion turbine,NA,NA,NA,NA,NBP
NY,Astoria Gas Turbine Power,55243,CT0005,NA,2006,26,23.5,329,NA,NA,NA,NA,NA,1.469,0.523,5616.7,Diesel Oil,NA,Combustion turbine,NA,NA,NA,NA,NBP
NY,Astoria Gas Turbine Power,55243,CT0005,NA,2007,2,1.75,24.5,NA,NA,NA,NA,NA,0.109,0.523,418.3,Diesel Oil,NA,Combustion turbine,NA,NA,NA,NA,NBP
NY,Astoria Gas Turbine Power,55243,CT0005,NA,2008,8,8,112,NA,NA,NA,NA,NA,0.494,0.517,1912,Diesel Oil,NA,Combustion turbine,NA,NA,NA,NA,"CAIROS, NBP"
NY,Astoria Gas Turbine Power,55243,CT0005,NA,2009,3,3,42,NA,NA,NA,NA,NA,0.185,0.517,717,Diesel Oil,NA,Combustion turbine,NA,NA,NA,NA,CAIROS
NY,Astoria Gas Turbine Power,55243,CT0005,NA,2010,2,2,30,NA,NA,NA,NA,NA,0.124,0.517,478,Diesel Oil,NA,Combustion turbine,NA,NA,NA,NA,CAIROS
NY,Astoria Gas Turbine Power,55243,CT0005,NA,2011,6,6,90,NA,NA,NA,NA,NA,0.86,1.2,1434,Diesel Oil,NA,Combustion turbine,NA,NA,NA,NA,CAIROS
NY,Astoria Gas Turbine Power,55243,CT0005,NA,2012,6,5.25,78.75,NA,NA,NA,NA,NA,0.753,1.2002,1254.8,Diesel Oil,NA,Combustion turbine,NA,NA,NA,NA,CAIROS
NY,Astoria Gas Turbine Power,55243,CT0005,NA,2013,6,3.5,52.5,NA,NA,NA,NA,NA,0.502,1.2003,836.6,Diesel Oil,NA,Combustion turbine,NA,NA,NA,NA,CAIROS
NY,Astoria Gas Turbine Power,55243,CT0005,NA,2014,3,1.5,22.5,NA,NA,NA,NA,NA,0.088,0.49,358.6,Diesel Oil,NA,Combustion turbine,NA,NA,NA,NA,CAIROS
NY,Astoria Gas Turbine Power,55243,CT0005,NA,2015,0,0,NA,NA,NA,NA,NA,NA,NA,NA,NA,Diesel Oil,NA,Combustion turbine,NA,NA,NA,NA,SIPNOX
NY,Astoria Gas Turbine Power,55243,CT0005,NA,2016,0,0,NA,NA,NA,NA,NA,NA,NA,NA,NA,Diesel Oil,NA,Combustion turbine,NA,NA,NA,NA,SIPNOX
NY,Astoria Gas Turbine Power,55243,CT0005,NA,2017,0,0,NA,NA,NA,NA,NA,NA,NA,NA,NA,Diesel Oil,NA,Combustion turbine,NA,NA,NA,NA,SIPNOX
NY,Astoria Gas Turbine Power,55243,CT0005,NA,2018,0,0,NA,NA,NA,NA,NA,NA,NA,NA,NA,Diesel Oil,NA,Combustion turbine,NA,NA,NA,NA,SIPNOX
NY,Astoria Gas Turbine Power,55243,CT0005,NA,2019,0,0,NA,NA,NA,NA,NA,NA,NA,NA,NA,Diesel Oil,NA,Combustion turbine,NA,NA,NA,NA,SIPNOX
NY,Astoria Gas Turbine Power,55243,CT0005,NA,2020,0,0,NA,NA,NA,NA,NA,NA,NA,NA,NA,Diesel Oil,NA,Combustion turbine,NA,NA,NA,NA,SIPNOX
NY,Astoria Gas Turbine Power,55243,CT0007,NA,1999,172,172,2580,NA,NA,NA,NA,NA,8.875,0.432,41108,Diesel Oil,NA,Combustion turbine,NA,NA,NA,NA,OTC
NY,Astoria Gas Turbine Power,55243,CT0007,NA,2000,26,26,364,NA,NA,NA,NA,NA,1.342,0.432,6214,Diesel Oil,NA,Combustion turbine,NA,NA,NA,NA,OTC
NY,Astoria Gas Turbine Power,55243,CT0007,NA,2001,130,120.25,1683.5,NA,NA,NA,NA,NA,6.205,0.432,28739.75,Diesel Oil,NA,Combustion turbine,NA,NA,NA,NA,OTC
NY,Astoria Gas Turbine Power,55243,CT0007,NA,2002,398,356.75,4994.5,NA,0,0,0,0,18.408,0.4319,85266.5,Diesel Oil,NA,Combustion turbine,NA,NA,NA,NA,OTC
NY,Astoria Gas Turbine Power,55243,CT0007,NA,2003,146,139.25,1949.5,NA,0,0,0,0,7.555,0.454,33281,Diesel Oil,NA,Combustion turbine,NA,NA,NA,NA,NBP
NY,Astoria Gas Turbine Power,55243,CT0007,NA,2004,19,15,210,NA,NA,NA,NA,NA,0.815,0.4507,3585.2,Diesel Oil,NA,Combustion turbine,NA,NA,NA,NA,NBP
NY,Astoria Gas Turbine Power,55243,CT0007,NA,2005,103,86.75,1214.5,NA,NA,NA,NA,NA,5.394,0.5196,20734.3,Diesel Oil,NA,Combustion turbine,NA,NA,NA,NA,NBP
NY,Astoria Gas Turbine Power,55243,CT0007,NA,2006,17,14.75,206.5,NA,NA,NA,NA,NA,0.922,0.523,3525.4,Diesel Oil,NA,Combustion turbine,NA,NA,NA,NA,NBP
NY,Astoria Gas Turbine Power,55243,CT0007,NA,2007,2,1.25,17.5,NA,NA,NA,NA,NA,0.078,0.523,298.8,Diesel Oil,NA,Combustion turbine,NA,NA,NA,NA,NBP
NY,Astoria Gas Turbine Power,55243,CT0007,NA,2008,3,3,42,NA,NA,NA,NA,NA,0.185,0.517,717,Diesel Oil,NA,Combustion turbine,NA,NA,NA,NA,"CAIROS, NBP"
NY,Astoria Gas Turbine Power,55243,CT0007,NA,2009,3,3,42,NA,NA,NA,NA,NA,0.185,0.517,717,Diesel Oil,NA,Combustion turbine,NA,NA,NA,NA,CAIROS
NY,Astoria Gas Turbine Power,55243,CT0007,NA,2010,2,2,30,NA,NA,NA,NA,NA,0.124,0.517,478,Diesel Oil,NA,Combustion turbine,NA,NA,NA,NA,CAIROS
NY,Astoria Gas Turbine Power,55243,CT0007,NA,2011,8,8,120,NA,NA,NA,NA,NA,1.147,1.2,1912,Diesel Oil,NA,Combustion turbine,NA,NA,NA,NA,CAIROS
NY,Astoria Gas Turbine Power,55243,CT0007,NA,2012,0,0,NA,NA,NA,NA,NA,NA,NA,NA,NA,Diesel Oil,NA,Combustion turbine,NA,NA,NA,NA,CAIROS
NY,Astoria Gas Turbine Power,55243,CT0007,NA,2013,6,3.5,52.5,NA,NA,NA,NA,NA,0.502,1.2005,836.7,Diesel Oil,NA,Combustion turbine,NA,NA,NA,NA,CAIROS
NY,Astoria Gas Turbine Power,55243,CT0007,NA,2014,3,1.75,26.25,NA,NA,NA,NA,NA,0.103,0.49,418.3,Diesel Oil,NA,Combustion turbine,NA,NA,NA,NA,CAIROS
NY,Astoria Gas Turbine Power,55243,CT0007,NA,2015,0,0,NA,NA,NA,NA,NA,NA,NA,NA,NA,Diesel Oil,NA,Combustion turbine,NA,NA,NA,NA,SIPNOX
NY,Astoria Gas Turbine Power,55243,CT0007,NA,2016,0,0,NA,NA,NA,NA,NA,NA,NA,NA,NA,Diesel Oil,NA,Combustion turbine,NA,NA,NA,NA,SIPNOX
NY,Astoria Gas Turbine Power,55243,CT0007,NA,2017,0,0,NA,NA,NA,NA,NA,NA,NA,NA,NA,Diesel Oil,NA,Combustion turbine,NA,NA,NA,NA,SIPNOX
NY,Astoria Gas Turbine Power,55243,CT0007,NA,2018,0,0,NA,NA,NA,NA,NA,NA,NA,NA,NA,Diesel Oil,NA,Combustion turbine,NA,NA,NA,NA,SIPNOX
NY,Astoria Gas Turbine Power,55243,CT0007,NA,2019,0,0,NA,NA,NA,NA,NA,NA,NA,NA,NA,Diesel Oil,NA,Combustion turbine,NA,NA,NA,NA,SIPNOX
NY,Astoria Gas Turbine Power,55243,CT0007,NA,2020,0,0,NA,NA,NA,NA,NA,NA,NA,NA,NA,Diesel Oil,NA,Combustion turbine,NA,NA,NA,NA,SIPNOX
NY,Astoria Gas Turbine Power,55243,CT0008,NA,1999,183,183,2745,NA,NA,NA,NA,NA,9.443,0.432,43737,Diesel Oil,NA,Combustion turbine,NA,NA,NA,NA,OTC
NY,Astoria Gas Turbine Power,55243,CT0008,NA,2000,87,87,1218,NA,NA,NA,NA,NA,4.489,0.432,20793,Diesel Oil,NA,Combustion turbine,NA,NA,NA,NA,OTC
NY,Astoria Gas Turbine Power,55243,CT0008,NA,2001,122,111.75,1564.5,NA,NA,NA,NA,NA,5.766,0.432,26708.25,Diesel Oil,NA,Combustion turbine,NA,NA,NA,NA,OTC
NY,Astoria Gas Turbine Power,55243,CT0008,NA,2002,416,379,5306,NA,0,0,0,0,19.556,0.432,90582.9,Diesel Oil,NA,Combustion turbine,NA,NA,NA,NA,OTC
NY,Astoria Gas Turbine Power,55243,CT0008,NA,2003,180,174.25,2439.5,NA,0,0,0,0,9.453,0.454,41646.3,Diesel Oil,NA,Combustion turbine,NA,NA,NA,NA,NBP
NY,Astoria Gas Turbine Power,55243,CT0008,NA,2004,28,23,322,NA,NA,NA,NA,NA,1.244,0.4478,5497.3,Diesel Oil,NA,Combustion turbine,NA,NA,NA,NA,NBP
NY,Astoria Gas Turbine Power,55243,CT0008,NA,2005,118,101.25,1417.5,NA,NA,NA,NA,NA,6.298,0.5186,24200,Diesel Oil,NA,Combustion turbine,NA,NA,NA,NA,NBP
NY,Astoria Gas Turbine Power,55243,CT0008,NA,2006,10,7.75,108.5,NA,NA,NA,NA,NA,0.484,0.523,1852.4,Diesel Oil,NA,Combustion turbine,NA,NA,NA,NA,NBP
NY,Astoria Gas Turbine Power,55243,CT0008,NA,2007,3,1.75,24.5,NA,NA,NA,NA,NA,0.109,0.523,418.3,Diesel Oil,NA,Combustion turbine,NA,NA,NA,NA,NBP
NY,Astoria Gas Turbine Power,55243,CT0008,NA,2008,3,3,42,NA,NA,NA,NA,NA,0.185,0.517,717,Diesel Oil,NA,Combustion turbine,NA,NA,NA,NA,"CAIROS, NBP"
NY,Astoria Gas Turbine Power,55243,CT0008,NA,2009,3,3,42,NA,NA,NA,NA,NA,0.185,0.517,717,Diesel Oil,NA,Combustion turbine,NA,NA,NA,NA,CAIROS
NY,Astoria Gas Turbine Power,55243,CT0008,NA,2010,4,4,60,NA,NA,NA,NA,NA,0.247,0.517,956,Diesel Oil,NA,Combustion turbine,NA,NA,NA,NA,CAIROS
NY,Astoria Gas Turbine Power,55243,CT0008,NA,2011,8,8,120,NA,NA,NA,NA,NA,1.147,1.2,1912,Diesel Oil,NA,Combustion turbine,NA,NA,NA,NA,CAIROS
NY,Astoria Gas Turbine Power,55243,CT0008,NA,2012,0,0,NA,NA,NA,NA,NA,NA,NA,NA,NA,Diesel Oil,NA,Combustion turbine,NA,NA,NA,NA,CAIROS
NY,Astoria Gas Turbine Power,55243,CT0008,NA,2013,6,4.25,63.75,NA,NA,NA,NA,NA,0.61,1.2003,1015.9,Diesel Oil,NA,Combustion turbine,NA,NA,NA,NA,CAIROS
NY,Astoria Gas Turbine Power,55243,CT0008,NA,2014,3,1.25,18.75,NA,NA,NA,NA,NA,0.073,0.49,298.9,Diesel Oil,NA,Combustion turbine,NA,NA,NA,NA,CAIROS
NY,Astoria Gas Turbine Power,55243,CT0008,NA,2015,0,0,NA,NA,NA,NA,NA,NA,NA,NA,NA,Diesel Oil,NA,Combustion turbine,NA,NA,NA,NA,SIPNOX
NY,Astoria Gas Turbine Power,55243,CT0008,NA,2016,0,0,NA,NA,NA,NA,NA,NA,NA,NA,NA,Diesel Oil,NA,Combustion turbine,NA,NA,NA,NA,SIPNOX
NY,Astoria Gas Turbine Power,55243,CT0008,NA,2017,0,0,NA,NA,NA,NA,NA,NA,NA,NA,NA,Diesel Oil,NA,Combustion turbine,NA,NA,NA,NA,SIPNOX
NY,Astoria Gas Turbine Power,55243,CT0008,NA,2018,0,0,NA,NA,NA,NA,NA,NA,NA,NA,NA,Diesel Oil,NA,Combustion turbine,NA,NA,NA,NA,SIPNOX
NY,Astoria Gas Turbine Power,55243,CT0008,NA,2019,0,0,NA,NA,NA,NA,NA,NA,NA,NA,NA,Diesel Oil,NA,Combustion turbine,NA,NA,NA,NA,SIPNOX
NY,Astoria Gas Turbine Power,55243,CT0008,NA,2020,0,0,NA,NA,NA,NA,NA,NA,NA,NA,NA,Diesel Oil,NA,Combustion turbine,NA,NA,NA,NA,SIPNOX
NY,Astoria Gas Turbine Power,55243,CT0009,NA,1999,200,200,3000,NA,NA,NA,NA,NA,10.32,0.432,47800,Diesel Oil,NA,Combustion turbine,NA,NA,NA,NA,OTC
NY,Astoria Gas Turbine Power,55243,CT0009,NA,2000,102,102,1428,NA,NA,NA,NA,NA,5.263,0.432,24378,Diesel Oil,NA,Combustion turbine,NA,NA,NA,NA,OTC
NY,Astoria Gas Turbine Power,55243,CT0009,NA,2001,NA,NA,NA,NA,NA,NA,NA,NA,NA,NA,NA,Diesel Oil,NA,Combustion turbine,NA,NA,NA,NA,OTC
NY,Astoria Gas Turbine Power,55243,CT0009,NA,2002,NA,NA,NA,NA,NA,NA,NA,NA,NA,NA,NA,Diesel Oil,NA,Combustion turbine,NA,NA,NA,NA,OTC
NY,Astoria Gas Turbine Power,55243,CT0009,NA,2003,NA,NA,NA,NA,NA,NA,NA,NA,NA,NA,NA,Diesel Oil,NA,Combustion turbine,NA,NA,NA,NA,NBP
NY,Astoria Gas Turbine Power,55243,CT0009,NA,2004,NA,NA,NA,NA,NA,NA,NA,NA,NA,NA,NA,Diesel Oil,NA,Combustion turbine,NA,NA,NA,NA,NBP
NY,Astoria Gas Turbine Power,55243,CT0009,NA,2005,0,0,NA,NA,NA,NA,NA,NA,NA,NA,NA,Diesel Oil,NA,Combustion turbine,NA,NA,NA,NA,NBP
NY,Astoria Gas Turbine Power,55243,CT0009,NA,2006,0,0,NA,NA,NA,NA,NA,NA,NA,NA,NA,Diesel Oil,NA,Combustion turbine,NA,NA,NA,NA,NBP
NY,Astoria Gas Turbine Power,55243,CT0009,NA,2007,0,0,NA,NA,NA,NA,NA,NA,NA,NA,NA,Diesel Oil,NA,Combustion turbine,NA,NA,NA,NA,NBP
NY,Astoria Gas Turbine Power,55243,CT0009,NA,2008,0,0,NA,NA,NA,NA,NA,NA,NA,NA,NA,Diesel Oil,NA,Combustion turbine,NA,NA,NA,NA,"CAIROS, NBP"
NY,Astoria Gas Turbine Power,55243,CT0010,NA,1999,420,420,10080,NA,NA,NA,NA,NA,42.084,0.581,144900,Diesel Oil,NA,Combustion turbine,NA,NA,NA,NA,OTC
NY,Astoria Gas Turbine Power,55243,CT0010,NA,2000,144,144,3024,NA,NA,NA,NA,NA,14.429,0.581,49680,Diesel Oil,NA,Combustion turbine,NA,NA,NA,NA,OTC
NY,Astoria Gas Turbine Power,55243,CT0010,NA,2001,131,121.5,2551.5,NA,NA,NA,NA,NA,12.174,0.581,41917.5,Diesel Oil,NA,Combustion turbine,NA,NA,NA,NA,OTC
NY,Astoria Gas Turbine Power,55243,CT0010,NA,2002,397,352.5,7402.5,NA,0,0,0,0,35.321,0.581,121615.4,Diesel Oil,NA,Combustion turbine,NA,NA,NA,NA,OTC
NY,Astoria Gas Turbine Power,55243,CT0010,NA,2003,338,316.75,6651.75,NA,0,0,0,0,31.753,0.581,109280,Diesel Oil,NA,Combustion turbine,NA,NA,NA,NA,NBP
NY,Astoria Gas Turbine Power,55243,CT0010,NA,2004,145,124,2604,NA,NA,NA,NA,NA,12.4,0.578,42781.2,Diesel Oil,NA,Combustion turbine,NA,NA,NA,NA,NBP
NY,Astoria Gas Turbine Power,55243,CT0010,NA,2005,229,192.75,4047.75,NA,NA,NA,NA,NA,20.552,0.6172,66500.9,Diesel Oil,NA,Combustion turbine,NA,NA,NA,NA,NBP
NY,Astoria Gas Turbine Power,55243,CT0010,NA,2006,21,16.5,346.5,NA,NA,NA,NA,NA,1.769,0.6081,5692.7,Diesel Oil,NA,Combustion turbine,NA,NA,NA,NA,NBP
NY,Astoria Gas Turbine Power,55243,CT0010,NA,2007,8,5,105,NA,NA,NA,NA,NA,0.542,0.6271,1729.1,Diesel Oil,NA,Combustion turbine,NA,NA,NA,NA,NBP
NY,Astoria Gas Turbine Power,55243,CT0010,NA,2008,2,2,42,NA,NA,NA,NA,NA,0.214,0.621,690,Diesel Oil,NA,Combustion turbine,NA,NA,NA,NA,"CAIROS, NBP"
NY,Astoria Gas Turbine Power,55243,CT0010,NA,2009,4,4,84,NA,NA,NA,NA,NA,0.428,0.621,1380,Diesel Oil,NA,Combustion turbine,NA,NA,NA,NA,CAIROS
NY,Astoria Gas Turbine Power,55243,CT0010,NA,2010,11,8.75,183.75,NA,NA,NA,NA,NA,0.937,0.621,3018.9,Diesel Oil,NA,Combustion turbine,NA,NA,NA,NA,CAIROS
NY,Astoria Gas Turbine Power,55243,CT0010,NA,2011,10,7.5,157.5,NA,NA,NA,NA,NA,1.553,1.2,2587.6,Diesel Oil,NA,Combustion turbine,NA,NA,NA,NA,CAIROS
NY,Astoria Gas Turbine Power,55243,CT0010,NA,2012,0,0,NA,NA,NA,NA,NA,NA,NA,NA,NA,Diesel Oil,NA,Combustion turbine,NA,NA,NA,NA,CAIROS
NY,Astoria Gas Turbine Power,55243,CT0010,NA,2013,9,4.75,99.25,NA,NA,NA,NA,NA,0.569,0.694,1638.9,Diesel Oil,NA,Combustion turbine,NA,NA,NA,NA,CAIROS
NY,Astoria Gas Turbine Power,55243,CT0010,NA,2014,4,1.75,36.75,NA,NA,NA,NA,NA,0.21,0.694,603.9,Diesel Oil,NA,Combustion turbine,NA,NA,NA,NA,CAIROS
NY,Astoria Gas Turbine Power,55243,CT0010,NA,2015,0,0,NA,NA,NA,NA,NA,NA,NA,NA,NA,Diesel Oil,NA,Combustion turbine,NA,NA,NA,NA,SIPNOX
NY,Astoria Gas Turbine Power,55243,CT0010,NA,2016,0,0,NA,NA,NA,NA,NA,NA,NA,NA,NA,Diesel Oil,NA,Combustion turbine,NA,NA,NA,NA,SIPNOX
NY,Astoria Gas Turbine Power,55243,CT0010,NA,2017,0,0,NA,NA,NA,NA,NA,NA,NA,NA,NA,Diesel Oil,NA,Combustion turbine,NA,NA,NA,NA,SIPNOX
NY,Astoria Gas Turbine Power,55243,CT0010,NA,2018,0,0,NA,NA,NA,NA,NA,NA,NA,NA,NA,Diesel Oil,NA,Combustion turbine,NA,NA,NA,NA,SIPNOX
NY,Astoria Gas Turbine Power,55243,CT0010,NA,2019,0,0,NA,NA,NA,NA,NA,NA,NA,NA,NA,Diesel Oil,NA,Combustion turbine,NA,NA,NA,NA,SIPNOX
NY,Astoria Gas Turbine Power,55243,CT0010,NA,2020,0,0,NA,NA,NA,NA,NA,NA,NA,NA,NA,Diesel Oil,NA,Combustion turbine,NA,NA,NA,NA,SIPNOX
NY,Astoria Gas Turbine Power,55243,CT0011,NA,1999,320,320,7680,NA,NA,NA,NA,NA,32.064,0.581,110400,Diesel Oil,NA,Combustion turbine,NA,NA,NA,NA,OTC
NY,Astoria Gas Turbine Power,55243,CT0011,NA,2000,39,39,819,NA,NA,NA,NA,NA,3.908,0.581,13455,Diesel Oil,NA,Combustion turbine,NA,NA,NA,NA,OTC
NY,Astoria Gas Turbine Power,55243,CT0011,NA,2001,123,113.5,2383.5,NA,NA,NA,NA,NA,11.373,0.581,39157.5,Diesel Oil,NA,Combustion turbine,NA,NA,NA,NA,OTC
NY,Astoria Gas Turbine Power,55243,CT0011,NA,2002,46,40.25,845.25,NA,0,0,0,0,4.033,0.581,13886.7,Diesel Oil,NA,Combustion turbine,NA,NA,NA,NA,OTC
NY,Astoria Gas Turbine Power,55243,CT0011,NA,2003,235,216.25,4541.25,NA,0,0,0,0,21.678,0.581,74607.1,Diesel Oil,NA,Combustion turbine,NA,NA,NA,NA,NBP
NY,Astoria Gas Turbine Power,55243,CT0011,NA,2004,91,75.75,1590.75,NA,NA,NA,NA,NA,7.686,0.5916,26134.7,Diesel Oil,NA,Combustion turbine,NA,NA,NA,NA,NBP
NY,Astoria Gas Turbine Power,55243,CT0011,NA,2005,192,172.5,3622.5,NA,NA,NA,NA,NA,18.462,0.6177,59513.7,Diesel Oil,NA,Combustion turbine,NA,NA,NA,NA,NBP
NY,Astoria Gas Turbine Power,55243,CT0011,NA,2006,25,21,441,NA,NA,NA,NA,NA,2.274,0.628,7245.2,Diesel Oil,NA,Combustion turbine,NA,NA,NA,NA,NBP
NY,Astoria Gas Turbine Power,55243,CT0011,NA,2007,10,5,105,NA,NA,NA,NA,NA,0.542,0.628,1725.2,Diesel Oil,NA,Combustion turbine,NA,NA,NA,NA,NBP
NY,Astoria Gas Turbine Power,55243,CT0011,NA,2008,4,4,84,NA,NA,NA,NA,NA,0.428,0.621,1380,Diesel Oil,NA,Combustion turbine,NA,NA,NA,NA,"CAIROS, NBP"
NY,Astoria Gas Turbine Power,55243,CT0011,NA,2009,2,2,42,NA,NA,NA,NA,NA,0.214,0.621,690,Diesel Oil,NA,Combustion turbine,NA,NA,NA,NA,CAIROS
NY,Astoria Gas Turbine Power,55243,CT0011,NA,2010,4,4,84,NA,NA,NA,NA,NA,0.428,0.621,1380,Diesel Oil,NA,Combustion turbine,NA,NA,NA,NA,CAIROS
NY,Astoria Gas Turbine Power,55243,CT0011,NA,2011,12,8.5,178.5,NA,NA,NA,NA,NA,1.76,1.2,2932.7,Diesel Oil,NA,Combustion turbine,NA,NA,NA,NA,CAIROS
NY,Astoria Gas Turbine Power,55243,CT0011,NA,2012,0,0,NA,NA,NA,NA,NA,NA,NA,NA,NA,Diesel Oil,NA,Combustion turbine,NA,NA,NA,NA,CAIROS
NY,Astoria Gas Turbine Power,55243,CT0011,NA,2013,8,6.5,132.25,NA,NA,NA,NA,NA,0.778,0.694,2242.6,Diesel Oil,NA,Combustion turbine,NA,NA,NA,NA,CAIROS
NY,Astoria Gas Turbine Power,55243,CT0011,NA,2014,0,0,NA,NA,NA,NA,NA,NA,NA,NA,NA,Diesel Oil,NA,Combustion turbine,NA,NA,NA,NA,CAIROS
NY,Astoria Gas Turbine Power,55243,CT0011,NA,2015,0,0,NA,NA,NA,NA,NA,NA,NA,NA,NA,Diesel Oil,NA,Combustion turbine,NA,NA,NA,NA,SIPNOX
NY,Astoria Gas Turbine Power,55243,CT0011,NA,2016,0,0,NA,NA,NA,NA,NA,NA,NA,NA,NA,Diesel Oil,NA,Combustion turbine,NA,NA,NA,NA,SIPNOX
NY,Astoria Gas Turbine Power,55243,CT0011,NA,2017,0,0,NA,NA,NA,NA,NA,NA,NA,NA,NA,Diesel Oil,NA,Combustion turbine,NA,NA,NA,NA,SIPNOX
NY,Astoria Gas Turbine Power,55243,CT0011,NA,2018,0,0,NA,NA,NA,NA,NA,NA,NA,NA,NA,Diesel Oil,NA,Combustion turbine,NA,NA,NA,NA,SIPNOX
NY,Astoria Gas Turbine Power,55243,CT0011,NA,2019,0,0,NA,NA,NA,NA,NA,NA,NA,NA,NA,Diesel Oil,NA,Combustion turbine,NA,NA,NA,NA,SIPNOX
NY,Astoria Gas Turbine Power,55243,CT0011,NA,2020,0,0,NA,NA,NA,NA,NA,NA,NA,NA,NA,Diesel Oil,NA,Combustion turbine,NA,NA,NA,NA,SIPNOX
NY,Astoria Gas Turbine Power,55243,CT0012,NA,1999,434,434,10416,NA,NA,NA,NA,NA,43.487,0.581,149730,Diesel Oil,NA,Combustion turbine,NA,NA,NA,NA,OTC
NY,Astoria Gas Turbine Power,55243,CT0012,NA,2000,106,106,2226,NA,NA,NA,NA,NA,10.621,0.581,36570,Diesel Oil,NA,Combustion turbine,NA,NA,NA,NA,OTC
NY,Astoria Gas Turbine Power,55243,CT0012,NA,2001,130,119.25,2504.25,NA,NA,NA,NA,NA,11.949,0.581,41141.25,Diesel Oil,NA,Combustion turbine,NA,NA,NA,NA,OTC
NY,Astoria Gas Turbine Power,55243,CT0012,NA,2002,386,349.25,7334.25,NA,0,0,0,0,34.995,0.581,120493.2,Diesel Oil,NA,Combustion turbine,NA,NA,NA,NA,OTC
NY,Astoria Gas Turbine Power,55243,CT0012,NA,2003,266,244,5124,NA,0,0,0,0,24.46,0.581,84180.9,Diesel Oil,NA,Combustion turbine,NA,NA,NA,NA,NBP
NY,Astoria Gas Turbine Power,55243,CT0012,NA,2004,85,72.75,1527.75,NA,NA,NA,NA,NA,7.308,0.5811,25099.4,Diesel Oil,NA,Combustion turbine,NA,NA,NA,NA,NBP
NY,Astoria Gas Turbine Power,55243,CT0012,NA,2005,253,227.25,4772.25,NA,NA,NA,NA,NA,24.358,0.6213,78403,Diesel Oil,NA,Combustion turbine,NA,NA,NA,NA,NBP
NY,Astoria Gas Turbine Power,55243,CT0012,NA,2006,25,21.25,446.25,NA,NA,NA,NA,NA,2.301,0.628,7331.4,Diesel Oil,NA,Combustion turbine,NA,NA,NA,NA,NBP
NY,Astoria Gas Turbine Power,55243,CT0012,NA,2007,10,6.75,141.75,NA,NA,NA,NA,NA,0.731,0.628,2328.9,Diesel Oil,NA,Combustion turbine,NA,NA,NA,NA,NBP
NY,Astoria Gas Turbine Power,55243,CT0012,NA,2008,3,3,63,NA,NA,NA,NA,NA,0.321,0.621,1035,Diesel Oil,NA,Combustion turbine,NA,NA,NA,NA,"CAIROS, NBP"
NY,Astoria Gas Turbine Power,55243,CT0012,NA,2009,6,6,126,NA,NA,NA,NA,NA,0.643,0.621,2070,Diesel Oil,NA,Combustion turbine,NA,NA,NA,NA,CAIROS
NY,Astoria Gas Turbine Power,55243,CT0012,NA,2010,5,5,105,NA,NA,NA,NA,NA,0.536,0.621,1725,Diesel Oil,NA,Combustion turbine,NA,NA,NA,NA,CAIROS
NY,Astoria Gas Turbine Power,55243,CT0012,NA,2011,24,21.5,451.5,NA,NA,NA,NA,NA,4.451,1.2,7417.6,Diesel Oil,NA,Combustion turbine,NA,NA,NA,NA,CAIROS
NY,Astoria Gas Turbine Power,55243,CT0012,NA,2012,17,15.25,320.25,NA,NA,NA,NA,NA,2.393,0.9024,5261.3,Diesel Oil,NA,Combustion turbine,NA,NA,NA,NA,CAIROS
NY,Astoria Gas Turbine Power,55243,CT0012,NA,2013,6,5,105,NA,NA,NA,NA,NA,0.599,0.694,1725.1,Diesel Oil,NA,Combustion turbine,NA,NA,NA,NA,CAIROS
NY,Astoria Gas Turbine Power,55243,CT0012,NA,2014,3,1.75,36.75,NA,NA,NA,NA,NA,0.21,0.694,603.8,Diesel Oil,NA,Combustion turbine,NA,NA,NA,NA,CAIROS
NY,Astoria Gas Turbine Power,55243,CT0012,NA,2015,0,0,NA,NA,NA,NA,NA,NA,NA,NA,NA,Diesel Oil,NA,Combustion turbine,NA,NA,NA,NA,SIPNOX
NY,Astoria Gas Turbine Power,55243,CT0012,NA,2016,0,0,NA,NA,NA,NA,NA,NA,NA,NA,NA,Diesel Oil,NA,Combustion turbine,NA,NA,NA,NA,SIPNOX
NY,Astoria Gas Turbine Power,55243,CT0012,NA,2017,0,0,NA,NA,NA,NA,NA,NA,NA,NA,NA,Diesel Oil,NA,Combustion turbine,NA,NA,NA,NA,SIPNOX
NY,Astoria Gas Turbine Power,55243,CT0012,NA,2018,0,0,NA,NA,NA,NA,NA,NA,NA,NA,NA,Diesel Oil,NA,Combustion turbine,NA,NA,NA,NA,SIPNOX
NY,Astoria Gas Turbine Power,55243,CT0012,NA,2019,0,0,NA,NA,NA,NA,NA,NA,NA,NA,NA,Diesel Oil,NA,Combustion turbine,NA,NA,NA,NA,SIPNOX
NY,Astoria Gas Turbine Power,55243,CT0012,NA,2020,0,0,NA,NA,NA,NA,NA,NA,NA,NA,NA,Diesel Oil,NA,Combustion turbine,NA,NA,NA,NA,SIPNOX
NY,Astoria Gas Turbine Power,55243,CT0013,NA,1999,273,273,6552,NA,NA,NA,NA,NA,27.355,0.581,94185,Diesel Oil,NA,Combustion turbine,NA,NA,NA,NA,OTC
NY,Astoria Gas Turbine Power,55243,CT0013,NA,2000,81,81,1861,NA,NA,NA,NA,NA,8.116,0.581,27945,Diesel Oil,NA,Combustion turbine,NA,NA,NA,NA,OTC
NY,Astoria Gas Turbine Power,55243,CT0013,NA,2001,109,95,2185,NA,NA,NA,NA,NA,9.519,0.581,32775,Diesel Oil,NA,Combustion turbine,NA,NA,NA,NA,OTC
NY,Astoria Gas Turbine Power,55243,CT0013,NA,2002,350,312.5,6562.5,NA,0,0,0,0,31.313,0.581,107814.4,Diesel Oil,NA,Combustion turbine,NA,NA,NA,NA,OTC
NY,Astoria Gas Turbine Power,55243,CT0013,NA,2003,247,229,4809,NA,0,0,0,0,22.956,0.581,79006,Diesel Oil,NA,Combustion turbine,NA,NA,NA,NA,NBP
NY,Astoria Gas Turbine Power,55243,CT0013,NA,2004,46,35.5,745.5,NA,NA,NA,NA,NA,3.563,0.5817,12248.2,Diesel Oil,NA,Combustion turbine,NA,NA,NA,NA,NBP
NY,Astoria Gas Turbine Power,55243,CT0013,NA,2005,141,120.5,2530.5,NA,NA,NA,NA,NA,12.931,0.6217,41573.6,Diesel Oil,NA,Combustion turbine,NA,NA,NA,NA,NBP
NY,Astoria Gas Turbine Power,55243,CT0013,NA,2006,24,19,399,NA,NA,NA,NA,NA,2.058,0.628,6555.4,Diesel Oil,NA,Combustion turbine,NA,NA,NA,NA,NBP
NY,Astoria Gas Turbine Power,55243,CT0013,NA,2007,12,9.5,199.5,NA,NA,NA,NA,NA,1.029,0.628,3277.6,Diesel Oil,NA,Combustion turbine,NA,NA,NA,NA,NBP
NY,Astoria Gas Turbine Power,55243,CT0013,NA,2008,3,3,63,NA,NA,NA,NA,NA,0.321,0.621,1035,Diesel Oil,NA,Combustion turbine,NA,NA,NA,NA,"CAIROS, NBP"
NY,Astoria Gas Turbine Power,55243,CT0013,NA,2009,4,4,84,NA,NA,NA,NA,NA,0.428,0.621,1380,Diesel Oil,NA,Combustion turbine,NA,NA,NA,NA,CAIROS
NY,Astoria Gas Turbine Power,55243,CT0013,NA,2010,9,8.5,178.5,NA,NA,NA,NA,NA,0.91,0.621,2932.5,Diesel Oil,NA,Combustion turbine,NA,NA,NA,NA,CAIROS
NY,Astoria Gas Turbine Power,55243,CT0013,NA,2011,27,23.75,498.75,NA,NA,NA,NA,NA,4.916,1.2,8193.9,Diesel Oil,NA,Combustion turbine,NA,NA,NA,NA,CAIROS
NY,Astoria Gas Turbine Power,55243,CT0013,NA,2012,12,9.25,193.75,NA,NA,NA,NA,NA,1.151,0.7783,3191.4,Diesel Oil,NA,Combustion turbine,NA,NA,NA,NA,CAIROS
NY,Astoria Gas Turbine Power,55243,CT0013,NA,2013,5,2.25,47.25,NA,NA,NA,NA,NA,0.269,0.694,776.4,Diesel Oil,NA,Combustion turbine,NA,NA,NA,NA,CAIROS
NY,Astoria Gas Turbine Power,55243,CT0013,NA,2014,5,3.75,78.75,NA,NA,NA,NA,NA,0.449,0.694,1293.8,Diesel Oil,NA,Combustion turbine,NA,NA,NA,NA,CAIROS
NY,Astoria Gas Turbine Power,55243,CT0013,NA,2015,0,0,NA,NA,NA,NA,NA,NA,NA,NA,NA,Diesel Oil,NA,Combustion turbine,NA,NA,NA,NA,SIPNOX
NY,Astoria Gas Turbine Power,55243,CT0013,NA,2016,0,0,NA,NA,NA,NA,NA,NA,NA,NA,NA,Diesel Oil,NA,Combustion turbine,NA,NA,NA,NA,SIPNOX
NY,Astoria Gas Turbine Power,55243,CT0013,NA,2017,0,0,NA,NA,NA,NA,NA,NA,NA,NA,NA,Diesel Oil,NA,Combustion turbine,NA,NA,NA,NA,SIPNOX
NY,Astoria Gas Turbine Power,55243,CT0013,NA,2018,0,0,NA,NA,NA,NA,NA,NA,NA,NA,NA,Diesel Oil,NA,Combustion turbine,NA,NA,NA,NA,SIPNOX
NY,Astoria Gas Turbine Power,55243,CT0013,NA,2019,0,0,NA,NA,NA,NA,NA,NA,NA,NA,NA,Diesel Oil,NA,Combustion turbine,NA,NA,NA,NA,SIPNOX
NY,Astoria Gas Turbine Power,55243,CT0013,NA,2020,0,0,NA,NA,NA,NA,NA,NA,NA,NA,NA,Diesel Oil,NA,Combustion turbine,NA,NA,NA,NA,SIPNOX
NY,Astoria Gas Turbine Power,55243,CT2-1A,NA,1999,491,491,18658,NA,NA,NA,NA,NA,56.981,0.455,250410,Diesel Oil,Pipeline Natural Gas,Combustion turbine,NA,NA,NA,NA,OTC
NY,Astoria Gas Turbine Power,55243,CT2-1A,NA,2000,334,334,13360,NA,NA,NA,NA,NA,38.744,0.455,170340,Diesel Oil,Pipeline Natural Gas,Combustion turbine,NA,NA,NA,NA,OTC
NY,Astoria Gas Turbine Power,55243,CT2-1A,NA,2001,437,398.5,15940,NA,NA,NA,NA,NA,46.313,0.4581,203235,Diesel Oil,Pipeline Natural Gas,Combustion turbine,NA,NA,NA,NA,OTC
NY,Astoria Gas Turbine Power,55243,CT2-1A,NA,2002,348,317.75,6355,NA,0,0,0,0,18.43,0.455,81028.2,Pipeline Natural Gas,Diesel Oil,Combustion turbine,NA,NA,NA,NA,OTC
NY,Astoria Gas Turbine Power,55243,CT2-1A,NA,2003,496,463.5,9270,NA,0,0,0,0,29.126,0.4939,118195.1,Pipeline Natural Gas,Diesel Oil,Combustion turbine,NA,NA,NA,NA,NBP
NY,Astoria Gas Turbine Power,55243,CT2-1A,NA,2004,720,632.5,12650,NA,NA,NA,NA,NA,39.73,0.4921,161292.8,Pipeline Natural Gas,Diesel Oil,Combustion turbine,NA,NA,NA,NA,NBP
NY,Astoria Gas Turbine Power,55243,CT2-1A,NA,2005,1000,841,16820,NA,NA,NA,NA,NA,53.879,0.4929,218276.2,Pipeline Natural Gas,Diesel Oil,Combustion turbine,NA,NA,NA,NA,NBP
NY,Astoria Gas Turbine Power,55243,CT2-1A,NA,2006,285,280.5,5610,NA,NA,NA,NA,NA,17.598,0.4911,71655.3,Pipeline Natural Gas,Diesel Oil,Combustion turbine,NA,NA,NA,NA,NBP
NY,Astoria Gas Turbine Power,55243,CT2-1A,NA,2007,242,240.75,4815,NA,NA,NA,NA,NA,16.487,0.5425,60753.8,Pipeline Natural Gas,Diesel Oil,Combustion turbine,NA,NA,NA,NA,NBP
NY,Astoria Gas Turbine Power,55243,CT2-1A,NA,2008,303,303,6060,NA,NA,NA,NA,NA,21.787,0.5638,77265,Pipeline Natural Gas,Diesel Oil,Combustion turbine,NA,NA,NA,NA,"CAIRNOX, CAIROS, NBP"
NY,Astoria Gas Turbine Power,55243,CT2-1A,NA,2009,98,97.25,1945,NA,0.901,0.0723,1538.6,0.0622,7.048,0.5677,24798.8,Pipeline Natural Gas,Diesel Oil,Combustion turbine,NA,NA,NA,NA,"CAIRNOX, CAIROS, CAIRSO2, RGGI"
NY,Astoria Gas Turbine Power,55243,CT2-1A,NA,2010,88,87,1740,NA,0.263,0.0237,1327.8,0.06,5.744,0.5175,22185,Pipeline Natural Gas,Diesel Oil,Combustion turbine,NA,NA,NA,NA,"CAIRNOX, CAIROS, CAIRSO2, RGGI"
NY,Astoria Gas Turbine Power,55243,CT2-1A,NA,2011,129,118,2360,NA,0.855,0.0551,1846.2,0.0615,9.623,0.6291,30090.7,Pipeline Natural Gas,Diesel Oil,Combustion turbine,NA,NA,NA,NA,"CAIRNOX, CAIROS, CAIRSO2, RGGI"
NY,Astoria Gas Turbine Power,55243,CT2-1A,NA,2012,308,278.25,5565,NA,0.027,9e-4,4175.4,0.0591,16.528,0.466,70955.4,Pipeline Natural Gas,Diesel Oil,Combustion turbine,NA,NA,NA,NA,"CAIRNOX, CAIROS, CAIRSO2, RGGI"
NY,Astoria Gas Turbine Power,55243,CT2-1A,NA,2013,252,190,3800,NA,0.701,0.0246,2915.4,0.0602,11.891,0.487,48454.3,Pipeline Natural Gas,Diesel Oil,Combustion turbine,NA,NA,NA,NA,"CAIRNOX, CAIROS, CAIRSO2, RGGI"
NY,Astoria Gas Turbine Power,55243,CT2-1A,CP0002,2014,274,182.05,3544.71,NA,2.966,0.1136,3049.1,0.0633,13.618,0.5651,47271.2,Pipeline Natural Gas,Diesel Oil,Combustion turbine,NA,NA,NA,NA,"CAIRNOX, CAIROS, CAIRSO2, RGGI"
NY,Astoria Gas Turbine Power,55243,CT2-1A,CP0002,2015,164,100.28,1852.82,NA,0.334,0.0313,1602.9,0.0585,6.505,0.4926,26683.6,Pipeline Natural Gas,Diesel Oil,Combustion turbine,NA,NA,NA,NA,"CSNOX, CSNOXOS, CSSO2G1, RGGI"
NY,Astoria Gas Turbine Power,55243,CT2-1A,CP0002,2016,168,118.75,2360.75,NA,0.655,0.045,1713.4,0.0609,7.414,0.5261,28082.9,Pipeline Natural Gas,Diesel Oil,Combustion turbine,NA,NA,NA,NA,"CSNOX, CSNOXOS, CSSO2G1, RGGI"
NY,Astoria Gas Turbine Power,55243,CT2-1A,CP0002,2017,157,102.5,2050,NA,0.163,0.0132,1448.6,0.0597,6.098,0.5012,24323.6,Pipeline Natural Gas,Diesel Oil,Combustion turbine,NA,NA,NA,NA,"CSNOX, CSOSG2, CSSO2G1, RGGI"
NY,Astoria Gas Turbine Power,55243,CT2-1A,CP0002,2018,317,193.54,3645.57,NA,0.304,0.018,2548.9,0.0589,10.731,0.5042,42749.2,Pipeline Natural Gas,Diesel Oil,Combustion turbine,NA,NA,NA,NA,"CSNOX, CSOSG2, CSSO2G1, RGGI"
NY,Astoria Gas Turbine Power,55243,CT2-1A,CP0002,2019,66,33.2,645.3,NA,0.08,0.0383,527.6,0.0611,2.228,0.5205,8822.4,Pipeline Natural Gas,Diesel Oil,Combustion turbine,NA,NA,NA,NA,"CSNOX, CSOSG2, CSSO2G1, RGGI"
NY,Astoria Gas Turbine Power,55243,CT2-1A,CP0002,2020,111,57.84,1085.2,NA,0.023,0.0094,916.4,0.0587,3.828,0.4976,15508.5,Pipeline Natural Gas,Diesel Oil,Combustion turbine,NA,NA,NA,NA,"CSNOX, CSOSG2, CSSO2G1, RGGI"
NY,Astoria Gas Turbine Power,55243,CT2-1A,CP0002,2021,157,93.9,1613.03,NA,0.118,0.0164,1439.6,0.059,5.467,0.4571,24229.6,Pipeline Natural Gas,Diesel Oil,Combustion turbine,NA,NA,NA,NA,"CSNOX, CSOSG3, CSSO2G1, RGGI"
NY,Astoria Gas Turbine Power,55243,CT2-1A,CP0002,2022,103,64.67,1318.08,NA,1.163,0.1235,1166.1,0.0631,4.837,0.5301,18041.4,Pipeline Natural Gas,Diesel Oil,Combustion turbine,NA,NA,NA,NA,"CSNOX, CSOSG3, CSSO2G1, RGGI"
NY,Astoria Gas Turbine Power,55243,CT2-1A,CP0002,2023,27,13.95,279,NA,0.03,0.0376,223.5,0.0606,0.792,0.4441,3745.6,Pipeline Natural Gas,Diesel Oil,Combustion turbine,NA,NA,NA,NA,"CSNOX, CSSO2G1, RGGI"
NY,Astoria Gas Turbine Power,55243,CT2-1B,NA,2002,348,317.75,6355,NA,0,0,0,0,18.43,0.455,81028.2,Pipeline Natural Gas,Diesel Oil,Combustion turbine,NA,NA,NA,NA,OTC
NY,Astoria Gas Turbine Power,55243,CT2-1B,NA,2003,496,463.5,9270,NA,0,0,0,0,29.126,0.4939,118195.1,Pipeline Natural Gas,Diesel Oil,Combustion turbine,NA,NA,NA,NA,NBP
NY,Astoria Gas Turbine Power,55243,CT2-1B,NA,2004,720,632.5,12650,NA,NA,NA,NA,NA,39.73,0.4921,161292.8,Pipeline Natural Gas,Diesel Oil,Combustion turbine,NA,NA,NA,NA,NBP
NY,Astoria Gas Turbine Power,55243,CT2-1B,NA,2005,1000,841,16820,NA,NA,NA,NA,NA,53.879,0.4929,218276.2,Pipeline Natural Gas,Diesel Oil,Combustion turbine,NA,NA,NA,NA,NBP
NY,Astoria Gas Turbine Power,55243,CT2-1B,NA,2006,285,280.5,5610,NA,NA,NA,NA,NA,17.598,0.4911,71655.3,Pipeline Natural Gas,Diesel Oil,Combustion turbine,NA,NA,NA,NA,NBP
NY,Astoria Gas Turbine Power,55243,CT2-1B,NA,2007,242,240.75,4815,NA,NA,NA,NA,NA,16.487,0.5425,60753.8,Pipeline Natural Gas,Diesel Oil,Combustion turbine,NA,NA,NA,NA,NBP
NY,Astoria Gas Turbine Power,55243,CT2-1B,NA,2008,303,303,6060,NA,NA,NA,NA,NA,21.787,0.5638,77265,Pipeline Natural Gas,Diesel Oil,Combustion turbine,NA,NA,NA,NA,"CAIRNOX, CAIROS, NBP"
NY,Astoria Gas Turbine Power,55243,CT2-1B,NA,2009,98,97.25,1945,NA,0.901,0.0723,1538.6,0.0622,7.048,0.5677,24798.8,Pipeline Natural Gas,Diesel Oil,Combustion turbine,NA,NA,NA,NA,"CAIRNOX, CAIROS, CAIRSO2, RGGI"
NY,Astoria Gas Turbine Power,55243,CT2-1B,NA,2010,88,87,1740,NA,0.263,0.0237,1327.8,0.06,5.744,0.5175,22185,Pipeline Natural Gas,Diesel Oil,Combustion turbine,NA,NA,NA,NA,"CAIRNOX, CAIROS, CAIRSO2, RGGI"
NY,Astoria Gas Turbine Power,55243,CT2-1B,NA,2011,129,118,2360,NA,0.855,0.0551,1846.2,0.0615,9.931,0.651,30090.7,Pipeline Natural Gas,Diesel Oil,Combustion turbine,NA,NA,NA,NA,"CAIRNOX, CAIROS, CAIRSO2, RGGI"
NY,Astoria Gas Turbine Power,55243,CT2-1B,NA,2012,308,278.25,5565,NA,0.027,9e-4,4175.4,0.0591,17.988,0.5069,70955.4,Pipeline Natural Gas,Diesel Oil,Combustion turbine,NA,NA,NA,NA,"CAIRNOX, CAIROS, CAIRSO2, RGGI"
NY,Astoria Gas Turbine Power,55243,CT2-1B,NA,2013,252,190,3800,NA,0.701,0.0246,2915.4,0.0602,13.021,0.5325,48454.3,Pipeline Natural Gas,Diesel Oil,Combustion turbine,NA,NA,NA,NA,"CAIRNOX, CAIROS, CAIRSO2, RGGI"
NY,Astoria Gas Turbine Power,55243,CT2-1B,CP0002,2014,252,167.98,3259.67,NA,2.969,0.1235,2835.6,0.064,14.252,0.6412,43645.4,Pipeline Natural Gas,Diesel Oil,Combustion turbine,NA,NA,NA,NA,"CAIRNOX, CAIROS, CAIRSO2, RGGI"
NY,Astoria Gas Turbine Power,55243,CT2-1B,CP0002,2015,164,100.36,1852.13,NA,0.334,0.0313,1602.4,0.0585,7.114,0.5418,26674.8,Pipeline Natural Gas,Diesel Oil,Combustion turbine,NA,NA,NA,NA,"CSNOX, CSNOXOS, CSSO2G1, RGGI"
NY,Astoria Gas Turbine Power,55243,CT2-1B,CP0002,2016,169,118.7,2368.31,NA,0.664,0.0447,1719.5,0.0605,7.558,0.5345,28173.1,Pipeline Natural Gas,Diesel Oil,Combustion turbine,NA,NA,NA,NA,"CSNOX, CSNOXOS, CSSO2G1, RGGI"
NY,Astoria Gas Turbine Power,55243,CT2-1B,CP0002,2017,157,102.5,2050,NA,0.163,0.0132,1448.6,0.0597,6.03,0.4957,24323.6,Pipeline Natural Gas,Diesel Oil,Combustion turbine,NA,NA,NA,NA,"CSNOX, CSOSG2, CSSO2G1, RGGI"
NY,Astoria Gas Turbine Power,55243,CT2-1B,CP0002,2018,317,193.54,3645.57,NA,0.304,0.018,2548.9,0.0589,10.604,0.4976,42749.2,Pipeline Natural Gas,Diesel Oil,Combustion turbine,NA,NA,NA,NA,"CSNOX, CSOSG2, CSSO2G1, RGGI"
NY,Astoria Gas Turbine Power,55243,CT2-1B,CP0002,2019,66,33.2,645.3,NA,0.08,0.0383,527.6,0.0611,2.197,0.509,8822.4,Pipeline Natural Gas,Diesel Oil,Combustion turbine,NA,NA,NA,NA,"CSNOX, CSOSG2, CSSO2G1, RGGI"
NY,Astoria Gas Turbine Power,55243,CT2-1B,CP0002,2020,111,57.84,1085.2,NA,0.023,0.0094,916.4,0.0587,3.801,0.4926,15508.5,Pipeline Natural Gas,Diesel Oil,Combustion turbine,NA,NA,NA,NA,"CSNOX, CSOSG2, CSSO2G1, RGGI"
NY,Astoria Gas Turbine Power,55243,CT2-1B,CP0002,2021,157,93.9,1613.03,NA,0.118,0.0164,1439.6,0.059,5.337,0.447,24229.6,Pipeline Natural Gas,Diesel Oil,Combustion turbine,NA,NA,NA,NA,"CSNOX, CSOSG3, CSSO2G1, RGGI"
NY,Astoria Gas Turbine Power,55243,CT2-1B,CP0002,2022,103,64.67,1316.96,NA,1.163,0.1235,1165.1,0.0631,4.918,0.538,18024.7,Pipeline Natural Gas,Diesel Oil,Combustion turbine,NA,NA,NA,NA,"CSNOX, CSOSG3, CSSO2G1, RGGI"
NY,Astoria Gas Turbine Power,55243,CT2-1B,CP0002,2023,27,13.95,279,NA,0.03,0.0376,223.5,0.0606,0.771,0.4369,3745.6,Pipeline Natural Gas,Diesel Oil,Combustion turbine,NA,NA,NA,NA,"CSNOX, CSSO2G1, RGGI"
NY,Astoria Gas Turbine Power,55243,CT2-2A,NA,1999,485,485,18430,NA,NA,NA,NA,NA,56.284,0.455,247350,Diesel Oil,Pipeline Natural Gas,Combustion turbine,NA,NA,NA,NA,OTC
NY,Astoria Gas Turbine Power,55243,CT2-2A,NA,2000,341,341,13640,NA,NA,NA,NA,NA,39.556,0.455,173910,Diesel Oil,Pipeline Natural Gas,Combustion turbine,NA,NA,NA,NA,OTC
NY,Astoria Gas Turbine Power,55243,CT2-2A,NA,2001,524,491.5,19660,NA,NA,NA,NA,NA,57.014,0.455,250665,Diesel Oil,Pipeline Natural Gas,Combustion turbine,NA,NA,NA,NA,OTC
NY,Astoria Gas Turbine Power,55243,CT2-2A,NA,2002,300,272,5440,NA,0,0,0,0,15.776,0.455,69361.5,Pipeline Natural Gas,Diesel Oil,Combustion turbine,NA,NA,NA,NA,OTC
NY,Astoria Gas Turbine Power,55243,CT2-2A,NA,2003,480,451,9020,NA,0,0,0,0,28.266,0.4915,115007.1,Pipeline Natural Gas,Diesel Oil,Combustion turbine,NA,NA,NA,NA,NBP
NY,Astoria Gas Turbine Power,55243,CT2-2A,NA,2004,584,528.25,10545,NA,NA,NA,NA,NA,33.293,0.4944,134707,Pipeline Natural Gas,Diesel Oil,Combustion turbine,NA,NA,NA,NA,NBP
NY,Astoria Gas Turbine Power,55243,CT2-2A,NA,2005,977,853.25,17065,NA,NA,NA,NA,NA,54.249,0.508,217586.1,Pipeline Natural Gas,Diesel Oil,Combustion turbine,NA,NA,NA,NA,NBP
NY,Astoria Gas Turbine Power,55243,CT2-2A,NA,2006,300,299.25,5985,NA,NA,NA,NA,NA,18.727,0.494,76308.8,Pipeline Natural Gas,Diesel Oil,Combustion turbine,NA,NA,NA,NA,NBP
NY,Astoria Gas Turbine Power,55243,CT2-2A,NA,2007,212,209.75,4195,NA,NA,NA,NA,NA,14.666,0.548,53456.4,Pipeline Natural Gas,Diesel Oil,Combustion turbine,NA,NA,NA,NA,NBP
NY,Astoria Gas Turbine Power,55243,CT2-2A,NA,2008,407,406.25,8125,NA,NA,NA,NA,NA,28.505,0.551,103593.8,Pipeline Natural Gas,Diesel Oil,Combustion turbine,NA,NA,NA,NA,"CAIRNOX, CAIROS, NBP"
NY,Astoria Gas Turbine Power,55243,CT2-2A,NA,2009,162,162,3240,NA,1.671,0.0811,2578.2,0.0625,11.917,0.5768,41310,Pipeline Natural Gas,Diesel Oil,Combustion turbine,NA,NA,NA,NA,"CAIRNOX, CAIROS, CAIRSO2, RGGI"
NY,Astoria Gas Turbine Power,55243,CT2-2A,NA,2010,194,192.5,3850,NA,0.719,0.0293,2950.2,0.0602,12.851,0.5233,49087.5,Pipeline Natural Gas,Diesel Oil,Combustion turbine,NA,NA,NA,NA,"CAIRNOX, CAIROS, CAIRSO2, RGGI"
NY,Astoria Gas Turbine Power,55243,CT2-2A,NA,2011,226,226,4520,NA,1.232,0.043,3498.3,0.0608,17.77,0.6168,57630,Pipeline Natural Gas,Diesel Oil,Combustion turbine,NA,NA,NA,NA,"CAIRNOX, CAIROS, CAIRSO2, RGGI"
NY,Astoria Gas Turbine Power,55243,CT2-2A,NA,2012,356,352.75,7055,NA,0.067,0.0038,5294.2,0.0591,20.982,0.4685,89951.4,Pipeline Natural Gas,Diesel Oil,Combustion turbine,NA,NA,NA,NA,"CAIRNOX, CAIROS, CAIRSO2, RGGI"
NY,Astoria Gas Turbine Power,55243,CT2-2A,NA,2013,275,210.75,4215,NA,0.942,0.0317,3248.2,0.0605,13.334,0.4933,53745.7,Pipeline Natural Gas,Diesel Oil,Combustion turbine,NA,NA,NA,NA,"CAIRNOX, CAIROS, CAIRSO2, RGGI"
NY,Astoria Gas Turbine Power,55243,CT2-2A,CP0002,2014,287,196.52,3750.86,NA,3.339,0.1207,3241,0.0638,14.575,0.572,49971.4,Pipeline Natural Gas,Diesel Oil,Combustion turbine,NA,NA,NA,NA,"CAIRNOX, CAIROS, CAIRSO2, RGGI"
NY,Astoria Gas Turbine Power,55243,CT2-2A,CP0002,2015,164,96.18,1714.88,NA,0.11,0.0096,1449.6,0.0569,5.777,0.4729,24408.7,Pipeline Natural Gas,Diesel Oil,Combustion turbine,NA,NA,NA,NA,"CSNOX, CSNOXOS, CSSO2G1, RGGI"
NY,Astoria Gas Turbine Power,55243,CT2-2A,CP0002,2016,215,154.5,3090,NA,0.591,0.0352,2221.4,0.0605,9.525,0.5203,36792,Pipeline Natural Gas,Diesel Oil,Combustion turbine,NA,NA,NA,NA,"CSNOX, CSNOXOS, CSSO2G1, RGGI"
NY,Astoria Gas Turbine Power,55243,CT2-2A,CP0002,2017,97,59.25,1185,NA,0.051,0.0159,833.3,0.0599,3.482,0.5018,14032.9,Pipeline Natural Gas,Diesel Oil,Combustion turbine,NA,NA,NA,NA,"CSNOX, CSOSG2, CSSO2G1, RGGI"
NY,Astoria Gas Turbine Power,55243,CT2-2A,CP0002,2018,92,55.51,1037.72,NA,0.161,0.0332,727.9,0.0592,3.076,0.5109,12096.7,Pipeline Natural Gas,Diesel Oil,Combustion turbine,NA,NA,NA,NA,"CSNOX, CSOSG2, CSSO2G1, RGGI"
NY,Astoria Gas Turbine Power,55243,CT2-2A,CP0002,2019,90,46.31,854.98,NA,0.014,0.0115,689,0.0571,2.874,0.4958,11656.1,Pipeline Natural Gas,Diesel Oil,Combustion turbine,NA,NA,NA,NA,"CSNOX, CSOSG2, CSSO2G1, RGGI"
NY,Astoria Gas Turbine Power,55243,CT2-2A,CP0002,2020,40,16.64,298.04,NA,0.008,0.038,250.9,0.0594,1.049,0.5144,4246.2,Pipeline Natural Gas,Diesel Oil,Combustion turbine,NA,NA,NA,NA,"CSNOX, CSOSG2, CSSO2G1, RGGI"
NY,Astoria Gas Turbine Power,55243,CT2-2A,CP0002,2021,96,56.72,970.15,NA,0.066,0.0319,865.5,0.0596,3.267,0.4644,14581.5,Pipeline Natural Gas,Diesel Oil,Combustion turbine,NA,NA,NA,NA,"CSNOX, CSOSG3, CSSO2G1, RGGI"
NY,Astoria Gas Turbine Power,55243,CT2-2A,CP0002,2022,149,99.88,1926.03,NA,0.717,0.0576,1608.3,0.061,6.045,0.4645,26201.2,Pipeline Natural Gas,Diesel Oil,Combustion turbine,NA,NA,NA,NA,"CSNOX, CSOSG3, CSSO2G1, RGGI"
NY,Astoria Gas Turbine Power,55243,CT2-2A,CP0002,2023,17,7.12,141.9,NA,0.033,0.0592,118.4,0.061,0.431,0.4664,1955.7,Pipeline Natural Gas,Diesel Oil,Combustion turbine,NA,NA,NA,NA,"CSNOX, CSSO2G1, RGGI"
NY,Astoria Gas Turbine Power,55243,CT2-2B,NA,2002,300,272,5440,NA,0,0,0,0,15.776,0.455,69361.5,Pipeline Natural Gas,Diesel Oil,Combustion turbine,NA,NA,NA,NA,OTC
NY,Astoria Gas Turbine Power,55243,CT2-2B,NA,2003,480,451,9020,NA,0,0,0,0,28.266,0.4915,115007.1,Pipeline Natural Gas,Diesel Oil,Combustion turbine,NA,NA,NA,NA,NBP
NY,Astoria Gas Turbine Power,55243,CT2-2B,NA,2004,584,528.25,10545,NA,NA,NA,NA,NA,33.293,0.4944,134707,Pipeline Natural Gas,Diesel Oil,Combustion turbine,NA,NA,NA,NA,NBP
NY,Astoria Gas Turbine Power,55243,CT2-2B,NA,2005,977,853.25,17065,NA,NA,NA,NA,NA,54.249,0.508,217586.1,Pipeline Natural Gas,Diesel Oil,Combustion turbine,NA,NA,NA,NA,NBP
NY,Astoria Gas Turbine Power,55243,CT2-2B,NA,2006,300,299.25,5985,NA,NA,NA,NA,NA,18.727,0.494,76308.8,Pipeline Natural Gas,Diesel Oil,Combustion turbine,NA,NA,NA,NA,NBP
NY,Astoria Gas Turbine Power,55243,CT2-2B,NA,2007,212,209.75,4195,NA,NA,NA,NA,NA,14.666,0.548,53456.4,Pipeline Natural Gas,Diesel Oil,Combustion turbine,NA,NA,NA,NA,NBP
NY,Astoria Gas Turbine Power,55243,CT2-2B,NA,2008,407,406.25,8125,NA,NA,NA,NA,NA,28.505,0.551,103593.8,Pipeline Natural Gas,Diesel Oil,Combustion turbine,NA,NA,NA,NA,"CAIRNOX, CAIROS, NBP"
NY,Astoria Gas Turbine Power,55243,CT2-2B,NA,2009,162,162,3240,NA,1.671,0.0811,2578.2,0.0625,11.917,0.5768,41310,Pipeline Natural Gas,Diesel Oil,Combustion turbine,NA,NA,NA,NA,"CAIRNOX, CAIROS, CAIRSO2, RGGI"
NY,Astoria Gas Turbine Power,55243,CT2-2B,NA,2010,194,192.5,3850,NA,0.719,0.0293,2950.2,0.0602,12.851,0.5233,49087.5,Pipeline Natural Gas,Diesel Oil,Combustion turbine,NA,NA,NA,NA,"CAIRNOX, CAIROS, CAIRSO2, RGGI"
NY,Astoria Gas Turbine Power,55243,CT2-2B,NA,2011,226,226,4520,NA,1.232,0.043,3498.3,0.0608,18.405,0.6387,57630,Pipeline Natural Gas,Diesel Oil,Combustion turbine,NA,NA,NA,NA,"CAIRNOX, CAIROS, CAIRSO2, RGGI"
NY,Astoria Gas Turbine Power,55243,CT2-2B,NA,2012,356,352.75,7055,NA,0.067,0.0038,5294.2,0.0591,22.84,0.51,89951.4,Pipeline Natural Gas,Diesel Oil,Combustion turbine,NA,NA,NA,NA,"CAIRNOX, CAIROS, CAIRSO2, RGGI"
NY,Astoria Gas Turbine Power,55243,CT2-2B,NA,2013,275,210.75,4215,NA,0.942,0.0317,3248.2,0.0605,14.62,0.5402,53745.7,Pipeline Natural Gas,Diesel Oil,Combustion turbine,NA,NA,NA,NA,"CAIRNOX, CAIROS, CAIRSO2, RGGI"
NY,Astoria Gas Turbine Power,55243,CT2-2B,CP0002,2014,287,196.52,3748.78,NA,3.339,0.1207,3239.1,0.0638,16.245,0.6367,49940.7,Pipeline Natural Gas,Diesel Oil,Combustion turbine,NA,NA,NA,NA,"CAIRNOX, CAIROS, CAIRSO2, RGGI"
NY,Astoria Gas Turbine Power,55243,CT2-2B,CP0002,2015,163,95.95,1710.67,NA,0.11,0.0097,1445.6,0.0569,6.282,0.5192,24344.6,Pipeline Natural Gas,Diesel Oil,Combustion turbine,NA,NA,NA,NA,"CSNOX, CSNOXOS, CSSO2G1, RGGI"
NY,Astoria Gas Turbine Power,55243,CT2-2B,CP0002,2016,215,154.5,3090,NA,0.591,0.0352,2221.4,0.0605,9.568,0.5227,36792,Pipeline Natural Gas,Diesel Oil,Combustion turbine,NA,NA,NA,NA,"CSNOX, CSNOXOS, CSSO2G1, RGGI"
NY,Astoria Gas Turbine Power,55243,CT2-2B,CP0002,2017,97,59.25,1185,NA,0.051,0.0159,833.3,0.0599,3.461,0.4988,14032.9,Pipeline Natural Gas,Diesel Oil,Combustion turbine,NA,NA,NA,NA,"CSNOX, CSOSG2, CSSO2G1, RGGI"
NY,Astoria Gas Turbine Power,55243,CT2-2B,CP0002,2018,92,55.58,1039.51,NA,0.161,0.0332,728.8,0.0592,3.063,0.5082,12112.7,Pipeline Natural Gas,Diesel Oil,Combustion turbine,NA,NA,NA,NA,"CSNOX, CSOSG2, CSSO2G1, RGGI"
NY,Astoria Gas Turbine Power,55243,CT2-2B,CP0002,2019,90,46.31,854.98,NA,0.014,0.0115,689,0.0571,2.857,0.4928,11656.1,Pipeline Natural Gas,Diesel Oil,Combustion turbine,NA,NA,NA,NA,"CSNOX, CSOSG2, CSSO2G1, RGGI"
NY,Astoria Gas Turbine Power,55243,CT2-2B,CP0002,2020,40,16.64,298.04,NA,0.008,0.038,250.9,0.0594,1.042,0.5115,4246.2,Pipeline Natural Gas,Diesel Oil,Combustion turbine,NA,NA,NA,NA,"CSNOX, CSOSG2, CSSO2G1, RGGI"
NY,Astoria Gas Turbine Power,55243,CT2-2B,CP0002,2021,96,56.72,970.15,NA,0.066,0.0319,865.5,0.0596,3.2,0.4569,14581.5,Pipeline Natural Gas,Diesel Oil,Combustion turbine,NA,NA,NA,NA,"CSNOX, CSOSG3, CSSO2G1, RGGI"
NY,Astoria Gas Turbine Power,55243,CT2-2B,CP0002,2022,149,99.88,1925.41,NA,0.717,0.0576,1607.6,0.061,5.989,0.4625,26192,Pipeline Natural Gas,Diesel Oil,Combustion turbine,NA,NA,NA,NA,"CSNOX, CSOSG3, CSSO2G1, RGGI"
NY,Astoria Gas Turbine Power,55243,CT2-2B,CP0002,2023,17,7.12,141.9,NA,0.033,0.0592,118.4,0.061,0.424,0.4631,1955.7,Pipeline Natural Gas,Diesel Oil,Combustion turbine,NA,NA,NA,NA,"CSNOX, CSSO2G1, RGGI"
NY,Astoria Gas Turbine Power,55243,CT2-3A,NA,1999,519,519,19722,NA,NA,NA,NA,NA,60.223,0.455,264690,Diesel Oil,Pipeline Natural Gas,Combustion turbine,NA,NA,NA,NA,OTC
NY,Astoria Gas Turbine Power,55243,CT2-3A,NA,2000,349,349,13960,NA,NA,NA,NA,NA,40.484,0.455,177990,Diesel Oil,Pipeline Natural Gas,Combustion turbine,NA,NA,NA,NA,OTC
NY,Astoria Gas Turbine Power,55243,CT2-3A,NA,2001,375,346.75,13870,NA,NA,NA,NA,NA,40.223,0.455,176842.5,Diesel Oil,Pipeline Natural Gas,Combustion turbine,NA,NA,NA,NA,OTC
NY,Astoria Gas Turbine Power,55243,CT2-3A,NA,2002,311,281.25,5625,NA,0,0,0,0,16.313,0.455,71720.7,Pipeline Natural Gas,Diesel Oil,Combustion turbine,NA,NA,NA,NA,OTC
NY,Astoria Gas Turbine Power,55243,CT2-3A,NA,2003,323,300,6000,NA,0,0,0,0,18.8,0.4914,76501.4,Pipeline Natural Gas,Diesel Oil,Combustion turbine,NA,NA,NA,NA,NBP
NY,Astoria Gas Turbine Power,55243,CT2-3A,NA,2004,529,466,9320,NA,NA,NA,NA,NA,29.228,0.4916,118833.8,Pipeline Natural Gas,Diesel Oil,Combustion turbine,NA,NA,NA,NA,NBP
NY,Astoria Gas Turbine Power,55243,CT2-3A,NA,2005,1149,1081.8,21636,NA,NA,NA,NA,NA,68.536,0.4945,276870.1,Pipeline Natural Gas,Diesel Oil,Combustion turbine,NA,NA,NA,NA,NBP
NY,Astoria Gas Turbine Power,55243,CT2-3A,NA,2006,322,321,6844,NA,NA,NA,NA,NA,20.223,0.4932,81982.5,Pipeline Natural Gas,Diesel Oil,Combustion turbine,NA,NA,NA,NA,NBP
NY,Astoria Gas Turbine Power,55243,CT2-3A,NA,2007,166,150.5,3010,NA,NA,NA,NA,NA,11.229,0.5737,38633.1,Pipeline Natural Gas,Diesel Oil,Combustion turbine,NA,NA,NA,NA,NBP
NY,Astoria Gas Turbine Power,55243,CT2-3A,NA,2008,256,253.75,5075,NA,NA,NA,NA,NA,17.744,0.5465,65088.8,Pipeline Natural Gas,Diesel Oil,Combustion turbine,NA,NA,NA,NA,"CAIRNOX, CAIROS, NBP"
NY,Astoria Gas Turbine Power,55243,CT2-3A,NA,2009,94,94,1880,NA,0.519,0.0435,1455.6,0.0609,6.448,0.5379,23970,Pipeline Natural Gas,Diesel Oil,Combustion turbine,NA,NA,NA,NA,"CAIRNOX, CAIROS, CAIRSO2, RGGI"
NY,Astoria Gas Turbine Power,55243,CT2-3A,NA,2010,95,94,1880,NA,0.264,0.022,1432.8,0.0599,6.185,0.5157,23970,Pipeline Natural Gas,Diesel Oil,Combustion turbine,NA,NA,NA,NA,"CAIRNOX, CAIROS, CAIRSO2, RGGI"
NY,Astoria Gas Turbine Power,55243,CT2-3A,NA,2011,124,122.75,2455,NA,0.712,0.0453,1904,0.061,9.209,0.5896,31301.3,Pipeline Natural Gas,Diesel Oil,Combustion turbine,NA,NA,NA,NA,"CAIRNOX, CAIROS, CAIRSO2, RGGI"
NY,Astoria Gas Turbine Power,55243,CT2-3A,NA,2012,271,266,5320,NA,0.026,0.001,3990.3,0.059,15.8,0.466,67830.3,Pipeline Natural Gas,Diesel Oil,Combustion turbine,NA,NA,NA,NA,"CAIRNOX, CAIROS, CAIRSO2, RGGI"
NY,Astoria Gas Turbine Power,55243,CT2-3A,NA,2013,214,167.25,3345,NA,0.875,0.0358,2588.7,0.0607,10.694,0.4969,42651.8,Pipeline Natural Gas,Diesel Oil,Combustion turbine,NA,NA,NA,NA,"CAIRNOX, CAIROS, CAIRSO2, RGGI"
NY,Astoria Gas Turbine Power,55243,CT2-3A,CP0002,2014,149,102.06,1965.04,NA,1.75,0.1247,1669.1,0.0646,7.524,0.5754,25695.1,Pipeline Natural Gas,Diesel Oil,Combustion turbine,NA,NA,NA,NA,"CAIRNOX, CAIROS, CAIRSO2, RGGI"
NY,Astoria Gas Turbine Power,55243,CT2-3A,CP0002,2015,85,49.85,855.28,NA,0.219,0.0418,759.5,0.0565,3.116,0.4971,12557.3,Pipeline Natural Gas,Diesel Oil,Combustion turbine,NA,NA,NA,NA,"CSNOX, CSNOXOS, CSSO2G1, RGGI"
NY,Astoria Gas Turbine Power,55243,CT2-3A,CP0002,2016,105,75.5,1510,NA,0.004,3e-4,1060.5,0.0589,4.42,0.4912,17983.3,Pipeline Natural Gas,Diesel Oil,Combustion turbine,NA,NA,NA,NA,"CSNOX, CSNOXOS, CSSO2G1, RGGI"
NY,Astoria Gas Turbine Power,55243,CT2-3A,CP0002,2017,130,83,1660,NA,0.068,0.0119,1164.2,0.0597,4.875,0.5009,19619.4,Pipeline Natural Gas,Diesel Oil,Combustion turbine,NA,NA,NA,NA,"CSNOX, CSOSG2, CSSO2G1, RGGI"
NY,Astoria Gas Turbine Power,55243,CT2-3A,CP0002,2018,110,68.69,1310.62,NA,0.289,0.0461,937,0.0604,4.02,0.5262,15442.7,Pipeline Natural Gas,Diesel Oil,Combustion turbine,NA,NA,NA,NA,"CSNOX, CSOSG2, CSSO2G1, RGGI"
NY,Astoria Gas Turbine Power,55243,CT2-3A,CP0002,2019,127,63.19,1155.44,NA,0.197,0.0281,954.9,0.0576,4.058,0.5123,15889.1,Pipeline Natural Gas,Diesel Oil,Combustion turbine,NA,NA,NA,NA,"CSNOX, CSOSG2, CSSO2G1, RGGI"
NY,Astoria Gas Turbine Power,55243,CT2-3A,CP0002,2020,89,44.25,781.47,NA,0.012,0.006,663.1,0.0607,2.768,0.4931,11223.3,Pipeline Natural Gas,Diesel Oil,Combustion turbine,NA,NA,NA,NA,"CSNOX, CSOSG2, CSSO2G1, RGGI"
NY,Astoria Gas Turbine Power,55243,CT2-3A,CP0002,2021,170,99.48,1738.82,NA,0.036,0.0182,1544.7,0.0595,5.742,0.4555,26134.9,Pipeline Natural Gas,Diesel Oil,Combustion turbine,NA,NA,NA,NA,"CSNOX, CSOSG3, CSSO2G1, RGGI"
NY,Astoria Gas Turbine Power,55243,CT2-3A,CP0002,2022,246,146.74,2880.63,NA,1.826,0.0905,2500.3,0.0627,9.898,0.4969,39663.5,Pipeline Natural Gas,Diesel Oil,Combustion turbine,NA,NA,NA,NA,"CSNOX, CSOSG3, CSSO2G1, RGGI"
NY,Astoria Gas Turbine Power,55243,CT2-3A,CP0002,2023,23,12.07,240.9,NA,0.021,0.0222,207.5,0.0599,0.729,0.429,3486,Pipeline Natural Gas,Diesel Oil,Combustion turbine,NA,NA,NA,NA,"CSNOX, CSSO2G1, RGGI"
NY,Astoria Gas Turbine Power,55243,CT2-3B,NA,2002,311,281.25,5625,NA,0,0,0,0,16.313,0.455,71720.7,Pipeline Natural Gas,Diesel Oil,Combustion turbine,NA,NA,NA,NA,OTC
NY,Astoria Gas Turbine Power,55243,CT2-3B,NA,2003,323,300,6000,NA,0,0,0,0,18.8,0.4914,76501.4,Pipeline Natural Gas,Diesel Oil,Combustion turbine,NA,NA,NA,NA,NBP
NY,Astoria Gas Turbine Power,55243,CT2-3B,NA,2004,529,466,9320,NA,NA,NA,NA,NA,29.228,0.4916,118833.8,Pipeline Natural Gas,Diesel Oil,Combustion turbine,NA,NA,NA,NA,NBP
NY,Astoria Gas Turbine Power,55243,CT2-3B,NA,2005,1149,1081.8,21636,NA,NA,NA,NA,NA,68.536,0.4945,276870.1,Pipeline Natural Gas,Diesel Oil,Combustion turbine,NA,NA,NA,NA,NBP
NY,Astoria Gas Turbine Power,55243,CT2-3B,NA,2006,322,321,6844,NA,NA,NA,NA,NA,20.223,0.4932,81982.5,Pipeline Natural Gas,Diesel Oil,Combustion turbine,NA,NA,NA,NA,NBP
NY,Astoria Gas Turbine Power,55243,CT2-3B,NA,2007,166,150.5,3010,NA,NA,NA,NA,NA,11.229,0.5737,38633.1,Pipeline Natural Gas,Diesel Oil,Combustion turbine,NA,NA,NA,NA,NBP
NY,Astoria Gas Turbine Power,55243,CT2-3B,NA,2008,256,253.75,5075,NA,NA,NA,NA,NA,17.744,0.5465,65088.8,Pipeline Natural Gas,Diesel Oil,Combustion turbine,NA,NA,NA,NA,"CAIRNOX, CAIROS, NBP"
NY,Astoria Gas Turbine Power,55243,CT2-3B,NA,2009,94,94,1880,NA,0.519,0.0435,1455.6,0.0609,6.448,0.5379,23970,Pipeline Natural Gas,Diesel Oil,Combustion turbine,NA,NA,NA,NA,"CAIRNOX, CAIROS, CAIRSO2, RGGI"
NY,Astoria Gas Turbine Power,55243,CT2-3B,NA,2010,95,94,1880,NA,0.264,0.022,1432.8,0.0599,6.185,0.5157,23970,Pipeline Natural Gas,Diesel Oil,Combustion turbine,NA,NA,NA,NA,"CAIRNOX, CAIROS, CAIRSO2, RGGI"
NY,Astoria Gas Turbine Power,55243,CT2-3B,NA,2011,124,122.75,2455,NA,0.712,0.0453,1904,0.061,9.64,0.6167,31301.3,Pipeline Natural Gas,Diesel Oil,Combustion turbine,NA,NA,NA,NA,"CAIRNOX, CAIROS, CAIRSO2, RGGI"
NY,Astoria Gas Turbine Power,55243,CT2-3B,NA,2012,271,266,5320,NA,0.026,0.001,3990.3,0.059,17.197,0.507,67830.3,Pipeline Natural Gas,Diesel Oil,Combustion turbine,NA,NA,NA,NA,"CAIRNOX, CAIROS, CAIRSO2, RGGI"
NY,Astoria Gas Turbine Power,55243,CT2-3B,NA,2013,214,167.25,3345,NA,0.875,0.0358,2588.7,0.0607,11.739,0.5446,42651.8,Pipeline Natural Gas,Diesel Oil,Combustion turbine,NA,NA,NA,NA,"CAIRNOX, CAIROS, CAIRSO2, RGGI"
NY,Astoria Gas Turbine Power,55243,CT2-3B,CP0002,2014,149,101.93,1962.33,NA,1.75,0.1247,1666.8,0.0644,8.383,0.6405,25657.2,Pipeline Natural Gas,Diesel Oil,Combustion turbine,NA,NA,NA,NA,"CAIRNOX, CAIROS, CAIRSO2, RGGI"
NY,Astoria Gas Turbine Power,55243,CT2-3B,CP0002,2015,85,50.25,856.02,NA,0.219,0.0418,760.2,0.0564,3.419,0.5587,12568.5,Pipeline Natural Gas,Diesel Oil,Combustion turbine,NA,NA,NA,NA,"CSNOX, CSNOXOS, CSSO2G1, RGGI"
NY,Astoria Gas Turbine Power,55243,CT2-3B,CP0002,2016,105,75.5,1510,NA,0.004,3e-4,1060.5,0.0589,4.401,0.4895,17983.3,Pipeline Natural Gas,Diesel Oil,Combustion turbine,NA,NA,NA,NA,"CSNOX, CSNOXOS, CSSO2G1, RGGI"
NY,Astoria Gas Turbine Power,55243,CT2-3B,CP0002,2017,130,83,1660,NA,0.068,0.0119,1164.2,0.0597,4.858,0.5001,19619.4,Pipeline Natural Gas,Diesel Oil,Combustion turbine,NA,NA,NA,NA,"CSNOX, CSOSG2, CSSO2G1, RGGI"
NY,Astoria Gas Turbine Power,55243,CT2-3B,CP0002,2018,110,68.69,1310.62,NA,0.289,0.0461,937,0.0604,4.049,0.5313,15442.7,Pipeline Natural Gas,Diesel Oil,Combustion turbine,NA,NA,NA,NA,"CSNOX, CSOSG2, CSSO2G1, RGGI"
NY,Astoria Gas Turbine Power,55243,CT2-3B,CP0002,2019,127,63.19,1155.44,NA,0.197,0.0281,954.9,0.0576,4.07,0.5146,15889.1,Pipeline Natural Gas,Diesel Oil,Combustion turbine,NA,NA,NA,NA,"CSNOX, CSOSG2, CSSO2G1, RGGI"
NY,Astoria Gas Turbine Power,55243,CT2-3B,CP0002,2020,89,44.25,781.47,NA,0.012,0.006,663.1,0.0607,2.752,0.4916,11223.3,Pipeline Natural Gas,Diesel Oil,Combustion turbine,NA,NA,NA,NA,"CSNOX, CSOSG2, CSSO2G1, RGGI"
NY,Astoria Gas Turbine Power,55243,CT2-3B,CP0002,2021,170,99.48,1738.82,NA,0.036,0.0182,1544.7,0.0595,5.61,0.4484,26134.9,Pipeline Natural Gas,Diesel Oil,Combustion turbine,NA,NA,NA,NA,"CSNOX, CSOSG3, CSSO2G1, RGGI"
NY,Astoria Gas Turbine Power,55243,CT2-3B,CP0002,2022,246,146.74,2875.05,NA,1.826,0.0905,2495.3,0.0627,9.934,0.4993,39580.5,Pipeline Natural Gas,Diesel Oil,Combustion turbine,NA,NA,NA,NA,"CSNOX, CSOSG3, CSSO2G1, RGGI"
NY,Astoria Gas Turbine Power,55243,CT2-3B,CP0002,2023,23,12.07,240.9,NA,0.021,0.0222,207.5,0.0599,0.709,0.419,3486,Pipeline Natural Gas,Diesel Oil,Combustion turbine,NA,NA,NA,NA,"CSNOX, CSSO2G1, RGGI"
NY,Astoria Gas Turbine Power,55243,CT2-4A,NA,1999,504,504,19152,NA,NA,NA,NA,NA,58.482,0.455,257040,Diesel Oil,Pipeline Natural Gas,Combustion turbine,NA,NA,NA,NA,OTC
NY,Astoria Gas Turbine Power,55243,CT2-4A,NA,2000,367,367,14680,NA,NA,NA,NA,NA,42.572,0.455,187170,Diesel Oil,Pipeline Natural Gas,Combustion turbine,NA,NA,NA,NA,OTC
NY,Astoria Gas Turbine Power,55243,CT2-4A,NA,2001,367,339,13560,NA,NA,NA,NA,NA,39.237,0.4541,172890,Diesel Oil,Pipeline Natural Gas,Combustion turbine,NA,NA,NA,NA,OTC
NY,Astoria Gas Turbine Power,55243,CT2-4A,NA,2002,255,235,4700,NA,0,0,0,0,13.63,0.455,59926.3,Pipeline Natural Gas,Diesel Oil,Combustion turbine,NA,NA,NA,NA,OTC
NY,Astoria Gas Turbine Power,55243,CT2-4A,NA,2003,238,220.5,4410,NA,0,0,0,0,13.812,0.4913,56228.6,Pipeline Natural Gas,Diesel Oil,Combustion turbine,NA,NA,NA,NA,NBP
NY,Astoria Gas Turbine Power,55243,CT2-4A,NA,2004,439,439,8780,NA,NA,NA,NA,NA,27.555,0.4922,111945,Pipeline Natural Gas,Diesel Oil,Combustion turbine,NA,NA,NA,NA,NBP
NY,Astoria Gas Turbine Power,55243,CT2-4A,NA,2005,1185,1124.5,22490,NA,NA,NA,NA,NA,70.917,0.4945,285731.8,Pipeline Natural Gas,Diesel Oil,Combustion turbine,NA,NA,NA,NA,NBP
NY,Astoria Gas Turbine Power,55243,CT2-4A,NA,2006,369,337,6740,NA,NA,NA,NA,NA,21.231,0.4933,86064.5,Pipeline Natural Gas,Diesel Oil,Combustion turbine,NA,NA,NA,NA,NBP
NY,Astoria Gas Turbine Power,55243,CT2-4A,NA,2007,288,276.25,6055,NA,NA,NA,NA,NA,19.291,0.5454,70444.2,Pipeline Natural Gas,Diesel Oil,Combustion turbine,NA,NA,NA,NA,NBP
NY,Astoria Gas Turbine Power,55243,CT2-4A,NA,2008,317,316.25,6325,NA,NA,NA,NA,NA,23.493,0.5835,80643.8,Pipeline Natural Gas,Diesel Oil,Combustion turbine,NA,NA,NA,NA,"CAIRNOX, CAIROS, NBP"
NY,Astoria Gas Turbine Power,55243,CT2-4A,NA,2009,118,118,2360,NA,0.33,0.0221,1798.5,0.0599,7.763,0.5159,30090,Pipeline Natural Gas,Diesel Oil,Combustion turbine,NA,NA,NA,NA,"CAIRNOX, CAIROS, CAIRSO2, RGGI"
NY,Astoria Gas Turbine Power,55243,CT2-4A,NA,2010,114,113,2260,NA,0.393,0.0273,1729.2,0.0602,7.514,0.5212,28815,Pipeline Natural Gas,Diesel Oil,Combustion turbine,NA,NA,NA,NA,"CAIRNOX, CAIROS, CAIRSO2, RGGI"
NY,Astoria Gas Turbine Power,55243,CT2-4A,NA,2011,180,180,3600,NA,0.845,0.037,2774.1,0.0606,13.73,0.5983,45900,Pipeline Natural Gas,Diesel Oil,Combustion turbine,NA,NA,NA,NA,"CAIRNOX, CAIROS, CAIRSO2, RGGI"
NY,Astoria Gas Turbine Power,55243,CT2-4A,NA,2012,249,246,4920,NA,0.025,0.001,3690.2,0.059,14.612,0.466,62730.2,Pipeline Natural Gas,Diesel Oil,Combustion turbine,NA,NA,NA,NA,"CAIRNOX, CAIROS, CAIRSO2, RGGI"
NY,Astoria Gas Turbine Power,55243,CT2-4A,NA,2013,140,108.25,2165,NA,0.28,0.0258,1650,0.0603,6.669,0.4881,27605.9,Pipeline Natural Gas,Diesel Oil,Combustion turbine,NA,NA,NA,NA,"CAIRNOX, CAIROS, CAIRSO2, RGGI"
NY,Astoria Gas Turbine Power,55243,CT2-4A,CP0002,2014,140,83.5,1594.78,NA,0.492,0.0434,1346.8,0.0598,5.578,0.5018,22099.2,Pipeline Natural Gas,Diesel Oil,Combustion turbine,NA,NA,NA,NA,"CAIRNOX, CAIROS, CAIRSO2, RGGI"
NY,Astoria Gas Turbine Power,55243,CT2-4A,CP0002,2015,196,114.88,2133.06,NA,0.36,0.0261,1839.8,0.0584,7.453,0.4871,30658.4,Pipeline Natural Gas,Diesel Oil,Combustion turbine,NA,NA,NA,NA,"CSNOX, CSNOXOS, CSSO2G1, RGGI"
NY,Astoria Gas Turbine Power,55243,CT2-4A,CP0002,2016,162,112.75,2255,NA,0.17,0.0127,1600.8,0.0594,6.722,0.4994,26907.8,Pipeline Natural Gas,Diesel Oil,Combustion turbine,NA,NA,NA,NA,"CSNOX, CSNOXOS, CSSO2G1, RGGI"
NY,Astoria Gas Turbine Power,55243,CT2-4A,CP0002,2017,124,77,1540,NA,0.176,0.0245,1105,0.0603,4.672,0.5107,18450.3,Pipeline Natural Gas,Diesel Oil,Combustion turbine,NA,NA,NA,NA,"CSNOX, CSOSG2, CSSO2G1, RGGI"
NY,Astoria Gas Turbine Power,55243,CT2-4A,CP0002,2018,196,127.47,2393.9,NA,0.402,0.0185,1676.4,0.0594,7.144,0.5051,27801.2,Pipeline Natural Gas,Diesel Oil,Combustion turbine,NA,NA,NA,NA,"CSNOX, CSOSG2, CSSO2G1, RGGI"
NY,Astoria Gas Turbine Power,55243,CT2-4A,CP0002,2019,86,42.05,802.87,NA,0.114,0.0294,648.9,0.0583,2.752,0.5142,10832.3,Pipeline Natural Gas,Diesel Oil,Combustion turbine,NA,NA,NA,NA,"CSNOX, CSOSG2, CSSO2G1, RGGI"
NY,Astoria Gas Turbine Power,55243,CT2-4A,CP0002,2020,83,36.98,689.4,NA,0.005,0.0064,583.3,0.0596,2.433,0.4962,9880.9,Pipeline Natural Gas,Diesel Oil,Combustion turbine,NA,NA,NA,NA,"CSNOX, CSOSG2, CSSO2G1, RGGI"
NY,Astoria Gas Turbine Power,55243,CT2-4A,CP0002,2021,137,77.26,1411.89,NA,0.207,0.0261,1259.9,0.0587,5.03,0.4806,21062.3,Pipeline Natural Gas,Diesel Oil,Combustion turbine,NA,NA,NA,NA,"CSNOX, CSOSG3, CSSO2G1, RGGI"
NY,Astoria Gas Turbine Power,55243,CT2-4A,CP0002,2022,224,140.73,2764.98,NA,1.459,0.0636,2361.7,0.0611,9.164,0.4678,37868,Pipeline Natural Gas,Diesel Oil,Combustion turbine,NA,NA,NA,NA,"CSNOX, CSOSG3, CSSO2G1, RGGI"
NY,Astoria Gas Turbine Power,55243,CT2-4A,CP0002,2023,24,11.99,239,NA,0.032,0.0213,207,0.0601,0.735,0.428,3461.3,Pipeline Natural Gas,Diesel Oil,Combustion turbine,NA,NA,NA,NA,"CSNOX, CSSO2G1, RGGI"
NY,Astoria Gas Turbine Power,55243,CT2-4B,NA,2002,255,235,4700,NA,0,0,0,0,13.63,0.455,59926.3,Pipeline Natural Gas,Diesel Oil,Combustion turbine,NA,NA,NA,NA,OTC
NY,Astoria Gas Turbine Power,55243,CT2-4B,NA,2003,238,220.5,4410,NA,0,0,0,0,13.812,0.4913,56228.6,Pipeline Natural Gas,Diesel Oil,Combustion turbine,NA,NA,NA,NA,NBP
NY,Astoria Gas Turbine Power,55243,CT2-4B,NA,2004,439,439,8780,NA,NA,NA,NA,NA,27.555,0.4922,111945,Pipeline Natural Gas,Diesel Oil,Combustion turbine,NA,NA,NA,NA,NBP
NY,Astoria Gas Turbine Power,55243,CT2-4B,NA,2005,1185,1124.5,22490,NA,NA,NA,NA,NA,70.917,0.4945,285731.8,Pipeline Natural Gas,Diesel Oil,Combustion turbine,NA,NA,NA,NA,NBP
NY,Astoria Gas Turbine Power,55243,CT2-4B,NA,2006,369,337,6740,NA,NA,NA,NA,NA,21.231,0.4933,86064.5,Pipeline Natural Gas,Diesel Oil,Combustion turbine,NA,NA,NA,NA,NBP
NY,Astoria Gas Turbine Power,55243,CT2-4B,NA,2007,288,276.25,6055,NA,NA,NA,NA,NA,19.291,0.5454,70444.2,Pipeline Natural Gas,Diesel Oil,Combustion turbine,NA,NA,NA,NA,NBP
NY,Astoria Gas Turbine Power,55243,CT2-4B,NA,2008,317,316.25,6325,NA,NA,NA,NA,NA,23.493,0.5835,80643.8,Pipeline Natural Gas,Diesel Oil,Combustion turbine,NA,NA,NA,NA,"CAIRNOX, CAIROS, NBP"
NY,Astoria Gas Turbine Power,55243,CT2-4B,NA,2009,118,118,2360,NA,0.33,0.0221,1798.5,0.0599,7.763,0.5159,30090,Pipeline Natural Gas,Diesel Oil,Combustion turbine,NA,NA,NA,NA,"CAIRNOX, CAIROS, CAIRSO2, RGGI"
NY,Astoria Gas Turbine Power,55243,CT2-4B,NA,2010,114,113,2260,NA,0.393,0.0273,1729.2,0.0602,7.514,0.5212,28815,Pipeline Natural Gas,Diesel Oil,Combustion turbine,NA,NA,NA,NA,"CAIRNOX, CAIROS, CAIRSO2, RGGI"
NY,Astoria Gas Turbine Power,55243,CT2-4B,NA,2011,180,180,3600,NA,0.845,0.037,2774.1,0.0606,14.286,0.6225,45900,Pipeline Natural Gas,Diesel Oil,Combustion turbine,NA,NA,NA,NA,"CAIRNOX, CAIROS, CAIRSO2, RGGI"
NY,Astoria Gas Turbine Power,55243,CT2-4B,NA,2012,249,246,4920,NA,0.025,0.001,3690.2,0.059,15.904,0.507,62730.2,Pipeline Natural Gas,Diesel Oil,Combustion turbine,NA,NA,NA,NA,"CAIRNOX, CAIROS, CAIRSO2, RGGI"
NY,Astoria Gas Turbine Power,55243,CT2-4B,NA,2013,140,108.25,2165,NA,0.28,0.0258,1650,0.0603,7.29,0.5338,27605.9,Pipeline Natural Gas,Diesel Oil,Combustion turbine,NA,NA,NA,NA,"CAIRNOX, CAIROS, CAIRSO2, RGGI"
NY,Astoria Gas Turbine Power,55243,CT2-4B,CP0002,2014,140,83.67,1594.58,NA,0.492,0.0434,1346.5,0.0596,6.126,0.5545,22096.4,Pipeline Natural Gas,Diesel Oil,Combustion turbine,NA,NA,NA,NA,"CAIRNOX, CAIROS, CAIRSO2, RGGI"
NY,Astoria Gas Turbine Power,55243,CT2-4B,CP0002,2015,196,114.9,2133.38,NA,0.36,0.0261,1840.1,0.0584,8.152,0.5371,30663.2,Pipeline Natural Gas,Diesel Oil,Combustion turbine,NA,NA,NA,NA,"CSNOX, CSNOXOS, CSSO2G1, RGGI"
NY,Astoria Gas Turbine Power,55243,CT2-4B,CP0002,2016,162,112.75,2255,NA,0.17,0.0127,1600.8,0.0594,6.786,0.5047,26907.8,Pipeline Natural Gas,Diesel Oil,Combustion turbine,NA,NA,NA,NA,"CSNOX, CSNOXOS, CSSO2G1, RGGI"
NY,Astoria Gas Turbine Power,55243,CT2-4B,CP0002,2017,124,77,1540,NA,0.176,0.0245,1105,0.0603,4.676,0.5123,18450.3,Pipeline Natural Gas,Diesel Oil,Combustion turbine,NA,NA,NA,NA,"CSNOX, CSOSG2, CSSO2G1, RGGI"
NY,Astoria Gas Turbine Power,55243,CT2-4B,CP0002,2018,196,127.71,2394.43,NA,0.402,0.0185,1676.7,0.0595,7.177,0.5053,27806,Pipeline Natural Gas,Diesel Oil,Combustion turbine,NA,NA,NA,NA,"CSNOX, CSOSG2, CSSO2G1, RGGI"
NY,Astoria Gas Turbine Power,55243,CT2-4B,CP0002,2019,86,42.05,802.87,NA,0.114,0.0294,648.9,0.0583,2.756,0.5166,10832.3,Pipeline Natural Gas,Diesel Oil,Combustion turbine,NA,NA,NA,NA,"CSNOX, CSOSG2, CSSO2G1, RGGI"
NY,Astoria Gas Turbine Power,55243,CT2-4B,CP0002,2020,83,36.98,689.4,NA,0.005,0.0064,583.3,0.0596,2.418,0.4945,9880.9,Pipeline Natural Gas,Diesel Oil,Combustion turbine,NA,NA,NA,NA,"CSNOX, CSOSG2, CSSO2G1, RGGI"
NY,Astoria Gas Turbine Power,55243,CT2-4B,CP0002,2021,137,77.26,1411.89,NA,0.207,0.0261,1259.9,0.0587,4.995,0.4785,21062.3,Pipeline Natural Gas,Diesel Oil,Combustion turbine,NA,NA,NA,NA,"CSNOX, CSOSG3, CSSO2G1, RGGI"
NY,Astoria Gas Turbine Power,55243,CT2-4B,CP0002,2022,224,141.06,2766.09,NA,1.459,0.0636,2362.8,0.061,9.165,0.4661,37884.5,Pipeline Natural Gas,Diesel Oil,Combustion turbine,NA,NA,NA,NA,"CSNOX, CSOSG3, CSSO2G1, RGGI"
NY,Astoria Gas Turbine Power,55243,CT2-4B,CP0002,2023,24,11.99,239,NA,0.032,0.0213,207,0.0601,0.717,0.4177,3461.3,Pipeline Natural Gas,Diesel Oil,Combustion turbine,NA,NA,NA,NA,"CSNOX, CSSO2G1, RGGI"
NY,Astoria Gas Turbine Power,55243,CT3-1A,NA,1999,431,431,16378,NA,NA,NA,NA,NA,50.011,0.455,219810,Diesel Oil,Pipeline Natural Gas,Combustion turbine,NA,NA,NA,NA,OTC
NY,Astoria Gas Turbine Power,55243,CT3-1A,NA,2000,293,293,11720,NA,NA,NA,NA,NA,33.988,0.455,149430,Diesel Oil,Pipeline Natural Gas,Combustion turbine,NA,NA,NA,NA,OTC
NY,Astoria Gas Turbine Power,55243,CT3-1A,NA,2001,329,305.5,12220,NA,NA,NA,NA,NA,35.438,0.455,155805,Diesel Oil,Pipeline Natural Gas,Combustion turbine,NA,NA,NA,NA,OTC
NY,Astoria Gas Turbine Power,55243,CT3-1A,NA,2002,472,422.75,8455,NA,0,0,0,0,24.52,0.455,107804.5,Pipeline Natural Gas,Diesel Oil,Combustion turbine,NA,NA,NA,NA,OTC
NY,Astoria Gas Turbine Power,55243,CT3-1A,NA,2003,134,125,2500,NA,0,0,0,0,7.837,0.4916,31875.6,Pipeline Natural Gas,Diesel Oil,Combustion turbine,NA,NA,NA,NA,NBP
NY,Astoria Gas Turbine Power,55243,CT3-1A,NA,2004,329,293.25,5865,NA,NA,NA,NA,NA,18.379,0.4916,74781.2,Pipeline Natural Gas,Diesel Oil,Combustion turbine,NA,NA,NA,NA,NBP
NY,Astoria Gas Turbine Power,55243,CT3-1A,NA,2005,1034,884,17680,NA,NA,NA,NA,NA,55.864,0.4945,225877.7,Pipeline Natural Gas,Diesel Oil,Combustion turbine,NA,NA,NA,NA,NBP
NY,Astoria Gas Turbine Power,55243,CT3-1A,NA,2006,278,213.5,4270,NA,NA,NA,NA,NA,13.451,0.494,54446.4,Pipeline Natural Gas,Diesel Oil,Combustion turbine,NA,NA,NA,NA,NBP
NY,Astoria Gas Turbine Power,55243,CT3-1A,NA,2007,123,113.25,2265,NA,NA,NA,NA,NA,7.924,0.5464,29198.1,Pipeline Natural Gas,Diesel Oil,Combustion turbine,NA,NA,NA,NA,NBP
NY,Astoria Gas Turbine Power,55243,CT3-1A,NA,2008,492,489,9780,NA,NA,NA,NA,NA,33.597,0.5385,124695.2,Pipeline Natural Gas,Diesel Oil,Combustion turbine,NA,NA,NA,NA,"CAIRNOX, CAIROS, NBP"
NY,Astoria Gas Turbine Power,55243,CT3-1A,NA,2009,60,60,1200,NA,0.388,0.0509,934.2,0.0612,4.32,0.5646,15300,Pipeline Natural Gas,Diesel Oil,Combustion turbine,NA,NA,NA,NA,"CAIRNOX, CAIROS, CAIRSO2, RGGI"
NY,Astoria Gas Turbine Power,55243,CT3-1A,NA,2010,61,54.5,1090,NA,0.149,0.0255,830.4,0.0601,3.636,0.5287,13897.6,Pipeline Natural Gas,Diesel Oil,Combustion turbine,NA,NA,NA,NA,"CAIRNOX, CAIROS, CAIRSO2, RGGI"
NY,Astoria Gas Turbine Power,55243,CT3-1A,NA,2011,150,150,3000,NA,0.779,0.0409,2318.4,0.0608,11.585,0.6058,38250,Pipeline Natural Gas,Diesel Oil,Combustion turbine,NA,NA,NA,NA,"CAIRNOX, CAIROS, CAIRSO2, RGGI"
NY,Astoria Gas Turbine Power,55243,CT3-1A,NA,2012,203,200.75,4015,NA,0.02,0.001,3011.4,0.059,11.925,0.466,51191.4,Pipeline Natural Gas,Diesel Oil,Combustion turbine,NA,NA,NA,NA,"CAIRNOX, CAIROS, CAIRSO2, RGGI"
NY,Astoria Gas Turbine Power,55243,CT3-1A,NA,2013,163,135.25,2705,NA,0.506,0.0315,2074.5,0.0605,8.47,0.4931,34490.5,Pipeline Natural Gas,Diesel Oil,Combustion turbine,NA,NA,NA,NA,"CAIRNOX, CAIROS, CAIRSO2, RGGI"
NY,Astoria Gas Turbine Power,55243,CT3-1A,CP0003,2014,223,139.31,2659.28,NA,1.759,0.0902,2233.6,0.0626,9.756,0.5445,35249.5,Pipeline Natural Gas,Diesel Oil,Combustion turbine,NA,NA,NA,NA,"CAIRNOX, CAIROS, CAIRSO2, RGGI"
NY,Astoria Gas Turbine Power,55243,CT3-1A,CP0003,2015,75,44.76,748.42,NA,0.021,0.0138,639.5,0.0579,2.536,0.4757,10815.8,Pipeline Natural Gas,Diesel Oil,Combustion turbine,NA,NA,NA,NA,"CSNOX, CSNOXOS, CSSO2G1, RGGI"
NY,Astoria Gas Turbine Power,55243,CT3-1A,CP0003,2016,255,179.75,3595,NA,0.428,0.018,2506.2,0.0597,10.484,0.4987,41877.2,Pipeline Natural Gas,Diesel Oil,Combustion turbine,NA,NA,NA,NA,"CSNOX, CSNOXOS, CSSO2G1, RGGI"
NY,Astoria Gas Turbine Power,55243,CT3-1A,CP0003,2017,105,64.5,1290,NA,0.047,0.0146,884.7,0.0597,3.653,0.4963,14921.5,Pipeline Natural Gas,Diesel Oil,Combustion turbine,NA,NA,NA,NA,"CSNOX, CSOSG2, CSSO2G1, RGGI"
NY,Astoria Gas Turbine Power,55243,CT3-1A,CP0003,2018,128,79.69,1461.79,NA,0.278,0.0238,1163.2,0.0595,4.901,0.5032,19320.6,Pipeline Natural Gas,Diesel Oil,Combustion turbine,NA,NA,NA,NA,"CSNOX, CSOSG2, CSSO2G1, RGGI"
NY,Astoria Gas Turbine Power,55243,CT3-1A,CP0003,2019,37,16.15,301.06,NA,0.019,0.0436,238.5,0.0588,0.988,0.5151,4016.2,Pipeline Natural Gas,Diesel Oil,Combustion turbine,NA,NA,NA,NA,"CSNOX, CSOSG2, CSSO2G1, RGGI"
NY,Astoria Gas Turbine Power,55243,CT3-1A,CP0003,2020,46,18.83,324.82,NA,0.207,0.0654,289.6,0.0621,1.278,0.5359,4599.5,Pipeline Natural Gas,Diesel Oil,Combustion turbine,NA,NA,NA,NA,"CSNOX, CSOSG2, CSSO2G1, RGGI"
NY,Astoria Gas Turbine Power,55243,CT3-1A,CP0003,2021,110,59.13,1064.55,NA,0.015,0.005,901.4,0.0582,3.239,0.426,15266.7,Pipeline Natural Gas,Diesel Oil,Combustion turbine,NA,NA,NA,NA,"CSNOX, CSOSG3, CSSO2G1, RGGI"
NY,Astoria Gas Turbine Power,55243,CT3-1A,CP0003,2022,212,132.22,2628.41,NA,1.288,0.0665,2195.4,0.0636,8.472,0.473,35316.2,Pipeline Natural Gas,Diesel Oil,Combustion turbine,NA,NA,NA,NA,"CSNOX, CSOSG3, CSSO2G1, RGGI"
NY,Astoria Gas Turbine Power,55243,CT3-1A,CP0003,2023,8,2.96,58.5,NA,0.018,0.063,56,0.0621,0.206,0.4714,923.8,Pipeline Natural Gas,Diesel Oil,Combustion turbine,NA,NA,NA,NA,"CSNOX, CSSO2G1, RGGI"
NY,Astoria Gas Turbine Power,55243,CT3-1B,NA,2002,472,422.75,8455,NA,0,0,0,0,24.534,0.455,107868.2,Pipeline Natural Gas,Diesel Oil,Combustion turbine,NA,NA,NA,NA,OTC
NY,Astoria Gas Turbine Power,55243,CT3-1B,NA,2003,134,125,2500,NA,0,0,0,0,7.837,0.4916,31875.6,Pipeline Natural Gas,Diesel Oil,Combustion turbine,NA,NA,NA,NA,NBP
NY,Astoria Gas Turbine Power,55243,CT3-1B,NA,2004,329,293.25,5865,NA,NA,NA,NA,NA,18.379,0.4916,74781.2,Pipeline Natural Gas,Diesel Oil,Combustion turbine,NA,NA,NA,NA,NBP
NY,Astoria Gas Turbine Power,55243,CT3-1B,NA,2005,1034,884,17680,NA,NA,NA,NA,NA,55.864,0.4945,225877.7,Pipeline Natural Gas,Diesel Oil,Combustion turbine,NA,NA,NA,NA,NBP
NY,Astoria Gas Turbine Power,55243,CT3-1B,NA,2006,278,213.5,4270,NA,NA,NA,NA,NA,13.451,0.494,54446.4,Pipeline Natural Gas,Diesel Oil,Combustion turbine,NA,NA,NA,NA,NBP
NY,Astoria Gas Turbine Power,55243,CT3-1B,NA,2007,123,113.25,2265,NA,NA,NA,NA,NA,7.924,0.5464,29198.1,Pipeline Natural Gas,Diesel Oil,Combustion turbine,NA,NA,NA,NA,NBP
NY,Astoria Gas Turbine Power,55243,CT3-1B,NA,2008,492,489,9780,NA,NA,NA,NA,NA,33.597,0.5385,124695.2,Pipeline Natural Gas,Diesel Oil,Combustion turbine,NA,NA,NA,NA,"CAIRNOX, CAIROS, NBP"
NY,Astoria Gas Turbine Power,55243,CT3-1B,NA,2009,60,60,1200,NA,0.388,0.0509,934.2,0.0612,4.32,0.5646,15300,Pipeline Natural Gas,Diesel Oil,Combustion turbine,NA,NA,NA,NA,"CAIRNOX, CAIROS, CAIRSO2, RGGI"
NY,Astoria Gas Turbine Power,55243,CT3-1B,NA,2010,61,54.5,1090,NA,0.149,0.0255,830.4,0.0601,3.636,0.5287,13897.6,Pipeline Natural Gas,Diesel Oil,Combustion turbine,NA,NA,NA,NA,"CAIRNOX, CAIROS, CAIRSO2, RGGI"
NY,Astoria Gas Turbine Power,55243,CT3-1B,NA,2011,150,150,3000,NA,0.779,0.0409,2318.4,0.0608,12.037,0.6293,38250,Pipeline Natural Gas,Diesel Oil,Combustion turbine,NA,NA,NA,NA,"CAIRNOX, CAIROS, CAIRSO2, RGGI"
NY,Astoria Gas Turbine Power,55243,CT3-1B,NA,2012,203,200.75,4015,NA,0.02,0.001,3011.4,0.059,12.978,0.507,51191.4,Pipeline Natural Gas,Diesel Oil,Combustion turbine,NA,NA,NA,NA,"CAIRNOX, CAIROS, CAIRSO2, RGGI"
NY,Astoria Gas Turbine Power,55243,CT3-1B,NA,2013,163,135.25,2705,NA,0.506,0.0315,2074.5,0.0605,9.276,0.5399,34490.5,Pipeline Natural Gas,Diesel Oil,Combustion turbine,NA,NA,NA,NA,"CAIRNOX, CAIROS, CAIRSO2, RGGI"
NY,Astoria Gas Turbine Power,55243,CT3-1B,CP0003,2014,223,139.54,2578.53,NA,1.738,0.0903,2167.1,0.0632,10.52,0.6044,34149.3,Pipeline Natural Gas,Diesel Oil,Combustion turbine,NA,NA,NA,NA,"CAIRNOX, CAIROS, CAIRSO2, RGGI"
NY,Astoria Gas Turbine Power,55243,CT3-1B,CP0003,2015,75,44.76,705.2,NA,0.021,0.0137,601.9,0.057,2.599,0.5263,10176.8,Pipeline Natural Gas,Diesel Oil,Combustion turbine,NA,NA,NA,NA,"CSNOX, CSNOXOS, CSSO2G1, RGGI"
NY,Astoria Gas Turbine Power,55243,CT3-1B,CP0003,2016,255,179.75,3595,NA,0.428,0.018,2506.2,0.0597,10.668,0.5068,41877.2,Pipeline Natural Gas,Diesel Oil,Combustion turbine,NA,NA,NA,NA,"CSNOX, CSNOXOS, CSSO2G1, RGGI"
NY,Astoria Gas Turbine Power,55243,CT3-1B,CP0003,2017,105,64.5,1290,NA,0.047,0.0146,884.7,0.0597,3.682,0.5,14921.5,Pipeline Natural Gas,Diesel Oil,Combustion turbine,NA,NA,NA,NA,"CSNOX, CSOSG2, CSSO2G1, RGGI"
NY,Astoria Gas Turbine Power,55243,CT3-1B,CP0003,2018,128,79.64,1414.04,NA,0.278,0.0238,1124.2,0.0599,4.769,0.5057,18655.1,Pipeline Natural Gas,Diesel Oil,Combustion turbine,NA,NA,NA,NA,"CSNOX, CSOSG2, CSSO2G1, RGGI"
NY,Astoria Gas Turbine Power,55243,CT3-1B,CP0003,2019,37,16.15,301.06,NA,0.019,0.0436,238.5,0.0588,0.996,0.5178,4016.2,Pipeline Natural Gas,Diesel Oil,Combustion turbine,NA,NA,NA,NA,"CSNOX, CSOSG2, CSSO2G1, RGGI"
NY,Astoria Gas Turbine Power,55243,CT3-1B,CP0003,2020,46,18.83,322.82,NA,0.207,0.0654,287.8,0.0621,1.274,0.5377,4569,Pipeline Natural Gas,Diesel Oil,Combustion turbine,NA,NA,NA,NA,"CSNOX, CSOSG2, CSSO2G1, RGGI"
NY,Astoria Gas Turbine Power,55243,CT3-1B,CP0003,2021,110,59.13,1064.55,NA,0.015,0.005,901.4,0.0582,3.162,0.417,15266.7,Pipeline Natural Gas,Diesel Oil,Combustion turbine,NA,NA,NA,NA,"CSNOX, CSOSG3, CSSO2G1, RGGI"
NY,Astoria Gas Turbine Power,55243,CT3-1B,CP0003,2022,212,132.22,2588.41,NA,1.213,0.0642,2152.4,0.0635,8.25,0.4698,34705.1,Pipeline Natural Gas,Diesel Oil,Combustion turbine,NA,NA,NA,NA,"CSNOX, CSOSG3, CSSO2G1, RGGI"
NY,Astoria Gas Turbine Power,55243,CT3-1B,CP0003,2023,8,2.96,58.5,NA,0.018,0.063,56,0.0621,0.203,0.468,923.8,Pipeline Natural Gas,Diesel Oil,Combustion turbine,NA,NA,NA,NA,"CSNOX, CSSO2G1, RGGI"
NY,Astoria Gas Turbine Power,55243,CT3-2A,NA,1999,322,322,12236,NA,NA,NA,NA,NA,37.363,0.455,164220,Diesel Oil,Pipeline Natural Gas,Combustion turbine,NA,NA,NA,NA,OTC
NY,Astoria Gas Turbine Power,55243,CT3-2A,NA,2000,290,290,11600,NA,NA,NA,NA,NA,33.64,0.455,147900,Diesel Oil,Pipeline Natural Gas,Combustion turbine,NA,NA,NA,NA,OTC
NY,Astoria Gas Turbine Power,55243,CT3-2A,NA,2001,323,291.25,11650,NA,NA,NA,NA,NA,33.785,0.455,148537.5,Diesel Oil,Pipeline Natural Gas,Combustion turbine,NA,NA,NA,NA,OTC
NY,Astoria Gas Turbine Power,55243,CT3-2A,NA,2002,415,370.25,7405,NA,0,0,0,0,21.475,0.455,94416.6,Pipeline Natural Gas,Diesel Oil,Combustion turbine,NA,NA,NA,NA,OTC
NY,Astoria Gas Turbine Power,55243,CT3-2A,NA,2003,180,163,3260,NA,0,0,0,0,10.213,0.4914,41566.4,Pipeline Natural Gas,Diesel Oil,Combustion turbine,NA,NA,NA,NA,NBP
NY,Astoria Gas Turbine Power,55243,CT3-2A,NA,2004,273,238,4760,NA,NA,NA,NA,NA,14.931,0.4922,60692.4,Pipeline Natural Gas,Diesel Oil,Combustion turbine,NA,NA,NA,NA,NBP
NY,Astoria Gas Turbine Power,55243,CT3-2A,NA,2005,1051,898.5,17970,NA,NA,NA,NA,NA,56.92,0.49370000000000003,230338.5,Pipeline Natural Gas,Diesel Oil,Combustion turbine,NA,NA,NA,NA,NBP
NY,Astoria Gas Turbine Power,55243,CT3-2A,NA,2006,416,328.75,6575,NA,NA,NA,NA,NA,20.777,0.4923,84471.3,Pipeline Natural Gas,Diesel Oil,Combustion turbine,NA,NA,NA,NA,NBP
NY,Astoria Gas Turbine Power,55243,CT3-2A,NA,2007,270,228.25,4565,NA,NA,NA,NA,NA,15.399,0.5317,58333.9,Pipeline Natural Gas,Diesel Oil,Combustion turbine,NA,NA,NA,NA,NBP
NY,Astoria Gas Turbine Power,55243,CT3-2A,NA,2008,295,292.75,5855,NA,NA,NA,NA,NA,20.266,0.5434,74906.35,Pipeline Natural Gas,Diesel Oil,Combustion turbine,NA,NA,NA,NA,"CAIRNOX, CAIROS, NBP"
NY,Astoria Gas Turbine Power,55243,CT3-2A,NA,2009,125,125,2500,NA,1.158,0.0729,1977.6,0.0622,9.495,0.5957,31875,Pipeline Natural Gas,Diesel Oil,Combustion turbine,NA,NA,NA,NA,"CAIRNOX, CAIROS, CAIRSO2, RGGI"
NY,Astoria Gas Turbine Power,55243,CT3-2A,NA,2010,159,155,3100,NA,1.034,0.0512,2416.3,0.0612,11.205,0.565,39525.1,Pipeline Natural Gas,Diesel Oil,Combustion turbine,NA,NA,NA,NA,"CAIRNOX, CAIROS, CAIRSO2, RGGI"
NY,Astoria Gas Turbine Power,55243,CT3-2A,NA,2011,238,236.5,4730,NA,1.392,0.0492,3670.1,0.0611,18.658,0.6225,60307.6,Pipeline Natural Gas,Diesel Oil,Combustion turbine,NA,NA,NA,NA,"CAIRNOX, CAIROS, CAIRSO2, RGGI"
NY,Astoria Gas Turbine Power,55243,CT3-2A,NA,2012,248,245.25,4905,NA,0.024,0.001,3679,0.059,14.568,0.466,62539,Pipeline Natural Gas,Diesel Oil,Combustion turbine,NA,NA,NA,NA,"CAIRNOX, CAIROS, CAIRSO2, RGGI"
NY,Astoria Gas Turbine Power,55243,CT3-2A,NA,2013,253,215.25,4305,NA,1.055,0.0364,3323.4,0.0607,13.7,0.4974,54890.9,Pipeline Natural Gas,Diesel Oil,Combustion turbine,NA,NA,NA,NA,"CAIRNOX, CAIROS, CAIRSO2, RGGI"
NY,Astoria Gas Turbine Power,55243,CT3-2A,CP0003,2014,167,106.59,1969.68,NA,1.023,0.0753,1647.6,0.0613,7.052,0.5318,26422.3,Pipeline Natural Gas,Diesel Oil,Combustion turbine,NA,NA,NA,NA,"CAIRNOX, CAIROS, CAIRSO2, RGGI"
NY,Astoria Gas Turbine Power,55243,CT3-2A,CP0003,2015,127,78.32,1453.76,NA,0.119,0.0215,1234.8,0.057,4.932,0.483,20740.1,Pipeline Natural Gas,Diesel Oil,Combustion turbine,NA,NA,NA,NA,"CSNOX, CSNOXOS, CSSO2G1, RGGI"
NY,Astoria Gas Turbine Power,55243,CT3-2A,CP0003,2016,195,137.5,2750,NA,0.036,0.0029,1897,0.0591,7.9,0.4923,32127.4,Pipeline Natural Gas,Diesel Oil,Combustion turbine,NA,NA,NA,NA,"CSNOX, CSNOXOS, CSSO2G1, RGGI"
NY,Astoria Gas Turbine Power,55243,CT3-2A,CP0003,2017,144,90,1800,NA,0.076,0.0142,1225.6,0.0596,5.138,0.5029,20660.5,Pipeline Natural Gas,Diesel Oil,Combustion turbine,NA,NA,NA,NA,"CSNOX, CSOSG2, CSSO2G1, RGGI"
NY,Astoria Gas Turbine Power,55243,CT3-2A,CP0003,2018,102,62.43,1154.78,NA,0.143,0.02,910.9,0.0601,3.857,0.5073,15240,Pipeline Natural Gas,Diesel Oil,Combustion turbine,NA,NA,NA,NA,"CSNOX, CSOSG2, CSSO2G1, RGGI"
NY,Astoria Gas Turbine Power,55243,CT3-2A,CP0003,2019,80,36.24,685.55,NA,0.033,0.0457,558.1,0.0575,2.342,0.5245,9425.9,Pipeline Natural Gas,Diesel Oil,Combustion turbine,NA,NA,NA,NA,"CSNOX, CSOSG2, CSSO2G1, RGGI"
NY,Astoria Gas Turbine Power,55243,CT3-2A,CP0003,2020,103,46.2,855.65,NA,0.017,0.0273,719.7,0.06,3.006,0.5099,12178.4,Pipeline Natural Gas,Diesel Oil,Combustion turbine,NA,NA,NA,NA,"CSNOX, CSOSG2, CSSO2G1, RGGI"
NY,Astoria Gas Turbine Power,55243,CT3-2A,CP0003,2021,112,71.48,1254.71,NA,0.011,0.005,1075.5,0.0588,3.927,0.4364,18218.3,Pipeline Natural Gas,Diesel Oil,Combustion turbine,NA,NA,NA,NA,"CSNOX, CSOSG3, CSSO2G1, RGGI"
NY,Astoria Gas Turbine Power,55243,CT3-2A,CP0003,2022,148,95.03,1899.42,NA,1.025,0.0934,1582.3,0.0636,6.173,0.4992,25303.1,Pipeline Natural Gas,Diesel Oil,Combustion turbine,NA,NA,NA,NA,"CSNOX, CSOSG3, CSSO2G1, RGGI"
NY,Astoria Gas Turbine Power,55243,CT3-2A,CP0003,2023,17,6.86,136.5,NA,0.149,0.0885,137.6,0.0631,0.579,0.4963,2109.4,Pipeline Natural Gas,Diesel Oil,Combustion turbine,NA,NA,NA,NA,"CSNOX, CSSO2G1, RGGI"
NY,Astoria Gas Turbine Power,55243,CT3-2B,NA,2002,415,370.25,7405,NA,0,0,0,0,21.475,0.455,94416.6,Pipeline Natural Gas,Diesel Oil,Combustion turbine,NA,NA,NA,NA,OTC
NY,Astoria Gas Turbine Power,55243,CT3-2B,NA,2003,180,163,3260,NA,0,0,0,0,10.213,0.4914,41566.4,Pipeline Natural Gas,Diesel Oil,Combustion turbine,NA,NA,NA,NA,NBP
NY,Astoria Gas Turbine Power,55243,CT3-2B,NA,2004,273,238,4760,NA,NA,NA,NA,NA,14.931,0.4922,60692.4,Pipeline Natural Gas,Diesel Oil,Combustion turbine,NA,NA,NA,NA,NBP
NY,Astoria Gas Turbine Power,55243,CT3-2B,NA,2005,1051,898.5,17970,NA,NA,NA,NA,NA,56.92,0.49370000000000003,230338.5,Pipeline Natural Gas,Diesel Oil,Combustion turbine,NA,NA,NA,NA,NBP
NY,Astoria Gas Turbine Power,55243,CT3-2B,NA,2006,416,328.75,6575,NA,NA,NA,NA,NA,20.777,0.4923,84471.3,Pipeline Natural Gas,Diesel Oil,Combustion turbine,NA,NA,NA,NA,NBP
NY,Astoria Gas Turbine Power,55243,CT3-2B,NA,2007,270,228.25,4565,NA,NA,NA,NA,NA,15.399,0.5317,58333.9,Pipeline Natural Gas,Diesel Oil,Combustion turbine,NA,NA,NA,NA,NBP
NY,Astoria Gas Turbine Power,55243,CT3-2B,NA,2008,295,292.75,5855,NA,NA,NA,NA,NA,20.266,0.5434,74906.35,Pipeline Natural Gas,Diesel Oil,Combustion turbine,NA,NA,NA,NA,"CAIRNOX, CAIROS, NBP"
NY,Astoria Gas Turbine Power,55243,CT3-2B,NA,2009,125,125,2500,NA,1.158,0.0729,1977.6,0.0622,9.495,0.5957,31875,Pipeline Natural Gas,Diesel Oil,Combustion turbine,NA,NA,NA,NA,"CAIRNOX, CAIROS, CAIRSO2, RGGI"
NY,Astoria Gas Turbine Power,55243,CT3-2B,NA,2010,159,155,3100,NA,1.034,0.0512,2416.3,0.0612,11.205,0.565,39525.1,Pipeline Natural Gas,Diesel Oil,Combustion turbine,NA,NA,NA,NA,"CAIRNOX, CAIROS, CAIRSO2, RGGI"
NY,Astoria Gas Turbine Power,55243,CT3-2B,NA,2011,238,236.5,4730,NA,1.392,0.0492,3670.1,0.0611,19.33,0.6445,60307.6,Pipeline Natural Gas,Diesel Oil,Combustion turbine,NA,NA,NA,NA,"CAIRNOX, CAIROS, CAIRSO2, RGGI"
NY,Astoria Gas Turbine Power,55243,CT3-2B,NA,2012,248,245.25,4905,NA,0.024,0.001,3679,0.059,15.855,0.507,62539,Pipeline Natural Gas,Diesel Oil,Combustion turbine,NA,NA,NA,NA,"CAIRNOX, CAIROS, CAIRSO2, RGGI"
NY,Astoria Gas Turbine Power,55243,CT3-2B,NA,2013,253,215.25,4305,NA,1.055,0.0364,3323.4,0.0607,15.032,0.5453,54890.9,Pipeline Natural Gas,Diesel Oil,Combustion turbine,NA,NA,NA,NA,"CAIRNOX, CAIROS, CAIRSO2, RGGI"
NY,Astoria Gas Turbine Power,55243,CT3-2B,CP0003,2014,167,106.59,1968.32,NA,1.023,0.0753,1646.4,0.0613,7.789,0.5883,26402.8,Pipeline Natural Gas,Diesel Oil,Combustion turbine,NA,NA,NA,NA,"CAIRNOX, CAIROS, CAIRSO2, RGGI"
NY,Astoria Gas Turbine Power,55243,CT3-2B,CP0003,2015,127,78.32,1453.76,NA,0.119,0.0215,1234.8,0.057,5.379,0.53,20740.1,Pipeline Natural Gas,Diesel Oil,Combustion turbine,NA,NA,NA,NA,"CSNOX, CSNOXOS, CSSO2G1, RGGI"
NY,Astoria Gas Turbine Power,55243,CT3-2B,CP0003,2016,195,137.5,2750,NA,0.036,0.0029,1897,0.0591,7.802,0.4866,32127.4,Pipeline Natural Gas,Diesel Oil,Combustion turbine,NA,NA,NA,NA,"CSNOX, CSNOXOS, CSSO2G1, RGGI"
NY,Astoria Gas Turbine Power,55243,CT3-2B,CP0003,2017,144,90,1800,NA,0.076,0.0142,1225.6,0.0596,5.048,0.4955,20660.5,Pipeline Natural Gas,Diesel Oil,Combustion turbine,NA,NA,NA,NA,"CSNOX, CSOSG2, CSSO2G1, RGGI"
NY,Astoria Gas Turbine Power,55243,CT3-2B,CP0003,2018,102,62.42,1155.76,NA,0.143,0.02,911.8,0.0604,3.812,0.5012,15253.8,Pipeline Natural Gas,Diesel Oil,Combustion turbine,NA,NA,NA,NA,"CSNOX, CSOSG2, CSSO2G1, RGGI"
NY,Astoria Gas Turbine Power,55243,CT3-2B,CP0003,2019,80,36.24,685.55,NA,0.033,0.0457,558.1,0.0575,2.301,0.5251,9425.9,Pipeline Natural Gas,Diesel Oil,Combustion turbine,NA,NA,NA,NA,"CSNOX, CSOSG2, CSSO2G1, RGGI"
NY,Astoria Gas Turbine Power,55243,CT3-2B,CP0003,2020,103,46.2,855.65,NA,0.017,0.0273,719.7,0.06,2.948,0.5046,12178.4,Pipeline Natural Gas,Diesel Oil,Combustion turbine,NA,NA,NA,NA,"CSNOX, CSOSG2, CSSO2G1, RGGI"
NY,Astoria Gas Turbine Power,55243,CT3-2B,CP0003,2021,112,71.48,1254.71,NA,0.011,0.005,1075.5,0.0588,3.811,0.4248,18218.3,Pipeline Natural Gas,Diesel Oil,Combustion turbine,NA,NA,NA,NA,"CSNOX, CSOSG3, CSSO2G1, RGGI"
NY,Astoria Gas Turbine Power,55243,CT3-2B,CP0003,2022,148,95.03,1898.17,NA,1.025,0.0934,1581.1,0.0636,6.178,0.5025,25284.4,Pipeline Natural Gas,Diesel Oil,Combustion turbine,NA,NA,NA,NA,"CSNOX, CSOSG3, CSSO2G1, RGGI"
NY,Astoria Gas Turbine Power,55243,CT3-2B,CP0003,2023,17,6.86,136.5,NA,0.149,0.0885,137.6,0.0631,0.591,0.4985,2109.4,Pipeline Natural Gas,Diesel Oil,Combustion turbine,NA,NA,NA,NA,"CSNOX, CSSO2G1, RGGI"
NY,Astoria Gas Turbine Power,55243,CT3-3A,NA,1999,403,403,32540,NA,NA,NA,NA,NA,46.761,0.455,205530,Diesel Oil,Pipeline Natural Gas,Combustion turbine,NA,NA,NA,NA,OTC
NY,Astoria Gas Turbine Power,55243,CT3-3A,NA,2000,279,279,11160,NA,NA,NA,NA,NA,32.364,0.455,142290,Diesel Oil,Pipeline Natural Gas,Combustion turbine,NA,NA,NA,NA,OTC
NY,Astoria Gas Turbine Power,55243,CT3-3A,NA,2001,339,315.75,12630,NA,NA,NA,NA,NA,36.627,0.455,161032.5,Diesel Oil,Pipeline Natural Gas,Combustion turbine,NA,NA,NA,NA,OTC
NY,Astoria Gas Turbine Power,55243,CT3-3A,NA,2002,470,423.75,8475,NA,0,0,0,0,24.578,0.455,108059,Pipeline Natural Gas,Diesel Oil,Combustion turbine,NA,NA,NA,NA,OTC
NY,Astoria Gas Turbine Power,55243,CT3-3A,NA,2003,162,146.5,2930,NA,0,0,0,0,9.179,0.4914,37358.5,Pipeline Natural Gas,Diesel Oil,Combustion turbine,NA,NA,NA,NA,NBP
NY,Astoria Gas Turbine Power,55243,CT3-3A,NA,2004,402,355.75,7115,NA,NA,NA,NA,NA,22.429,0.4941,90719.6,Pipeline Natural Gas,Diesel Oil,Combustion turbine,NA,NA,NA,NA,NBP
NY,Astoria Gas Turbine Power,55243,CT3-3A,NA,2005,1036,881.5,17610,NA,NA,NA,NA,NA,55.512,0.4933,224792.9,Pipeline Natural Gas,Diesel Oil,Combustion turbine,NA,NA,NA,NA,NBP
NY,Astoria Gas Turbine Power,55243,CT3-3A,NA,2006,284,283.25,5665,NA,NA,NA,NA,NA,17.845,0.494,72228.8,Pipeline Natural Gas,Diesel Oil,Combustion turbine,NA,NA,NA,NA,NBP
NY,Astoria Gas Turbine Power,55243,CT3-3A,NA,2007,191,190.25,4335,NA,NA,NA,NA,NA,13.336,0.5547,48255.8,Pipeline Natural Gas,Diesel Oil,Combustion turbine,NA,NA,NA,NA,NBP
NY,Astoria Gas Turbine Power,55243,CT3-3A,NA,2008,311,311,6220,NA,NA,NA,NA,NA,24.003,0.6052,79305,Pipeline Natural Gas,Diesel Oil,Combustion turbine,NA,NA,NA,NA,"CAIRNOX, CAIROS, NBP"
NY,Astoria Gas Turbine Power,55243,CT3-3A,NA,2009,63,63,1260,NA,0.452,0.0564,984.9,0.0614,4.599,0.5724,16065,Pipeline Natural Gas,Diesel Oil,Combustion turbine,NA,NA,NA,NA,"CAIRNOX, CAIROS, CAIRSO2, RGGI"
NY,Astoria Gas Turbine Power,55243,CT3-3A,NA,2010,51,49.5,990,NA,0.132,0.0206,753.9,0.0599,3.299,0.5217,12622.5,Pipeline Natural Gas,Diesel Oil,Combustion turbine,NA,NA,NA,NA,"CAIRNOX, CAIROS, CAIRSO2, RGGI"
NY,Astoria Gas Turbine Power,55243,CT3-3A,NA,2011,110,110,2200,NA,0.457,0.0328,1689.9,0.0604,8.174,0.5829,28050,Pipeline Natural Gas,Diesel Oil,Combustion turbine,NA,NA,NA,NA,"CAIRNOX, CAIROS, CAIRSO2, RGGI"
NY,Astoria Gas Turbine Power,55243,CT3-3A,NA,2012,265,263,5260,NA,0.026,0.001,3945.2,0.059,15.622,0.466,67065.2,Pipeline Natural Gas,Diesel Oil,Combustion turbine,NA,NA,NA,NA,"CAIRNOX, CAIROS, CAIRSO2, RGGI"
NY,Astoria Gas Turbine Power,55243,CT3-3A,NA,2013,291,245.5,4910,NA,1.376,0.0386,3806.8,0.0608,15.778,0.4993,62605.7,Pipeline Natural Gas,Diesel Oil,Combustion turbine,NA,NA,NA,NA,"CAIRNOX, CAIROS, CAIRSO2, RGGI"
NY,Astoria Gas Turbine Power,55243,CT3-3A,CP0003,2014,160,107.38,2064.1,NA,0.971,0.0666,1697.9,0.0623,7.221,0.5232,27347.1,Pipeline Natural Gas,Diesel Oil,Combustion turbine,NA,NA,NA,NA,"CAIRNOX, CAIROS, CAIRSO2, RGGI"
NY,Astoria Gas Turbine Power,55243,CT3-3A,CP0003,2015,130,82.16,1470.2,NA,0.249,0.0275,1268,0.0596,5.139,0.4892,21135.7,Pipeline Natural Gas,Diesel Oil,Combustion turbine,NA,NA,NA,NA,"CSNOX, CSNOXOS, CSSO2G1, RGGI"
NY,Astoria Gas Turbine Power,55243,CT3-3A,CP0003,2016,136,99.25,1985,NA,0.333,0.0333,1407.4,0.0604,5.968,0.5139,23377.1,Pipeline Natural Gas,Diesel Oil,Combustion turbine,NA,NA,NA,NA,"CSNOX, CSNOXOS, CSSO2G1, RGGI"
NY,Astoria Gas Turbine Power,55243,CT3-3A,CP0003,2017,116,74,1480,NA,0.12,0.0176,1024.6,0.0598,4.319,0.5055,17188.6,Pipeline Natural Gas,Diesel Oil,Combustion turbine,NA,NA,NA,NA,"CSNOX, CSOSG2, CSSO2G1, RGGI"
NY,Astoria Gas Turbine Power,55243,CT3-3A,CP0003,2018,85,51.11,1008.44,NA,0.188,0.0181,752.2,0.0603,3.214,0.5059,12485.7,Pipeline Natural Gas,Diesel Oil,Combustion turbine,NA,NA,NA,NA,"CSNOX, CSOSG2, CSSO2G1, RGGI"
NY,Astoria Gas Turbine Power,55243,CT3-3A,CP0003,2019,39,18.31,345.88,NA,0.017,0.039,273.3,0.0613,1.146,0.5214,4607.6,Pipeline Natural Gas,Diesel Oil,Combustion turbine,NA,NA,NA,NA,"CSNOX, CSOSG2, CSSO2G1, RGGI"
NY,Astoria Gas Turbine Power,55243,CT3-3A,CP0003,2020,115,60.86,1087.25,NA,0.108,0.0225,905,0.0599,3.817,0.5076,15190.3,Pipeline Natural Gas,Diesel Oil,Combustion turbine,NA,NA,NA,NA,"CSNOX, CSOSG2, CSSO2G1, RGGI"
NY,Astoria Gas Turbine Power,55243,CT3-3A,CP0003,2021,179,114.15,1976.7,NA,0.668,0.0395,1759.6,0.0605,6.822,0.4679,28831.4,Pipeline Natural Gas,Diesel Oil,Combustion turbine,NA,NA,NA,NA,"CSNOX, CSOSG3, CSSO2G1, RGGI"
NY,Astoria Gas Turbine Power,55243,CT3-3A,CP0003,2022,119,71.88,1447.34,NA,0.969,0.1023,1225.1,0.0637,4.727,0.4889,19338.4,Pipeline Natural Gas,Diesel Oil,Combustion turbine,NA,NA,NA,NA,"CSNOX, CSOSG3, CSSO2G1, RGGI"
NY,Astoria Gas Turbine Power,55243,CT3-3A,CP0003,2023,28,14.57,291.05,NA,0.017,0.0363,261.2,0.0606,0.862,0.4211,4403.9,Pipeline Natural Gas,Diesel Oil,Combustion turbine,NA,NA,NA,NA,"CSNOX, CSSO2G1, RGGI"
NY,Astoria Gas Turbine Power,55243,CT3-3B,NA,2002,470,423.75,8475,NA,0,0,0,0,24.578,0.455,108059,Pipeline Natural Gas,Diesel Oil,Combustion turbine,NA,NA,NA,NA,OTC
NY,Astoria Gas Turbine Power,55243,CT3-3B,NA,2003,162,146.5,2930,NA,0,0,0,0,9.179,0.4914,37358.5,Pipeline Natural Gas,Diesel Oil,Combustion turbine,NA,NA,NA,NA,NBP
NY,Astoria Gas Turbine Power,55243,CT3-3B,NA,2004,402,355.75,7115,NA,NA,NA,NA,NA,22.429,0.4941,90719.6,Pipeline Natural Gas,Diesel Oil,Combustion turbine,NA,NA,NA,NA,NBP
NY,Astoria Gas Turbine Power,55243,CT3-3B,NA,2005,1036,881.5,17610,NA,NA,NA,NA,NA,55.512,0.4933,224792.9,Pipeline Natural Gas,Diesel Oil,Combustion turbine,NA,NA,NA,NA,NBP
NY,Astoria Gas Turbine Power,55243,CT3-3B,NA,2006,284,283.25,5665,NA,NA,NA,NA,NA,17.845,0.494,72228.8,Pipeline Natural Gas,Diesel Oil,Combustion turbine,NA,NA,NA,NA,NBP
NY,Astoria Gas Turbine Power,55243,CT3-3B,NA,2007,191,190.25,4335,NA,NA,NA,NA,NA,13.336,0.5547,48255.8,Pipeline Natural Gas,Diesel Oil,Combustion turbine,NA,NA,NA,NA,NBP
NY,Astoria Gas Turbine Power,55243,CT3-3B,NA,2008,311,311,6220,NA,NA,NA,NA,NA,24.003,0.6052,79305,Pipeline Natural Gas,Diesel Oil,Combustion turbine,NA,NA,NA,NA,"CAIRNOX, CAIROS, NBP"
NY,Astoria Gas Turbine Power,55243,CT3-3B,NA,2009,63,63,1260,NA,0.452,0.0564,984.9,0.0614,4.599,0.5724,16065,Pipeline Natural Gas,Diesel Oil,Combustion turbine,NA,NA,NA,NA,"CAIRNOX, CAIROS, CAIRSO2, RGGI"
NY,Astoria Gas Turbine Power,55243,CT3-3B,NA,2010,51,49.5,990,NA,0.132,0.0206,753.9,0.0599,3.299,0.5217,12622.5,Pipeline Natural Gas,Diesel Oil,Combustion turbine,NA,NA,NA,NA,"CAIRNOX, CAIROS, CAIRSO2, RGGI"
NY,Astoria Gas Turbine Power,55243,CT3-3B,NA,2011,110,110,2200,NA,0.457,0.0328,1689.9,0.0604,8.542,0.609,28050,Pipeline Natural Gas,Diesel Oil,Combustion turbine,NA,NA,NA,NA,"CAIRNOX, CAIROS, CAIRSO2, RGGI"
NY,Astoria Gas Turbine Power,55243,CT3-3B,NA,2012,265,263,5260,NA,0.026,0.001,3945.2,0.059,17.003,0.507,67065.2,Pipeline Natural Gas,Diesel Oil,Combustion turbine,NA,NA,NA,NA,"CAIRNOX, CAIROS, CAIRSO2, RGGI"
NY,Astoria Gas Turbine Power,55243,CT3-3B,NA,2013,291,245.5,4910,NA,1.376,0.0386,3806.8,0.0608,17.331,0.5476,62605.7,Pipeline Natural Gas,Diesel Oil,Combustion turbine,NA,NA,NA,NA,"CAIRNOX, CAIROS, CAIRSO2, RGGI"
NY,Astoria Gas Turbine Power,55243,CT3-3B,CP0003,2014,162,107.86,2064.09,NA,0.97,0.0623,1697.7,0.061,7.971,0.5753,27347,Pipeline Natural Gas,Diesel Oil,Combustion turbine,NA,NA,NA,NA,"CAIRNOX, CAIROS, CAIRSO2, RGGI"
NY,Astoria Gas Turbine Power,55243,CT3-3B,CP0003,2015,130,82.16,1470.2,NA,0.249,0.0275,1268,0.0596,5.619,0.5371,21135.7,Pipeline Natural Gas,Diesel Oil,Combustion turbine,NA,NA,NA,NA,"CSNOX, CSNOXOS, CSSO2G1, RGGI"
NY,Astoria Gas Turbine Power,55243,CT3-3B,CP0003,2016,136,99.25,1985,NA,0.333,0.0333,1407.4,0.0604,6.114,0.5284,23377.1,Pipeline Natural Gas,Diesel Oil,Combustion turbine,NA,NA,NA,NA,"CSNOX, CSNOXOS, CSSO2G1, RGGI"
NY,Astoria Gas Turbine Power,55243,CT3-3B,CP0003,2017,116,74,1480,NA,0.12,0.0176,1024.6,0.0598,4.315,0.5058,17188.6,Pipeline Natural Gas,Diesel Oil,Combustion turbine,NA,NA,NA,NA,"CSNOX, CSOSG2, CSSO2G1, RGGI"
NY,Astoria Gas Turbine Power,55243,CT3-3B,CP0003,2018,85,51.11,1008.44,NA,0.188,0.0181,752.2,0.0603,3.23,0.5058,12485.7,Pipeline Natural Gas,Diesel Oil,Combustion turbine,NA,NA,NA,NA,"CSNOX, CSOSG2, CSSO2G1, RGGI"
NY,Astoria Gas Turbine Power,55243,CT3-3B,CP0003,2019,39,18.31,345.88,NA,0.017,0.039,273.3,0.0613,1.142,0.5262,4607.6,Pipeline Natural Gas,Diesel Oil,Combustion turbine,NA,NA,NA,NA,"CSNOX, CSOSG2, CSSO2G1, RGGI"
NY,Astoria Gas Turbine Power,55243,CT3-3B,CP0003,2020,115,60.86,1087.25,NA,0.108,0.0225,905,0.0599,3.814,0.509,15190.3,Pipeline Natural Gas,Diesel Oil,Combustion turbine,NA,NA,NA,NA,"CSNOX, CSOSG2, CSSO2G1, RGGI"
NY,Astoria Gas Turbine Power,55243,CT3-3B,CP0003,2021,179,114.15,1976.7,NA,0.668,0.0395,1759.6,0.0605,6.682,0.4561,28831.4,Pipeline Natural Gas,Diesel Oil,Combustion turbine,NA,NA,NA,NA,"CSNOX, CSOSG3, CSSO2G1, RGGI"
NY,Astoria Gas Turbine Power,55243,CT3-3B,CP0003,2022,119,71.88,1446.07,NA,0.969,0.1023,1224,0.0638,4.621,0.4793,19319.5,Pipeline Natural Gas,Diesel Oil,Combustion turbine,NA,NA,NA,NA,"CSNOX, CSOSG3, CSSO2G1, RGGI"
NY,Astoria Gas Turbine Power,55243,CT3-3B,CP0003,2023,28,14.57,291.05,NA,0.017,0.0363,261.2,0.0606,0.81,0.4015,4403.9,Pipeline Natural Gas,Diesel Oil,Combustion turbine,NA,NA,NA,NA,"CSNOX, CSSO2G1, RGGI"
NY,Astoria Gas Turbine Power,55243,CT3-4A,NA,1999,368,368,13984,NA,NA,NA,NA,NA,42.7,0.455,187680,Diesel Oil,Pipeline Natural Gas,Combustion turbine,NA,NA,NA,NA,OTC
NY,Astoria Gas Turbine Power,55243,CT3-4A,NA,2000,372,372,14880,NA,NA,NA,NA,NA,43.245,0.456,189720,Diesel Oil,Pipeline Natural Gas,Combustion turbine,NA,NA,NA,NA,OTC
NY,Astoria Gas Turbine Power,55243,CT3-4A,NA,2001,168,153.25,6130,NA,NA,NA,NA,NA,17.777,0.455,78157.5,Diesel Oil,Pipeline Natural Gas,Combustion turbine,NA,NA,NA,NA,OTC
NY,Astoria Gas Turbine Power,55243,CT3-4A,NA,2002,404,356.75,7135,NA,0,0,0,0,20.692,0.455,90974.2,Pipeline Natural Gas,Diesel Oil,Combustion turbine,NA,NA,NA,NA,OTC
NY,Astoria Gas Turbine Power,55243,CT3-4A,NA,2003,138,127.25,2545,NA,0,0,0,0,7.973,0.4914,32449.5,Pipeline Natural Gas,Diesel Oil,Combustion turbine,NA,NA,NA,NA,NBP
NY,Astoria Gas Turbine Power,55243,CT3-4A,NA,2004,406,361,7220,NA,NA,NA,NA,NA,22.662,0.4914,92058,Pipeline Natural Gas,Diesel Oil,Combustion turbine,NA,NA,NA,NA,NBP
NY,Astoria Gas Turbine Power,55243,CT3-4A,NA,2005,895,755.75,15115,NA,NA,NA,NA,NA,51.026,0.5266,192916.9,Pipeline Natural Gas,Diesel Oil,Combustion turbine,NA,NA,NA,NA,NBP
NY,Astoria Gas Turbine Power,55243,CT3-4A,NA,2006,207,167.25,3345,NA,NA,NA,6,0.0027,11.172,0.5227,42842.7,Pipeline Natural Gas,Diesel Oil,Combustion turbine,NA,NA,NA,NA,NBP
NY,Astoria Gas Turbine Power,55243,CT3-4A,NA,2007,168,167.75,3567,NA,NA,NA,NA,NA,12.846,0.6142,42582,Pipeline Natural Gas,Diesel Oil,Combustion turbine,NA,NA,NA,NA,NBP
NY,Astoria Gas Turbine Power,55243,CT3-4A,NA,2008,390,390,7800,NA,NA,NA,NA,NA,29.24,0.5882,99450,Pipeline Natural Gas,Diesel Oil,Combustion turbine,NA,NA,NA,NA,"CAIRNOX, CAIROS, NBP"
NY,Astoria Gas Turbine Power,55243,CT3-4A,NA,2009,198,196.5,3930,NA,1.134,0.0489,3047.3,0.0611,14.975,0.6024,50107.6,Pipeline Natural Gas,Diesel Oil,Combustion turbine,NA,NA,NA,NA,"CAIRNOX, CAIROS, CAIRSO2, RGGI"
NY,Astoria Gas Turbine Power,55243,CT3-4A,NA,2010,192,187.5,3750,NA,1.228,0.0504,2920.9,0.0612,14.483,0.6044,47812.6,Pipeline Natural Gas,Diesel Oil,Combustion turbine,NA,NA,NA,NA,"CAIRNOX, CAIROS, CAIRSO2, RGGI"
NY,Astoria Gas Turbine Power,55243,CT3-4A,NA,2011,245,245,4900,NA,0.788,0.0254,3743.4,0.0601,17.527,0.5612,62475,Pipeline Natural Gas,Diesel Oil,Combustion turbine,NA,NA,NA,NA,"CAIRNOX, CAIROS, CAIRSO2, RGGI"
NY,Astoria Gas Turbine Power,55243,CT3-4A,NA,2012,457,451.5,9030,NA,0.077,0.0032,6775.7,0.0591,26.847,0.4679,115132.9,Pipeline Natural Gas,Diesel Oil,Combustion turbine,NA,NA,NA,NA,"CAIRNOX, CAIROS, CAIRSO2, RGGI"
NY,Astoria Gas Turbine Power,55243,CT3-4A,NA,2013,214,181,3620,NA,1.465,0.0545,2847,0.0615,12.031,0.5134,46157.4,Pipeline Natural Gas,Diesel Oil,Combustion turbine,NA,NA,NA,NA,"CAIRNOX, CAIROS, CAIRSO2, RGGI"
NY,Astoria Gas Turbine Power,55243,CT3-4A,CP0003,2014,109,68.18,1259.78,NA,0.912,0.083,1080.2,0.06,4.751,0.5352,16954.7,Pipeline Natural Gas,Diesel Oil,Combustion turbine,NA,NA,NA,NA,"CAIRNOX, CAIROS, CAIRSO2, RGGI"
NY,Astoria Gas Turbine Power,55243,CT3-4A,CP0003,2015,157,93.2,1731.66,NA,0.092,0.0199,1466.6,0.0577,5.833,0.4822,24717.2,Pipeline Natural Gas,Diesel Oil,Combustion turbine,NA,NA,NA,NA,"CSNOX, CSNOXOS, CSSO2G1, RGGI"
NY,Astoria Gas Turbine Power,55243,CT3-4A,CP0003,2016,114,76.75,1535,NA,0.574,0.0704,1110.5,0.062,4.866,0.5463,17975.8,Pipeline Natural Gas,Diesel Oil,Combustion turbine,NA,NA,NA,NA,"CSNOX, CSNOXOS, CSSO2G1, RGGI"
NY,Astoria Gas Turbine Power,55243,CT3-4A,CP0003,2017,151,97.75,1955,NA,0.151,0.0201,1369.2,0.0599,5.766,0.5075,22978.2,Pipeline Natural Gas,Diesel Oil,Combustion turbine,NA,NA,NA,NA,"CSNOX, CSOSG2, CSSO2G1, RGGI"
NY,Astoria Gas Turbine Power,55243,CT3-4A,CP0003,2018,103,68.87,1350.09,NA,0.597,0.053900000000000003,1095,0.0618,4.812,0.5337,17693.6,Pipeline Natural Gas,Diesel Oil,Combustion turbine,NA,NA,NA,NA,"CSNOX, CSOSG2, CSSO2G1, RGGI"
NY,Astoria Gas Turbine Power,55243,CT3-4A,CP0003,2019,132,67.61,1294.28,NA,0.022,0.0246,1025.3,0.059,4.286,0.5101,17371.8,Pipeline Natural Gas,Diesel Oil,Combustion turbine,NA,NA,NA,NA,"CSNOX, CSOSG2, CSSO2G1, RGGI"
NY,Astoria Gas Turbine Power,55243,CT3-4A,CP0003,2020,75,34.03,596.88,NA,0.014,0.0409,496.8,0.0604,2.077,0.5229,8403.1,Pipeline Natural Gas,Diesel Oil,Combustion turbine,NA,NA,NA,NA,"CSNOX, CSOSG2, CSSO2G1, RGGI"
NY,Astoria Gas Turbine Power,55243,CT3-4A,CP0003,2021,276,166.87,3001.38,NA,0.331,0.0168,2586,0.0588,9.549,0.4403,43366.3,Pipeline Natural Gas,Diesel Oil,Combustion turbine,NA,NA,NA,NA,"CSNOX, CSOSG3, CSSO2G1, RGGI"
NY,Astoria Gas Turbine Power,55243,CT3-4A,CP0003,2022,200,118.36,2355.81,NA,0.757,0.086,1920.4,0.0638,7.035,0.4846,31442.5,Pipeline Natural Gas,Diesel Oil,Combustion turbine,NA,NA,NA,NA,"CSNOX, CSOSG3, CSSO2G1, RGGI"
NY,Astoria Gas Turbine Power,55243,CT3-4A,CP0003,2023,18,9.65,192.5,NA,0.016,0.0282,175,0.0604,0.603,0.4275,2943.3,Pipeline Natural Gas,Diesel Oil,Combustion turbine,NA,NA,NA,NA,"CSNOX, CSSO2G1, RGGI"
NY,Astoria Gas Turbine Power,55243,CT3-4B,NA,2002,404,356.75,7135,NA,0,0,0,0,20.692,0.455,90974.2,Pipeline Natural Gas,Diesel Oil,Combustion turbine,NA,NA,NA,NA,OTC
NY,Astoria Gas Turbine Power,55243,CT3-4B,NA,2003,138,127.25,2545,NA,0,0,0,0,7.973,0.4914,32449.5,Pipeline Natural Gas,Diesel Oil,Combustion turbine,NA,NA,NA,NA,NBP
NY,Astoria Gas Turbine Power,55243,CT3-4B,NA,2004,406,361,7220,NA,NA,NA,NA,NA,22.662,0.4914,92058,Pipeline Natural Gas,Diesel Oil,Combustion turbine,NA,NA,NA,NA,NBP
NY,Astoria Gas Turbine Power,55243,CT3-4B,NA,2005,895,755.75,15115,NA,NA,NA,NA,NA,47.934,0.4955,192916.9,Pipeline Natural Gas,Diesel Oil,Combustion turbine,NA,NA,NA,NA,NBP
NY,Astoria Gas Turbine Power,55243,CT3-4B,NA,2006,207,167.25,3345,NA,NA,NA,NA,NA,10.558,0.5039,42268.5,Pipeline Natural Gas,Diesel Oil,Combustion turbine,NA,NA,NA,NA,NBP
NY,Astoria Gas Turbine Power,55243,CT3-4B,NA,2007,168,167.75,3567,NA,NA,NA,NA,NA,12.001,0.5748,42582,Pipeline Natural Gas,Diesel Oil,Combustion turbine,NA,NA,NA,NA,NBP
NY,Astoria Gas Turbine Power,55243,CT3-4B,NA,2008,401,401,8020,NA,NA,NA,NA,NA,27.873,0.5451,102255,Pipeline Natural Gas,Diesel Oil,Combustion turbine,NA,NA,NA,NA,"CAIRNOX, CAIROS, NBP"
NY,Astoria Gas Turbine Power,55243,CT3-4B,NA,2009,198,196.5,3930,NA,1.134,0.0489,3047.3,0.0611,13.955,0.5618,50107.6,Pipeline Natural Gas,Diesel Oil,Combustion turbine,NA,NA,NA,NA,"CAIRNOX, CAIROS, CAIRSO2, RGGI"
NY,Astoria Gas Turbine Power,55243,CT3-4B,NA,2010,192,187.5,3750,NA,1.228,0.0504,2920.9,0.0612,13.523,0.5639,47812.6,Pipeline Natural Gas,Diesel Oil,Combustion turbine,NA,NA,NA,NA,"CAIRNOX, CAIROS, CAIRSO2, RGGI"
NY,Astoria Gas Turbine Power,55243,CT3-4B,NA,2011,245,245,4900,NA,0.788,0.0254,3743.4,0.0601,18.425,0.5898,62475,Pipeline Natural Gas,Diesel Oil,Combustion turbine,NA,NA,NA,NA,"CAIRNOX, CAIROS, CAIRSO2, RGGI"
NY,Astoria Gas Turbine Power,55243,CT3-4B,NA,2012,457,451.5,9030,NA,0.077,0.0032,6775.7,0.0591,29.224,0.5093,115132.9,Pipeline Natural Gas,Diesel Oil,Combustion turbine,NA,NA,NA,NA,"CAIRNOX, CAIROS, CAIRSO2, RGGI"
NY,Astoria Gas Turbine Power,55243,CT3-4B,NA,2013,214,181,3620,NA,1.465,0.0545,2847,0.0615,13.264,0.5648,46157.4,Pipeline Natural Gas,Diesel Oil,Combustion turbine,NA,NA,NA,NA,"CAIRNOX, CAIROS, CAIRSO2, RGGI"
NY,Astoria Gas Turbine Power,55243,CT3-4B,CP0003,2014,109,67.98,1255.98,NA,0.905,0.083,1076.5,0.06,5.257,0.601,16902.9,Pipeline Natural Gas,Diesel Oil,Combustion turbine,NA,NA,NA,NA,"CAIRNOX, CAIROS, CAIRSO2, RGGI"
NY,Astoria Gas Turbine Power,55243,CT3-4B,CP0003,2015,157,93.2,1731.66,NA,0.092,0.0199,1466.6,0.0577,6.356,0.53,24717.2,Pipeline Natural Gas,Diesel Oil,Combustion turbine,NA,NA,NA,NA,"CSNOX, CSNOXOS, CSSO2G1, RGGI"
NY,Astoria Gas Turbine Power,55243,CT3-4B,CP0003,2016,114,76.75,1535,NA,0.574,0.0704,1110.5,0.062,5.025,0.5666,17975.8,Pipeline Natural Gas,Diesel Oil,Combustion turbine,NA,NA,NA,NA,"CSNOX, CSNOXOS, CSSO2G1, RGGI"
NY,Astoria Gas Turbine Power,55243,CT3-4B,CP0003,2017,151,97.75,1955,NA,0.151,0.0201,1369.2,0.0599,5.759,0.5083,22978.2,Pipeline Natural Gas,Diesel Oil,Combustion turbine,NA,NA,NA,NA,"CSNOX, CSOSG2, CSSO2G1, RGGI"
NY,Astoria Gas Turbine Power,55243,CT3-4B,CP0003,2018,108,69.1,1350.24,NA,0.597,0.0514,1095.1,0.0599,4.895,0.5338,17695.8,Pipeline Natural Gas,Diesel Oil,Combustion turbine,NA,NA,NA,NA,"CSNOX, CSOSG2, CSSO2G1, RGGI"
NY,Astoria Gas Turbine Power,55243,CT3-4B,CP0003,2019,132,67.61,1294.28,NA,0.022,0.0246,1025.3,0.059,4.263,0.5108,17371.8,Pipeline Natural Gas,Diesel Oil,Combustion turbine,NA,NA,NA,NA,"CSNOX, CSOSG2, CSSO2G1, RGGI"
NY,Astoria Gas Turbine Power,55243,CT3-4B,CP0003,2020,75,34.03,596.88,NA,0.014,0.0409,496.8,0.0604,2.066,0.5287,8403.1,Pipeline Natural Gas,Diesel Oil,Combustion turbine,NA,NA,NA,NA,"CSNOX, CSOSG2, CSSO2G1, RGGI"
NY,Astoria Gas Turbine Power,55243,CT3-4B,CP0003,2021,276,166.87,3001.38,NA,0.331,0.0168,2586,0.0588,9.481,0.4374,43366.3,Pipeline Natural Gas,Diesel Oil,Combustion turbine,NA,NA,NA,NA,"CSNOX, CSOSG3, CSSO2G1, RGGI"
NY,Astoria Gas Turbine Power,55243,CT3-4B,CP0003,2022,200,118.36,2355.81,NA,0.757,0.086,1920.4,0.0638,7.042,0.4918,31442.5,Pipeline Natural Gas,Diesel Oil,Combustion turbine,NA,NA,NA,NA,"CSNOX, CSOSG3, CSSO2G1, RGGI"
NY,Astoria Gas Turbine Power,55243,CT3-4B,CP0003,2023,18,9.65,192.5,NA,0.016,0.0282,175,0.0604,0.595,0.4252,2943.3,Pipeline Natural Gas,Diesel Oil,Combustion turbine,NA,NA,NA,NA,"CSNOX, CSSO2G1, RGGI"
NY,Astoria Gas Turbine Power,55243,CT4-1A,NA,1999,436,436,16568,NA,NA,NA,NA,NA,50.593,0.455,222360,Diesel Oil,Pipeline Natural Gas,Combustion turbine,NA,NA,NA,NA,OTC
NY,Astoria Gas Turbine Power,55243,CT4-1A,NA,2000,325,325,12350,NA,NA,NA,NA,NA,38.352,0.4629,165750,Diesel Oil,Pipeline Natural Gas,Combustion turbine,NA,NA,NA,NA,OTC
NY,Astoria Gas Turbine Power,55243,CT4-1A,NA,2001,423,392.5,14915,NA,NA,NA,NA,NA,45.53,0.455,200175,Diesel Oil,Pipeline Natural Gas,Combustion turbine,NA,NA,NA,NA,OTC
NY,Astoria Gas Turbine Power,55243,CT4-1A,NA,2002,352,313.5,6270,NA,0,0,0,0,18.183,0.4536,80125.2,Pipeline Natural Gas,Diesel Oil,Combustion turbine,NA,NA,NA,NA,OTC
NY,Astoria Gas Turbine Power,55243,CT4-1A,NA,2003,166,154.75,3095,NA,0,0,0,0,9.691,0.4911,39462,Pipeline Natural Gas,Diesel Oil,Combustion turbine,NA,NA,NA,NA,NBP
NY,Astoria Gas Turbine Power,55243,CT4-1A,NA,2004,706,632.25,12645,NA,NA,NA,NA,NA,39.638,0.4913,161228.3,Pipeline Natural Gas,Diesel Oil,Combustion turbine,NA,NA,NA,NA,NBP
NY,Astoria Gas Turbine Power,55243,CT4-1A,NA,2005,1100,920,18400,NA,NA,NA,NA,NA,58.099,0.494,235059,Pipeline Natural Gas,Diesel Oil,Combustion turbine,NA,NA,NA,NA,NBP
NY,Astoria Gas Turbine Power,55243,CT4-1A,NA,2006,500,477,10282,NA,NA,NA,NA,NA,30.165,0.4932,122337.9,Pipeline Natural Gas,Diesel Oil,Combustion turbine,NA,NA,NA,NA,NBP
NY,Astoria Gas Turbine Power,55243,CT4-1A,NA,2007,382,378.75,7575,NA,NA,NA,NA,NA,28.204,0.5846,96581.4,Pipeline Natural Gas,Diesel Oil,Combustion turbine,NA,NA,NA,NA,NBP
NY,Astoria Gas Turbine Power,55243,CT4-1A,NA,2008,208,206.5,4130,NA,NA,NA,NA,NA,15.98,0.606,52657.6,Pipeline Natural Gas,Diesel Oil,Combustion turbine,NA,NA,NA,NA,"CAIRNOX, CAIROS, NBP"
NY,Astoria Gas Turbine Power,55243,CT4-1A,NA,2009,80,80,1600,NA,0.263,0.026,1222.8,0.0601,5.4,0.5293,20400,Pipeline Natural Gas,Diesel Oil,Combustion turbine,NA,NA,NA,NA,"CAIRNOX, CAIROS, CAIRSO2, RGGI"
NY,Astoria Gas Turbine Power,55243,CT4-1A,NA,2010,82,77.5,1550,NA,1.026,0.0983,1253.9,0.0633,6.323,0.6318,19762.7,Pipeline Natural Gas,Diesel Oil,Combustion turbine,NA,NA,NA,NA,"CAIRNOX, CAIROS, CAIRSO2, RGGI"
NY,Astoria Gas Turbine Power,55243,CT4-1A,NA,2011,107,107,2140,NA,0.329,0.0243,1633.5,0.06,7.779,0.5703,27285,Pipeline Natural Gas,Diesel Oil,Combustion turbine,NA,NA,NA,NA,"CAIRNOX, CAIROS, CAIRSO2, RGGI"
NY,Astoria Gas Turbine Power,55243,CT4-1A,NA,2012,130,129.25,2585,NA,0.077,0.0048,1944.5,0.0592,7.771,0.4716,32958.8,Pipeline Natural Gas,Diesel Oil,Combustion turbine,NA,NA,NA,NA,"CAIRNOX, CAIROS, CAIRSO2, RGGI"
NY,Astoria Gas Turbine Power,55243,CT4-1A,NA,2013,189,155.75,3115,NA,0.492,0.022,2381.1,0.0601,9.673,0.4847,39718.4,Pipeline Natural Gas,Diesel Oil,Combustion turbine,NA,NA,NA,NA,"CAIRNOX, CAIROS, CAIRSO2, RGGI"
NY,Astoria Gas Turbine Power,55243,CT4-1A,CP0004,2014,299,192.56,3714.04,NA,2.571,0.0913,3140.8,0.0627,13.77,0.5454,49420.5,Pipeline Natural Gas,Diesel Oil,Combustion turbine,NA,NA,NA,NA,"CAIRNOX, CAIROS, CAIRSO2, RGGI"
NY,Astoria Gas Turbine Power,55243,CT4-1A,CP0004,2015,241,138.67,2466.75,NA,0.667,0.0338,2867.3,0.0595,11.673,0.494,47625.6,Pipeline Natural Gas,Diesel Oil,Combustion turbine,NA,NA,NA,NA,"CSNOX, CSNOXOS, CSSO2G1, RGGI"
NY,Astoria Gas Turbine Power,55243,CT4-1A,CP0004,2016,194,138.5,2770,NA,0.254,0.0158,1963.6,0.0596,7.926,0.4818,32935.6,Pipeline Natural Gas,Diesel Oil,Combustion turbine,NA,NA,NA,NA,"CSNOX, CSNOXOS, CSSO2G1, RGGI"
NY,Astoria Gas Turbine Power,55243,CT4-1A,CP0004,2017,101,55,1100,NA,0.16,0.0301,785.8,0.0601,3.201,0.4936,13099.2,Pipeline Natural Gas,Diesel Oil,Combustion turbine,NA,NA,NA,NA,"CSNOX, CSOSG2, CSSO2G1, RGGI"
NY,Astoria Gas Turbine Power,55243,CT4-1A,CP0004,2018,128,76.69,1409.73,NA,0.112,0.0121,1122.3,0.0573,4.506,0.4779,18840.6,Pipeline Natural Gas,Diesel Oil,Combustion turbine,NA,NA,NA,NA,"CSNOX, CSOSG2, CSSO2G1, RGGI"
NY,Astoria Gas Turbine Power,55243,CT4-1A,CP0004,2019,116,57.46,972.95,NA,0.053,0.022,816.1,0.0577,3.271,0.4842,13776,Pipeline Natural Gas,Diesel Oil,Combustion turbine,NA,NA,NA,NA,"CSNOX, CSOSG2, CSSO2G1, RGGI"
NY,Astoria Gas Turbine Power,55243,CT4-1A,CP0004,2020,143,76.27,1286.27,NA,0.12,0.0144,1189.5,0.0602,4.777,0.479,19968.9,Pipeline Natural Gas,Diesel Oil,Combustion turbine,NA,NA,NA,NA,"CSNOX, CSOSG2, CSSO2G1, RGGI"
NY,Astoria Gas Turbine Power,55243,CT4-1A,CP0004,2021,141,82.32,1390.25,NA,0.65,0.0541,1287.3,0.0607,5.009,0.4683,20859.5,Pipeline Natural Gas,Diesel Oil,Combustion turbine,NA,NA,NA,NA,"CSNOX, CSOSG3, CSSO2G1, RGGI"
NY,Astoria Gas Turbine Power,55243,CT4-1A,CP0004,2022,166,108.59,2153.78,NA,1.398,0.089,1838,0.0608,7.284,0.4935,29057,Pipeline Natural Gas,Diesel Oil,Combustion turbine,NA,NA,NA,NA,"CSNOX, CSOSG3, CSSO2G1, RGGI"
NY,Astoria Gas Turbine Power,55243,CT4-1A,CP0004,2023,24,12.6,250.2,NA,0.014,0.0423,207.3,0.0611,0.724,0.4485,3494.2,Pipeline Natural Gas,Diesel Oil,Combustion turbine,NA,NA,NA,NA,"CSNOX, CSSO2G1, RGGI"
NY,Astoria Gas Turbine Power,55243,CT4-1B,NA,2002,352,313.5,6270,NA,0,0,0,0,18.183,0.4536,80125.2,Pipeline Natural Gas,Diesel Oil,Combustion turbine,NA,NA,NA,NA,OTC
NY,Astoria Gas Turbine Power,55243,CT4-1B,NA,2003,166,154.75,3095,NA,0,0,0,0,9.691,0.4911,39462,Pipeline Natural Gas,Diesel Oil,Combustion turbine,NA,NA,NA,NA,NBP
NY,Astoria Gas Turbine Power,55243,CT4-1B,NA,2004,706,632.25,12645,NA,NA,NA,NA,NA,39.638,0.4913,161228.3,Pipeline Natural Gas,Diesel Oil,Combustion turbine,NA,NA,NA,NA,NBP
NY,Astoria Gas Turbine Power,55243,CT4-1B,NA,2005,1100,920,18400,NA,NA,NA,NA,NA,58.099,0.494,235059,Pipeline Natural Gas,Diesel Oil,Combustion turbine,NA,NA,NA,NA,NBP
NY,Astoria Gas Turbine Power,55243,CT4-1B,NA,2006,500,477,10282,NA,NA,NA,NA,NA,30.165,0.4932,122337.9,Pipeline Natural Gas,Diesel Oil,Combustion turbine,NA,NA,NA,NA,NBP
NY,Astoria Gas Turbine Power,55243,CT4-1B,NA,2007,382,378.75,7575,NA,NA,NA,NA,NA,28.204,0.5846,96581.4,Pipeline Natural Gas,Diesel Oil,Combustion turbine,NA,NA,NA,NA,NBP
NY,Astoria Gas Turbine Power,55243,CT4-1B,NA,2008,208,206.5,4130,NA,NA,NA,NA,NA,15.98,0.606,52657.6,Pipeline Natural Gas,Diesel Oil,Combustion turbine,NA,NA,NA,NA,"CAIRNOX, CAIROS, NBP"
NY,Astoria Gas Turbine Power,55243,CT4-1B,NA,2009,80,80,1600,NA,0.263,0.026,1222.8,0.0601,5.4,0.5293,20400,Pipeline Natural Gas,Diesel Oil,Combustion turbine,NA,NA,NA,NA,"CAIRNOX, CAIROS, CAIRSO2, RGGI"
NY,Astoria Gas Turbine Power,55243,CT4-1B,NA,2010,82,77.5,1550,NA,1.026,0.0983,1253.9,0.0633,6.323,0.6318,19762.7,Pipeline Natural Gas,Diesel Oil,Combustion turbine,NA,NA,NA,NA,"CAIRNOX, CAIROS, CAIRSO2, RGGI"
NY,Astoria Gas Turbine Power,55243,CT4-1B,NA,2011,107,107,2140,NA,0.329,0.0243,1633.5,0.06,8.147,0.5971,27285,Pipeline Natural Gas,Diesel Oil,Combustion turbine,NA,NA,NA,NA,"CAIRNOX, CAIROS, CAIRSO2, RGGI"
NY,Astoria Gas Turbine Power,55243,CT4-1B,NA,2012,130,129.25,2585,NA,0.077,0.0048,1944.5,0.0592,8.444,0.5123,32958.8,Pipeline Natural Gas,Diesel Oil,Combustion turbine,NA,NA,NA,NA,"CAIRNOX, CAIROS, CAIRSO2, RGGI"
NY,Astoria Gas Turbine Power,55243,CT4-1B,NA,2013,189,155.75,3115,NA,0.492,0.022,2381.1,0.0601,10.584,0.5297,39718.4,Pipeline Natural Gas,Diesel Oil,Combustion turbine,NA,NA,NA,NA,"CAIRNOX, CAIROS, CAIRSO2, RGGI"
NY,Astoria Gas Turbine Power,55243,CT4-1B,CP0004,2014,299,192.46,3713.74,NA,2.571,0.0913,3140.4,0.0627,15.284,0.6052,49416.1,Pipeline Natural Gas,Diesel Oil,Combustion turbine,NA,NA,NA,NA,"CAIRNOX, CAIROS, CAIRSO2, RGGI"
NY,Astoria Gas Turbine Power,55243,CT4-1B,CP0004,2015,242,137.86,2449.51,NA,0.666,0.0336,2844.7,0.0596,12.68,0.545,47243.6,Pipeline Natural Gas,Diesel Oil,Combustion turbine,NA,NA,NA,NA,"CSNOX, CSNOXOS, CSSO2G1, RGGI"
NY,Astoria Gas Turbine Power,55243,CT4-1B,CP0004,2016,194,138.5,2770,NA,0.254,0.0158,1963.6,0.0596,8.129,0.4944,32935.6,Pipeline Natural Gas,Diesel Oil,Combustion turbine,NA,NA,NA,NA,"CSNOX, CSNOXOS, CSSO2G1, RGGI"
NY,Astoria Gas Turbine Power,55243,CT4-1B,CP0004,2017,101,55,1100,NA,0.16,0.0301,785.8,0.0601,3.216,0.4969,13099.2,Pipeline Natural Gas,Diesel Oil,Combustion turbine,NA,NA,NA,NA,"CSNOX, CSOSG2, CSSO2G1, RGGI"
NY,Astoria Gas Turbine Power,55243,CT4-1B,CP0004,2018,131,77.1,1409.97,NA,0.112,0.0118,1122.6,0.058,4.508,0.4765,18843.8,Pipeline Natural Gas,Diesel Oil,Combustion turbine,NA,NA,NA,NA,"CSNOX, CSOSG2, CSSO2G1, RGGI"
NY,Astoria Gas Turbine Power,55243,CT4-1B,CP0004,2019,116,57.46,972.95,NA,0.053,0.022,816.1,0.0577,3.266,0.4863,13776,Pipeline Natural Gas,Diesel Oil,Combustion turbine,NA,NA,NA,NA,"CSNOX, CSOSG2, CSSO2G1, RGGI"
NY,Astoria Gas Turbine Power,55243,CT4-1B,CP0004,2020,143,76.27,1286.27,NA,0.12,0.0144,1189.5,0.0602,4.777,0.4792,19968.9,Pipeline Natural Gas,Diesel Oil,Combustion turbine,NA,NA,NA,NA,"CSNOX, CSOSG2, CSSO2G1, RGGI"
NY,Astoria Gas Turbine Power,55243,CT4-1B,CP0004,2021,141,82.32,1390.25,NA,0.65,0.0541,1287.3,0.0607,4.776,0.443,20859.5,Pipeline Natural Gas,Diesel Oil,Combustion turbine,NA,NA,NA,NA,"CSNOX, CSOSG3, CSSO2G1, RGGI"
NY,Astoria Gas Turbine Power,55243,CT4-1B,CP0004,2022,166,108.59,2155.11,NA,1.398,0.089,1839,0.0605,6.83,0.4599,29074.1,Pipeline Natural Gas,Diesel Oil,Combustion turbine,NA,NA,NA,NA,"CSNOX, CSOSG3, CSSO2G1, RGGI"
NY,Astoria Gas Turbine Power,55243,CT4-1B,CP0004,2023,24,12.6,250.2,NA,0.014,0.0423,207.3,0.0611,0.641,0.4069,3494.2,Pipeline Natural Gas,Diesel Oil,Combustion turbine,NA,NA,NA,NA,"CSNOX, CSSO2G1, RGGI"
NY,Astoria Gas Turbine Power,55243,CT4-2A,NA,1999,474,474,17987,NA,NA,NA,NA,NA,55.003,0.4558,241441,Diesel Oil,Pipeline Natural Gas,Combustion turbine,NA,NA,NA,NA,OTC
NY,Astoria Gas Turbine Power,55243,CT4-2A,NA,2000,329,329,12502,NA,NA,NA,NA,NA,39.561,0.4716,167790,Diesel Oil,Pipeline Natural Gas,Combustion turbine,NA,NA,NA,NA,OTC
NY,Astoria Gas Turbine Power,55243,CT4-2A,NA,2001,329,305.25,11599.5,NA,NA,NA,NA,NA,35.409,0.455,155677.5,Diesel Oil,Pipeline Natural Gas,Combustion turbine,NA,NA,NA,NA,OTC
NY,Astoria Gas Turbine Power,55243,CT4-2A,NA,2002,251,220.25,4405,NA,0,0,0,0,12.775,0.455,56165.3,Pipeline Natural Gas,Diesel Oil,Combustion turbine,NA,NA,NA,NA,OTC
NY,Astoria Gas Turbine Power,55243,CT4-2A,NA,2003,265,208.75,4175,NA,0,0,0,0,13.702,0.4916,55719.4,Pipeline Natural Gas,Diesel Oil,Combustion turbine,NA,NA,NA,NA,NBP
NY,Astoria Gas Turbine Power,55243,CT4-2A,NA,2004,584,520.5,10410,NA,NA,NA,NA,NA,32.605,0.4907,132731.8,Pipeline Natural Gas,Diesel Oil,Combustion turbine,NA,NA,NA,NA,NBP
NY,Astoria Gas Turbine Power,55243,CT4-2A,NA,2005,931,784.75,15695,NA,NA,NA,NA,NA,50.347,0.5028,200121.7,Pipeline Natural Gas,Diesel Oil,Combustion turbine,NA,NA,NA,NA,NBP
NY,Astoria Gas Turbine Power,55243,CT4-2A,NA,2006,367,328.5,6570,NA,NA,NA,NA,NA,22.708,0.5353,84599.1,Pipeline Natural Gas,Diesel Oil,Combustion turbine,NA,NA,NA,NA,NBP
NY,Astoria Gas Turbine Power,55243,CT4-2A,NA,2007,313,312.25,6245,NA,NA,NA,NA,NA,25.546,0.638,79113.8,Pipeline Natural Gas,Diesel Oil,Combustion turbine,NA,NA,NA,NA,NBP
NY,Astoria Gas Turbine Power,55243,CT4-2A,NA,2008,160,160,3200,NA,NA,NA,NA,NA,14.117,0.6921,40800,Pipeline Natural Gas,Diesel Oil,Combustion turbine,NA,NA,NA,NA,"CAIRNOX, CAIROS, NBP"
NY,Astoria Gas Turbine Power,55243,CT4-2A,NA,2009,92,92,1840,NA,0.264,0.0227,1402.8,0.06,6.838,0.583,23460,Pipeline Natural Gas,Diesel Oil,Combustion turbine,NA,NA,NA,NA,"CAIRNOX, CAIROS, CAIRSO2, RGGI"
NY,Astoria Gas Turbine Power,55243,CT4-2A,NA,2010,88,86.25,1725,NA,0.836,0.0747,1367.9,0.0623,7.172,0.6503,21993.8,Pipeline Natural Gas,Diesel Oil,Combustion turbine,NA,NA,NA,NA,"CAIRNOX, CAIROS, CAIRSO2, RGGI"
NY,Astoria Gas Turbine Power,55243,CT4-2A,NA,2011,102,102,2040,NA,0.392,0.0304,1564.2,0.0603,7.844,0.6032,26010,Pipeline Natural Gas,Diesel Oil,Combustion turbine,NA,NA,NA,NA,"CAIRNOX, CAIROS, CAIRSO2, RGGI"
NY,Astoria Gas Turbine Power,55243,CT4-2A,NA,2012,154,153.5,3070,NA,0.015,0.001,2302.5,0.059,9.118,0.466,39142.5,Pipeline Natural Gas,Diesel Oil,Combustion turbine,NA,NA,NA,NA,"CAIRNOX, CAIROS, CAIRSO2, RGGI"
NY,Astoria Gas Turbine Power,55243,CT4-2A,NA,2013,154,125,2500,NA,0.219,0.0171,1895,0.0598,7.608,0.4803,31876.6,Pipeline Natural Gas,Diesel Oil,Combustion turbine,NA,NA,NA,NA,"CAIRNOX, CAIROS, CAIRSO2, RGGI"
NY,Astoria Gas Turbine Power,55243,CT4-2A,CP0004,2014,165,105.12,1963.98,NA,1.292,0.0856,1718,0.0624,7.469,0.541,27195.8,Pipeline Natural Gas,Diesel Oil,Combustion turbine,NA,NA,NA,NA,"CAIRNOX, CAIROS, CAIRSO2, RGGI"
NY,Astoria Gas Turbine Power,55243,CT4-2A,CP0004,2015,165,105.22,1867.56,NA,0.583,0.0339,2202,0.0597,9.004,0.4953,36472.4,Pipeline Natural Gas,Diesel Oil,Combustion turbine,NA,NA,NA,NA,"CSNOX, CSNOXOS, CSSO2G1, RGGI"
NY,Astoria Gas Turbine Power,55243,CT4-2A,CP0004,2016,210,145.75,2915,NA,0.316,0.0194,2066,0.0598,7.895,0.4577,34586.3,Pipeline Natural Gas,Diesel Oil,Combustion turbine,NA,NA,NA,NA,"CSNOX, CSNOXOS, CSSO2G1, RGGI"
NY,Astoria Gas Turbine Power,55243,CT4-2A,CP0004,2017,99,60,1200,NA,0.158,0.0256,859.7,0.0599,3.274,0.4594,14354.9,Pipeline Natural Gas,Diesel Oil,Combustion turbine,NA,NA,NA,NA,"CSNOX, CSOSG2, CSSO2G1, RGGI"
NY,Astoria Gas Turbine Power,55243,CT4-2A,CP0004,2018,248,153.66,2787.96,NA,0.985,0.0306,2276.2,0.0595,8.968,0.4632,37084.1,Pipeline Natural Gas,Diesel Oil,Combustion turbine,NA,NA,NA,NA,"CSNOX, CSOSG2, CSSO2G1, RGGI"
NY,Astoria Gas Turbine Power,55243,CT4-2A,CP0004,2019,93,49.96,873.5,NA,0.022,0.0329,737.8,0.0602,2.745,0.4652,12487.7,Pipeline Natural Gas,Diesel Oil,Combustion turbine,NA,NA,NA,NA,"CSNOX, CSOSG2, CSSO2G1, RGGI"
NY,Astoria Gas Turbine Power,55243,CT4-2A,CP0004,2020,102,53.4,943.18,NA,0.121,0.0201,872.5,0.0612,3.293,0.4549,14597,Pipeline Natural Gas,Diesel Oil,Combustion turbine,NA,NA,NA,NA,"CSNOX, CSOSG2, CSSO2G1, RGGI"
NY,Astoria Gas Turbine Power,55243,CT4-2A,CP0004,2021,146,85.12,1508.3,NA,0.455,0.045,1379.5,0.0592,4.895,0.4314,22714.3,Pipeline Natural Gas,Diesel Oil,Combustion turbine,NA,NA,NA,NA,"CSNOX, CSOSG3, CSSO2G1, RGGI"
NY,Astoria Gas Turbine Power,55243,CT4-2A,CP0004,2022,130,82.02,1640.83,NA,1.293,0.1004,1448.1,0.0624,5.496,0.47,22606.9,Pipeline Natural Gas,Diesel Oil,Combustion turbine,NA,NA,NA,NA,"CSNOX, CSOSG3, CSSO2G1, RGGI"
NY,Astoria Gas Turbine Power,55243,CT4-2A,CP0004,2023,21,11.36,225.9,NA,0.016,0.0242,185.4,0.0597,0.598,0.3974,3120.6,Pipeline Natural Gas,Diesel Oil,Combustion turbine,NA,NA,NA,NA,"CSNOX, CSSO2G1, RGGI"
NY,Astoria Gas Turbine Power,55243,CT4-2B,NA,2002,251,220.25,4405,NA,0,0,0,0,12.775,0.455,56165.3,Pipeline Natural Gas,Diesel Oil,Combustion turbine,NA,NA,NA,NA,OTC
NY,Astoria Gas Turbine Power,55243,CT4-2B,NA,2003,265,208.75,4175,NA,0,0,0,0,13.702,0.4916,55719.4,Pipeline Natural Gas,Diesel Oil,Combustion turbine,NA,NA,NA,NA,NBP
NY,Astoria Gas Turbine Power,55243,CT4-2B,NA,2004,584,520.5,10410,NA,NA,NA,NA,NA,32.605,0.4907,132731.8,Pipeline Natural Gas,Diesel Oil,Combustion turbine,NA,NA,NA,NA,NBP
NY,Astoria Gas Turbine Power,55243,CT4-2B,NA,2005,931,784.75,15695,NA,NA,NA,NA,NA,54.069,0.539,200121.7,Pipeline Natural Gas,Diesel Oil,Combustion turbine,NA,NA,NA,NA,NBP
NY,Astoria Gas Turbine Power,55243,CT4-2B,NA,2006,370,331.5,6630,NA,NA,NA,46,0.01,21.326,0.5093,84599.1,Pipeline Natural Gas,Diesel Oil,Combustion turbine,NA,NA,NA,NA,NBP
NY,Astoria Gas Turbine Power,55243,CT4-2B,NA,2007,313,312.25,6245,NA,NA,NA,NA,NA,23.452,0.5848,79113.8,Pipeline Natural Gas,Diesel Oil,Combustion turbine,NA,NA,NA,NA,NBP
NY,Astoria Gas Turbine Power,55243,CT4-2B,NA,2008,173,173,3460,NA,NA,NA,NA,NA,13.959,0.6328,44115,Pipeline Natural Gas,Diesel Oil,Combustion turbine,NA,NA,NA,NA,"CAIRNOX, CAIROS, NBP"
NY,Astoria Gas Turbine Power,55243,CT4-2B,NA,2009,92,92,1840,NA,0.264,0.0227,1402.8,0.06,6.156,0.5247,23460,Pipeline Natural Gas,Diesel Oil,Combustion turbine,NA,NA,NA,NA,"CAIRNOX, CAIROS, CAIRSO2, RGGI"
NY,Astoria Gas Turbine Power,55243,CT4-2B,NA,2010,88,86.25,1725,NA,0.836,0.0747,1367.9,0.0623,6.604,0.5983,21993.8,Pipeline Natural Gas,Diesel Oil,Combustion turbine,NA,NA,NA,NA,"CAIRNOX, CAIROS, CAIRSO2, RGGI"
NY,Astoria Gas Turbine Power,55243,CT4-2B,NA,2011,102,102,2040,NA,0.392,0.0304,1564.2,0.0603,8.133,0.6253,26010,Pipeline Natural Gas,Diesel Oil,Combustion turbine,NA,NA,NA,NA,"CAIRNOX, CAIROS, CAIRSO2, RGGI"
NY,Astoria Gas Turbine Power,55243,CT4-2B,NA,2012,154,153.5,3070,NA,0.015,0.001,2302.5,0.059,9.924,0.507,39142.5,Pipeline Natural Gas,Diesel Oil,Combustion turbine,NA,NA,NA,NA,"CAIRNOX, CAIROS, CAIRSO2, RGGI"
NY,Astoria Gas Turbine Power,55243,CT4-2B,NA,2013,154,125,2500,NA,0.219,0.0171,1895,0.0598,8.304,0.5244,31876.6,Pipeline Natural Gas,Diesel Oil,Combustion turbine,NA,NA,NA,NA,"CAIRNOX, CAIROS, CAIRSO2, RGGI"
NY,Astoria Gas Turbine Power,55243,CT4-2B,CP0004,2014,164,104.16,1958.71,NA,1.292,0.0869,1713,0.0608,8.259,0.5995,27116.3,Pipeline Natural Gas,Diesel Oil,Combustion turbine,NA,NA,NA,NA,"CAIRNOX, CAIROS, CAIRSO2, RGGI"
NY,Astoria Gas Turbine Power,55243,CT4-2B,CP0004,2015,165,104.3,1854.51,NA,0.583,0.0339,2178.1,0.0597,9.761,0.5436,36067.5,Pipeline Natural Gas,Diesel Oil,Combustion turbine,NA,NA,NA,NA,"CSNOX, CSNOXOS, CSSO2G1, RGGI"
NY,Astoria Gas Turbine Power,55243,CT4-2B,CP0004,2016,210,145.75,2915,NA,0.316,0.0194,2066,0.0598,8.349,0.4843,34586.3,Pipeline Natural Gas,Diesel Oil,Combustion turbine,NA,NA,NA,NA,"CSNOX, CSNOXOS, CSSO2G1, RGGI"
NY,Astoria Gas Turbine Power,55243,CT4-2B,CP0004,2017,99,60,1200,NA,0.158,0.0256,859.7,0.0599,3.439,0.4829,14354.9,Pipeline Natural Gas,Diesel Oil,Combustion turbine,NA,NA,NA,NA,"CSNOX, CSOSG2, CSSO2G1, RGGI"
NY,Astoria Gas Turbine Power,55243,CT4-2B,CP0004,2018,248,153.66,2787.96,NA,0.985,0.0306,2276.2,0.0595,9.475,0.487,37084.1,Pipeline Natural Gas,Diesel Oil,Combustion turbine,NA,NA,NA,NA,"CSNOX, CSOSG2, CSSO2G1, RGGI"
NY,Astoria Gas Turbine Power,55243,CT4-2B,CP0004,2019,93,49.96,873.5,NA,0.022,0.0329,737.8,0.0602,2.872,0.4896,12487.7,Pipeline Natural Gas,Diesel Oil,Combustion turbine,NA,NA,NA,NA,"CSNOX, CSOSG2, CSSO2G1, RGGI"
NY,Astoria Gas Turbine Power,55243,CT4-2B,CP0004,2020,102,53.4,943.18,NA,0.121,0.0201,872.5,0.0612,3.456,0.476,14597,Pipeline Natural Gas,Diesel Oil,Combustion turbine,NA,NA,NA,NA,"CSNOX, CSOSG2, CSSO2G1, RGGI"
NY,Astoria Gas Turbine Power,55243,CT4-2B,CP0004,2021,146,85.12,1508.3,NA,0.455,0.045,1379.5,0.0592,5.105,0.4516,22714.3,Pipeline Natural Gas,Diesel Oil,Combustion turbine,NA,NA,NA,NA,"CSNOX, CSOSG3, CSSO2G1, RGGI"
NY,Astoria Gas Turbine Power,55243,CT4-2B,CP0004,2022,130,82.02,1641.55,NA,1.293,0.1004,1448.7,0.0624,5.957,0.5112,22617.6,Pipeline Natural Gas,Diesel Oil,Combustion turbine,NA,NA,NA,NA,"CSNOX, CSOSG3, CSSO2G1, RGGI"
NY,Astoria Gas Turbine Power,55243,CT4-2B,CP0004,2023,21,11.36,225.9,NA,0.016,0.0242,185.4,0.0597,0.627,0.4193,3120.6,Pipeline Natural Gas,Diesel Oil,Combustion turbine,NA,NA,NA,NA,"CSNOX, CSSO2G1, RGGI"
NY,Astoria Gas Turbine Power,55243,CT4-3A,NA,1999,453,453,17190,NA,NA,NA,NA,NA,52.566,0.4559,230729,Diesel Oil,Pipeline Natural Gas,Combustion turbine,NA,NA,NA,NA,OTC
NY,Astoria Gas Turbine Power,55243,CT4-3A,NA,2000,253,253,9614,NA,NA,NA,NA,NA,29.348,0.455,129030,Diesel Oil,Pipeline Natural Gas,Combustion turbine,NA,NA,NA,NA,OTC
NY,Astoria Gas Turbine Power,55243,CT4-3A,NA,2001,463,443.5,16853,NA,NA,NA,NA,NA,51.446,0.455,226185,Diesel Oil,Pipeline Natural Gas,Combustion turbine,NA,NA,NA,NA,OTC
NY,Astoria Gas Turbine Power,55243,CT4-3A,NA,2002,265,234,4680,NA,0,0,0,0,13.572,0.455,59671.7,Pipeline Natural Gas,Diesel Oil,Combustion turbine,NA,NA,NA,NA,OTC
NY,Astoria Gas Turbine Power,55243,CT4-3A,NA,2003,77,68,1360,NA,0,0,0,0,4.29,0.4976,17340.6,Pipeline Natural Gas,Diesel Oil,Combustion turbine,NA,NA,NA,NA,NBP
NY,Astoria Gas Turbine Power,55243,CT4-3A,NA,2004,528,472.75,9455,NA,NA,NA,NA,NA,29.602,0.4908,120554.9,Pipeline Natural Gas,Diesel Oil,Combustion turbine,NA,NA,NA,NA,NBP
NY,Astoria Gas Turbine Power,55243,CT4-3A,NA,2005,889,789.75,15795,NA,NA,NA,NA,NA,49.834,0.4946,201393.3,Pipeline Natural Gas,Diesel Oil,Combustion turbine,NA,NA,NA,NA,NBP
NY,Astoria Gas Turbine Power,55243,CT4-3A,NA,2006,374,373.25,7465,NA,NA,NA,NA,NA,23.515,0.494,95178.8,Pipeline Natural Gas,Diesel Oil,Combustion turbine,NA,NA,NA,NA,NBP
NY,Astoria Gas Turbine Power,55243,CT4-3A,NA,2007,296,295.25,6541,NA,NA,NA,NA,NA,22.853,0.6085,75288.8,Pipeline Natural Gas,Diesel Oil,Combustion turbine,NA,NA,NA,NA,NBP
NY,Astoria Gas Turbine Power,55243,CT4-3A,NA,2008,222,222,4440,NA,NA,NA,NA,NA,16.416,0.5799,56610,Pipeline Natural Gas,Diesel Oil,Combustion turbine,NA,NA,NA,NA,"CAIRNOX, CAIROS, NBP"
NY,Astoria Gas Turbine Power,55243,CT4-3A,NA,2009,84,84,1680,NA,0.263,0.0248,1282.8,0.06,5.652,0.5276,21420,Pipeline Natural Gas,Diesel Oil,Combustion turbine,NA,NA,NA,NA,"CAIRNOX, CAIROS, CAIRSO2, RGGI"
NY,Astoria Gas Turbine Power,55243,CT4-3A,NA,2010,87,84.25,1685,NA,0.772,0.0698,1332.2,0.062,6.388,0.5914,21483.8,Pipeline Natural Gas,Diesel Oil,Combustion turbine,NA,NA,NA,NA,"CAIRNOX, CAIROS, CAIRSO2, RGGI"
NY,Astoria Gas Turbine Power,55243,CT4-3A,NA,2011,130,129.25,2585,NA,0.586,0.0355,1990.1,0.0605,9.893,0.5996,32958.8,Pipeline Natural Gas,Diesel Oil,Combustion turbine,NA,NA,NA,NA,"CAIRNOX, CAIROS, CAIRSO2, RGGI"
NY,Astoria Gas Turbine Power,55243,CT4-3A,NA,2012,190,186.75,3735,NA,0.019,0.001,2801.4,0.059,11.093,0.466,47621.4,Pipeline Natural Gas,Diesel Oil,Combustion turbine,NA,NA,NA,NA,"CAIRNOX, CAIROS, CAIRSO2, RGGI"
NY,Astoria Gas Turbine Power,55243,CT4-3A,NA,2013,120,96,1920,NA,0.741,0.0549,1506.9,0.0616,6.349,0.5138,24481.4,Pipeline Natural Gas,Diesel Oil,Combustion turbine,NA,NA,NA,NA,"CAIRNOX, CAIROS, CAIRSO2, RGGI"
NY,Astoria Gas Turbine Power,55243,CT4-3A,CP0004,2014,117,76.21,1363.53,NA,0.647,0.0647,1197.3,0.0619,5.07,0.5224,19331.2,Pipeline Natural Gas,Diesel Oil,Combustion turbine,NA,NA,NA,NA,"CAIRNOX, CAIROS, CAIRSO2, RGGI"
NY,Astoria Gas Turbine Power,55243,CT4-3A,CP0004,2015,116,73.7,1263.99,NA,0.048,0.0135,1518.3,0.059,6.019,0.4758,25677.3,Pipeline Natural Gas,Diesel Oil,Combustion turbine,NA,NA,NA,NA,"CSNOX, CSNOXOS, CSSO2G1, RGGI"
NY,Astoria Gas Turbine Power,55243,CT4-3A,CP0004,2016,240,164.75,3295,NA,0.256,0.017,2338.5,0.0597,9.847,0.5046,39284.5,Pipeline Natural Gas,Diesel Oil,Combustion turbine,NA,NA,NA,NA,"CSNOX, CSNOXOS, CSSO2G1, RGGI"
NY,Astoria Gas Turbine Power,55243,CT4-3A,CP0004,2017,161,103.85,2077,NA,0.159,0.0128,1480.3,0.0594,6.24,0.5017,24887.6,Pipeline Natural Gas,Diesel Oil,Combustion turbine,NA,NA,NA,NA,"CSNOX, CSOSG2, CSSO2G1, RGGI"
NY,Astoria Gas Turbine Power,55243,CT4-3A,CP0004,2018,182,116.41,2248.85,NA,0.445,0.0307,1774.2,0.0606,7.572,0.5152,29398,Pipeline Natural Gas,Diesel Oil,Combustion turbine,NA,NA,NA,NA,"CSNOX, CSOSG2, CSSO2G1, RGGI"
NY,Astoria Gas Turbine Power,55243,CT4-3A,CP0004,2019,77,41.14,748.81,NA,0.037,0.0331,621.2,0.0604,2.605,0.5153,10483,Pipeline Natural Gas,Diesel Oil,Combustion turbine,NA,NA,NA,NA,"CSNOX, CSOSG2, CSSO2G1, RGGI"
NY,Astoria Gas Turbine Power,55243,CT4-3A,CP0004,2020,109,55.37,994.13,NA,0.031,0.0158,910.7,0.0581,3.801,0.5015,15371,Pipeline Natural Gas,Diesel Oil,Combustion turbine,NA,NA,NA,NA,"CSNOX, CSOSG2, CSSO2G1, RGGI"
NY,Astoria Gas Turbine Power,55243,CT4-3A,CP0004,2021,161,96.18,1671.4,NA,0.033,0.0165,1495.4,0.0577,5.343,0.4342,25327.7,Pipeline Natural Gas,Diesel Oil,Combustion turbine,NA,NA,NA,NA,"CSNOX, CSOSG3, CSSO2G1, RGGI"
NY,Astoria Gas Turbine Power,55243,CT4-3A,CP0004,2022,167,97.34,1974.4,NA,1.467,0.1055,1749.7,0.0626,7.058,0.5128,27468.8,Pipeline Natural Gas,Diesel Oil,Combustion turbine,NA,NA,NA,NA,"CSNOX, CSOSG3, CSSO2G1, RGGI"
NY,Astoria Gas Turbine Power,55243,CT4-3A,CP0004,2023,17,8.94,177.7,NA,0.019,0.0299,146.6,0.0606,0.519,0.4367,2460.1,Pipeline Natural Gas,Diesel Oil,Combustion turbine,NA,NA,NA,NA,"CSNOX, CSSO2G1, RGGI"
NY,Astoria Gas Turbine Power,55243,CT4-3B,NA,2002,265,234,4680,NA,0,0,0,0,13.572,0.455,59671.7,Pipeline Natural Gas,Diesel Oil,Combustion turbine,NA,NA,NA,NA,OTC
NY,Astoria Gas Turbine Power,55243,CT4-3B,NA,2003,77,68,1360,NA,0,0,0,0,4.29,0.4976,17340.6,Pipeline Natural Gas,Diesel Oil,Combustion turbine,NA,NA,NA,NA,NBP
NY,Astoria Gas Turbine Power,55243,CT4-3B,NA,2004,528,472.75,9455,NA,NA,NA,NA,NA,29.602,0.4908,120554.9,Pipeline Natural Gas,Diesel Oil,Combustion turbine,NA,NA,NA,NA,NBP
NY,Astoria Gas Turbine Power,55243,CT4-3B,NA,2005,889,789.75,15795,NA,NA,NA,NA,NA,49.834,0.4946,201393.3,Pipeline Natural Gas,Diesel Oil,Combustion turbine,NA,NA,NA,NA,NBP
NY,Astoria Gas Turbine Power,55243,CT4-3B,NA,2006,374,373.25,7465,NA,NA,NA,NA,NA,23.515,0.494,95178.8,Pipeline Natural Gas,Diesel Oil,Combustion turbine,NA,NA,NA,NA,NBP
NY,Astoria Gas Turbine Power,55243,CT4-3B,NA,2007,296,295.25,6541,NA,NA,NA,NA,NA,22.853,0.6085,75288.8,Pipeline Natural Gas,Diesel Oil,Combustion turbine,NA,NA,NA,NA,NBP
NY,Astoria Gas Turbine Power,55243,CT4-3B,NA,2008,222,222,4440,NA,NA,NA,NA,NA,16.416,0.5799,56610,Pipeline Natural Gas,Diesel Oil,Combustion turbine,NA,NA,NA,NA,"CAIRNOX, CAIROS, NBP"
NY,Astoria Gas Turbine Power,55243,CT4-3B,NA,2009,84,84,1680,NA,0.263,0.0248,1282.8,0.06,5.652,0.5276,21420,Pipeline Natural Gas,Diesel Oil,Combustion turbine,NA,NA,NA,NA,"CAIRNOX, CAIROS, CAIRSO2, RGGI"
NY,Astoria Gas Turbine Power,55243,CT4-3B,NA,2010,87,84.25,1685,NA,0.772,0.0698,1332.2,0.062,6.388,0.5914,21483.8,Pipeline Natural Gas,Diesel Oil,Combustion turbine,NA,NA,NA,NA,"CAIRNOX, CAIROS, CAIRSO2, RGGI"
NY,Astoria Gas Turbine Power,55243,CT4-3B,NA,2011,130,129.25,2585,NA,0.586,0.0355,1990.1,0.0605,10.283,0.6233,32958.8,Pipeline Natural Gas,Diesel Oil,Combustion turbine,NA,NA,NA,NA,"CAIRNOX, CAIROS, CAIRSO2, RGGI"
NY,Astoria Gas Turbine Power,55243,CT4-3B,NA,2012,190,186.75,3735,NA,0.019,0.001,2801.4,0.059,12.073,0.507,47621.4,Pipeline Natural Gas,Diesel Oil,Combustion turbine,NA,NA,NA,NA,"CAIRNOX, CAIROS, CAIRSO2, RGGI"
NY,Astoria Gas Turbine Power,55243,CT4-3B,NA,2013,120,96,1920,NA,0.741,0.0549,1506.9,0.0616,6.996,0.5652,24481.4,Pipeline Natural Gas,Diesel Oil,Combustion turbine,NA,NA,NA,NA,"CAIRNOX, CAIROS, CAIRSO2, RGGI"
NY,Astoria Gas Turbine Power,55243,CT4-3B,CP0004,2014,117,76.21,1363.53,NA,0.647,0.0647,1197.3,0.0619,5.593,0.5761,19331.2,Pipeline Natural Gas,Diesel Oil,Combustion turbine,NA,NA,NA,NA,"CAIRNOX, CAIROS, CAIRSO2, RGGI"
NY,Astoria Gas Turbine Power,55243,CT4-3B,CP0004,2015,116,73.7,1263.99,NA,0.048,0.0135,1518.3,0.059,6.553,0.5234,25677.3,Pipeline Natural Gas,Diesel Oil,Combustion turbine,NA,NA,NA,NA,"CSNOX, CSNOXOS, CSSO2G1, RGGI"
NY,Astoria Gas Turbine Power,55243,CT4-3B,CP0004,2016,240,164.75,3295,NA,0.256,0.017,2338.5,0.0597,9.897,0.5085,39284.5,Pipeline Natural Gas,Diesel Oil,Combustion turbine,NA,NA,NA,NA,"CSNOX, CSNOXOS, CSSO2G1, RGGI"
NY,Astoria Gas Turbine Power,55243,CT4-3B,CP0004,2017,161,103.85,2077,NA,0.159,0.0128,1480.3,0.0594,6.231,0.501,24887.6,Pipeline Natural Gas,Diesel Oil,Combustion turbine,NA,NA,NA,NA,"CSNOX, CSOSG2, CSSO2G1, RGGI"
NY,Astoria Gas Turbine Power,55243,CT4-3B,CP0004,2018,183,117.28,2254.45,NA,0.446,0.0305,1778.3,0.0602,7.628,0.5178,29473.4,Pipeline Natural Gas,Diesel Oil,Combustion turbine,NA,NA,NA,NA,"CSNOX, CSOSG2, CSSO2G1, RGGI"
NY,Astoria Gas Turbine Power,55243,CT4-3B,CP0004,2019,77,41.14,748.81,NA,0.037,0.0331,621.2,0.0604,2.596,0.5185,10483,Pipeline Natural Gas,Diesel Oil,Combustion turbine,NA,NA,NA,NA,"CSNOX, CSOSG2, CSSO2G1, RGGI"
NY,Astoria Gas Turbine Power,55243,CT4-3B,CP0004,2020,109,55.37,994.13,NA,0.031,0.0158,910.7,0.0581,3.783,0.5003,15371,Pipeline Natural Gas,Diesel Oil,Combustion turbine,NA,NA,NA,NA,"CSNOX, CSOSG2, CSSO2G1, RGGI"
NY,Astoria Gas Turbine Power,55243,CT4-3B,CP0004,2021,161,96.18,1671.4,NA,0.033,0.0165,1495.4,0.0577,5.192,0.4261,25327.7,Pipeline Natural Gas,Diesel Oil,Combustion turbine,NA,NA,NA,NA,"CSNOX, CSOSG3, CSSO2G1, RGGI"
NY,Astoria Gas Turbine Power,55243,CT4-3B,CP0004,2022,167,97.34,1969.99,NA,1.467,0.1055,1745.8,0.0626,7.119,0.5182,27403.3,Pipeline Natural Gas,Diesel Oil,Combustion turbine,NA,NA,NA,NA,"CSNOX, CSOSG3, CSSO2G1, RGGI"
NY,Astoria Gas Turbine Power,55243,CT4-3B,CP0004,2023,17,8.94,177.7,NA,0.019,0.0299,146.6,0.0606,0.505,0.4274,2460.1,Pipeline Natural Gas,Diesel Oil,Combustion turbine,NA,NA,NA,NA,"CSNOX, CSSO2G1, RGGI"
NY,Astoria Gas Turbine Power,55243,CT4-4A,NA,1999,459,459,17442,NA,NA,NA,NA,NA,53.262,0.455,234090,Diesel Oil,Pipeline Natural Gas,Combustion turbine,NA,NA,NA,NA,OTC
NY,Astoria Gas Turbine Power,55243,CT4-4A,NA,2000,312,312,11856,NA,NA,NA,NA,NA,36.751,0.462,159120,Diesel Oil,Pipeline Natural Gas,Combustion turbine,NA,NA,NA,NA,OTC
NY,Astoria Gas Turbine Power,55243,CT4-4A,NA,2001,550,523.5,19893,NA,NA,NA,NA,NA,60.727,0.455,266985,Diesel Oil,Pipeline Natural Gas,Combustion turbine,NA,NA,NA,NA,OTC
NY,Astoria Gas Turbine Power,55243,CT4-4A,NA,2002,274,247,4940,NA,0,0,0,0,14.326,0.455,62986.4,Pipeline Natural Gas,Diesel Oil,Combustion turbine,NA,NA,NA,NA,OTC
NY,Astoria Gas Turbine Power,55243,CT4-4A,NA,2003,85,77.75,1555,NA,0,0,0,0,4.878,0.4918,19826.7,Pipeline Natural Gas,Diesel Oil,Combustion turbine,NA,NA,NA,NA,NBP
NY,Astoria Gas Turbine Power,55243,CT4-4A,NA,2004,397,360.5,7210,NA,NA,NA,NA,NA,22.645,0.4919,91929.9,Pipeline Natural Gas,Diesel Oil,Combustion turbine,NA,NA,NA,NA,NBP
NY,Astoria Gas Turbine Power,55243,CT4-4A,NA,2005,971,833,16660,NA,NA,NA,NA,NA,52.605,0.4932,212998.3,Pipeline Natural Gas,Diesel Oil,Combustion turbine,NA,NA,NA,NA,NBP
NY,Astoria Gas Turbine Power,55243,CT4-4A,NA,2006,391,350.25,7005,NA,NA,NA,NA,NA,22.153,0.4922,90017.9,Pipeline Natural Gas,Diesel Oil,Combustion turbine,NA,NA,NA,NA,NBP
NY,Astoria Gas Turbine Power,55243,CT4-4A,NA,2007,171,171,3420,NA,NA,NA,NA,NA,14.14,0.6485,43605,Pipeline Natural Gas,Diesel Oil,Combustion turbine,NA,NA,NA,NA,NBP
NY,Astoria Gas Turbine Power,55243,CT4-4A,NA,2008,547,547,10940,NA,NA,NA,NA,NA,38.061,0.5456,139485,Pipeline Natural Gas,Diesel Oil,Combustion turbine,NA,NA,NA,NA,"CAIRNOX, CAIROS, NBP"
NY,Astoria Gas Turbine Power,55243,CT4-4A,NA,2009,239,239,4780,NA,1.424,0.0469,3710.4,0.061,17.037,0.559,60945,Pipeline Natural Gas,Diesel Oil,Combustion turbine,NA,NA,NA,NA,"CAIRNOX, CAIROS, CAIRSO2, RGGI"
NY,Astoria Gas Turbine Power,55243,CT4-4A,NA,2010,237,230.75,4615,NA,2.314,0.0768,3666.5,0.0623,17.777,0.6012,58841.3,Pipeline Natural Gas,Diesel Oil,Combustion turbine,NA,NA,NA,NA,"CAIRNOX, CAIROS, CAIRSO2, RGGI"
NY,Astoria Gas Turbine Power,55243,CT4-4A,NA,2011,278,277.25,5545,NA,0.473,0.0136,4198.7,0.0596,19.333,0.5468,70698.8,Pipeline Natural Gas,Diesel Oil,Combustion turbine,NA,NA,NA,NA,"CAIRNOX, CAIROS, CAIRSO2, RGGI"
NY,Astoria Gas Turbine Power,55243,CT4-4A,NA,2012,469,461.75,9235,NA,0.046,0.001,6926.7,0.059,27.428,0.466,117746.7,Pipeline Natural Gas,Diesel Oil,Combustion turbine,NA,NA,NA,NA,"CAIRNOX, CAIROS, CAIRSO2, RGGI"
NY,Astoria Gas Turbine Power,55243,CT4-4A,NA,2013,170,141.5,2830,NA,0.714,0.0361,2186.5,0.0607,9.024,0.4971,36083.9,Pipeline Natural Gas,Diesel Oil,Combustion turbine,NA,NA,NA,NA,"CAIRNOX, CAIROS, CAIRSO2, RGGI"
NY,Astoria Gas Turbine Power,55243,CT4-4A,CP0004,2014,199,122.09,2166.23,NA,0.256,0.0156,1817.5,0.0585,7.308,0.4769,30436,Pipeline Natural Gas,Diesel Oil,Combustion turbine,NA,NA,NA,NA,"CAIRNOX, CAIROS, CAIRSO2, RGGI"
NY,Astoria Gas Turbine Power,55243,CT4-4A,CP0004,2015,157,101.57,1725.22,NA,0.022,0.0037,1924.9,0.058,7.609,0.4666,32611,Pipeline Natural Gas,Diesel Oil,Combustion turbine,NA,NA,NA,NA,"CSNOX, CSNOXOS, CSSO2G1, RGGI"
NY,Astoria Gas Turbine Power,55243,CT4-4A,CP0004,2016,178,121.25,2425,NA,0.084,0.0088,1703.9,0.0593,7.127,0.4974,28787.1,Pipeline Natural Gas,Diesel Oil,Combustion turbine,NA,NA,NA,NA,"CSNOX, CSNOXOS, CSSO2G1, RGGI"
NY,Astoria Gas Turbine Power,55243,CT4-4A,CP0004,2017,96,58.75,1175,NA,0.049,0.0108,809,0.0593,3.396,0.5002,13662.5,Pipeline Natural Gas,Diesel Oil,Combustion turbine,NA,NA,NA,NA,"CSNOX, CSOSG2, CSSO2G1, RGGI"
NY,Astoria Gas Turbine Power,55243,CT4-4A,CP0004,2018,145,90.41,1588.71,NA,0.624,0.0383,1313.9,0.0606,5.73,0.5213,21339,Pipeline Natural Gas,Diesel Oil,Combustion turbine,NA,NA,NA,NA,"CSNOX, CSOSG2, CSSO2G1, RGGI"
NY,Astoria Gas Turbine Power,55243,CT4-4A,CP0004,2019,61,34.02,596.34,NA,0.038,0.0422,504.9,0.0608,2.122,0.5232,8515,Pipeline Natural Gas,Diesel Oil,Combustion turbine,NA,NA,NA,NA,"CSNOX, CSOSG2, CSSO2G1, RGGI"
NY,Astoria Gas Turbine Power,55243,CT4-4A,CP0004,2020,107,51.64,910.06,NA,0.088,0.0195,839.9,0.0597,3.53,0.5033,14083.4,Pipeline Natural Gas,Diesel Oil,Combustion turbine,NA,NA,NA,NA,"CSNOX, CSOSG2, CSSO2G1, RGGI"
NY,Astoria Gas Turbine Power,55243,CT4-4A,CP0004,2021,96,51.2,855.63,NA,0.066,0.0484,766.4,0.0599,2.797,0.4604,12903.5,Pipeline Natural Gas,Diesel Oil,Combustion turbine,NA,NA,NA,NA,"CSNOX, CSOSG3, CSSO2G1, RGGI"
NY,Astoria Gas Turbine Power,55243,CT4-4A,CP0004,2022,199,133.41,2673.54,NA,1.163,0.0746,2253,0.0614,8.575,0.4793,36438.4,Pipeline Natural Gas,Diesel Oil,Combustion turbine,NA,NA,NA,NA,"CSNOX, CSOSG3, CSSO2G1, RGGI"
NY,Astoria Gas Turbine Power,55243,CT4-4A,CP0004,2023,22,11.48,227.7,NA,0.016,0.0231,187.9,0.0591,0.659,0.4303,3166.3,Pipeline Natural Gas,Diesel Oil,Combustion turbine,NA,NA,NA,NA,"CSNOX, CSSO2G1, RGGI"
NY,Astoria Gas Turbine Power,55243,CT4-4B,NA,2002,274,247,4940,NA,0,0,0,0,14.326,0.455,62986.4,Pipeline Natural Gas,Diesel Oil,Combustion turbine,NA,NA,NA,NA,OTC
NY,Astoria Gas Turbine Power,55243,CT4-4B,NA,2003,85,77.75,1555,NA,0,0,0,0,4.878,0.4918,19826.7,Pipeline Natural Gas,Diesel Oil,Combustion turbine,NA,NA,NA,NA,NBP
NY,Astoria Gas Turbine Power,55243,CT4-4B,NA,2004,397,360.5,7210,NA,NA,NA,NA,NA,22.645,0.4919,91929.9,Pipeline Natural Gas,Diesel Oil,Combustion turbine,NA,NA,NA,NA,NBP
NY,Astoria Gas Turbine Power,55243,CT4-4B,NA,2005,971,833,16660,NA,NA,NA,NA,NA,52.605,0.4932,212998.3,Pipeline Natural Gas,Diesel Oil,Combustion turbine,NA,NA,NA,NA,NBP
NY,Astoria Gas Turbine Power,55243,CT4-4B,NA,2006,391,350.25,7005,NA,NA,NA,NA,NA,22.153,0.4922,90017.9,Pipeline Natural Gas,Diesel Oil,Combustion turbine,NA,NA,NA,NA,NBP
NY,Astoria Gas Turbine Power,55243,CT4-4B,NA,2007,171,171,3420,NA,NA,NA,NA,NA,14.14,0.6485,43605,Pipeline Natural Gas,Diesel Oil,Combustion turbine,NA,NA,NA,NA,NBP
NY,Astoria Gas Turbine Power,55243,CT4-4B,NA,2008,547,547,10940,NA,NA,NA,NA,NA,38.061,0.5456,139485,Pipeline Natural Gas,Diesel Oil,Combustion turbine,NA,NA,NA,NA,"CAIRNOX, CAIROS, NBP"
NY,Astoria Gas Turbine Power,55243,CT4-4B,NA,2009,239,239,4780,NA,1.424,0.0469,3710.4,0.061,17.037,0.559,60945,Pipeline Natural Gas,Diesel Oil,Combustion turbine,NA,NA,NA,NA,"CAIRNOX, CAIROS, CAIRSO2, RGGI"
NY,Astoria Gas Turbine Power,55243,CT4-4B,NA,2010,237,230.75,4615,NA,2.314,0.0768,3666.5,0.0623,17.777,0.6012,58841.3,Pipeline Natural Gas,Diesel Oil,Combustion turbine,NA,NA,NA,NA,"CAIRNOX, CAIROS, CAIRSO2, RGGI"
NY,Astoria Gas Turbine Power,55243,CT4-4B,NA,2011,278,277.25,5545,NA,0.473,0.0136,4198.7,0.0596,20.363,0.5758,70698.8,Pipeline Natural Gas,Diesel Oil,Combustion turbine,NA,NA,NA,NA,"CAIRNOX, CAIROS, CAIRSO2, RGGI"
NY,Astoria Gas Turbine Power,55243,CT4-4B,NA,2012,469,461.75,9235,NA,0.046,0.001,6926.7,0.059,29.852,0.507,117746.7,Pipeline Natural Gas,Diesel Oil,Combustion turbine,NA,NA,NA,NA,"CAIRNOX, CAIROS, CAIRSO2, RGGI"
NY,Astoria Gas Turbine Power,55243,CT4-4B,NA,2013,170,141.5,2830,NA,0.714,0.0361,2186.5,0.0607,9.903,0.5449,36083.9,Pipeline Natural Gas,Diesel Oil,Combustion turbine,NA,NA,NA,NA,"CAIRNOX, CAIROS, CAIRSO2, RGGI"
NY,Astoria Gas Turbine Power,55243,CT4-4B,CP0004,2014,200,121.85,2165.47,NA,0.256,0.0155,1816.9,0.0582,7.979,0.5276,30424.2,Pipeline Natural Gas,Diesel Oil,Combustion turbine,NA,NA,NA,NA,"CAIRNOX, CAIROS, CAIRSO2, RGGI"
NY,Astoria Gas Turbine Power,55243,CT4-4B,CP0004,2015,157,101.57,1725.22,NA,0.022,0.0037,1924.9,0.058,8.28,0.5134,32611,Pipeline Natural Gas,Diesel Oil,Combustion turbine,NA,NA,NA,NA,"CSNOX, CSNOXOS, CSSO2G1, RGGI"
NY,Astoria Gas Turbine Power,55243,CT4-4B,CP0004,2016,178,121.25,2425,NA,0.084,0.0088,1703.9,0.0593,7.135,0.499,28787.1,Pipeline Natural Gas,Diesel Oil,Combustion turbine,NA,NA,NA,NA,"CSNOX, CSNOXOS, CSSO2G1, RGGI"
NY,Astoria Gas Turbine Power,55243,CT4-4B,CP0004,2017,96,58.75,1175,NA,0.049,0.0108,809,0.0593,3.385,0.4991,13662.5,Pipeline Natural Gas,Diesel Oil,Combustion turbine,NA,NA,NA,NA,"CSNOX, CSOSG2, CSSO2G1, RGGI"
NY,Astoria Gas Turbine Power,55243,CT4-4B,CP0004,2018,145,90.41,1588.71,NA,0.624,0.0383,1313.9,0.0606,5.813,0.5253,21339,Pipeline Natural Gas,Diesel Oil,Combustion turbine,NA,NA,NA,NA,"CSNOX, CSOSG2, CSSO2G1, RGGI"
NY,Astoria Gas Turbine Power,55243,CT4-4B,CP0004,2019,61,34.02,596.34,NA,0.113,0.0586,511.5,0.0615,2.188,0.5447,8515,Pipeline Natural Gas,Diesel Oil,Combustion turbine,NA,NA,NA,NA,"CSNOX, CSOSG2, CSSO2G1, RGGI"
NY,Astoria Gas Turbine Power,55243,CT4-4B,CP0004,2020,107,51.64,910.06,NA,0.088,0.0195,839.9,0.0597,3.524,0.504,14083.4,Pipeline Natural Gas,Diesel Oil,Combustion turbine,NA,NA,NA,NA,"CSNOX, CSOSG2, CSSO2G1, RGGI"
NY,Astoria Gas Turbine Power,55243,CT4-4B,CP0004,2021,96,51.2,855.63,NA,0.066,0.0484,766.4,0.0599,2.733,0.4593,12903.5,Pipeline Natural Gas,Diesel Oil,Combustion turbine,NA,NA,NA,NA,"CSNOX, CSOSG3, CSSO2G1, RGGI"
NY,Astoria Gas Turbine Power,55243,CT4-4B,CP0004,2022,199,133.71,2676.51,NA,1.163,0.0746,2255.6,0.0614,8.538,0.4793,36482.6,Pipeline Natural Gas,Diesel Oil,Combustion turbine,NA,NA,NA,NA,"CSNOX, CSOSG3, CSSO2G1, RGGI"
NY,Astoria Gas Turbine Power,55243,CT4-4B,CP0004,2023,22,11.48,227.7,NA,0.016,0.0231,187.9,0.0591,0.64,0.4196,3166.3,Pipeline Natural Gas,Diesel Oil,Combustion turbine,NA,NA,NA,NA,"CSNOX, CSSO2G1, RGGI"
NY,Astoria Energy,55375,CT1,NA,2006,4983,4876.83,1022930.41,NA,2.288,0.001,447600.086,0.059,100.719,0.0395,7530999.501,Pipeline Natural Gas,Diesel Oil,"Combined cycle (Started Mar 23, 2006)",NA,Dry Low NOx Burners|Water Injection|Selective Catalytic Reduction,NA,NA,"ARP, NBP"
NY,Astoria Energy,55375,CT1,NA,2007,7234,7050.41,1828296.21,NA,5.075,0.0012,703079.731,0.0595,49.304,0.0141,11706035.966,Pipeline Natural Gas,Diesel Oil,Combined cycle,NA,Dry Low NOx Burners|Water Injection|Selective Catalytic Reduction,NA,NA,"ARP, NBP"
NY,Astoria Energy,55375,CT1,NA,2008,5463,5302.57,1332957.62,NA,2.623,0.0011,496933.511,0.0591,34.117,0.0156,8353744.001,Pipeline Natural Gas,Diesel Oil,Combined cycle,NA,Dry Low NOx Burners|Water Injection|Selective Catalytic Reduction,NA,NA,"ARP, CAIRNOX, CAIROS, NBP"
NY,Astoria Energy,55375,CT1,NA,2009,7040,6890.35,1742386.73,NA,4.401,0.0011,677478.249,0.0587,46.058,0.012,11323542.866,Pipeline Natural Gas,Diesel Oil,Combined cycle,NA,Dry Low NOx Burners|Water Injection|Selective Catalytic Reduction,NA,NA,"ARP, CAIRNOX, CAIROS, CAIRSO2, RGGI"
NY,Astoria Energy,55375,CT1,NA,2010,7485,7372.97,1870729.55,NA,4.644,0.0012,711368.53,0.059,38.728,0.0092,11888402.257,Pipeline Natural Gas,Diesel Oil,Combined cycle,NA,Dry Low NOx Burners|Water Injection|Selective Catalytic Reduction,NA,NA,"ARP, CAIRNOX, CAIROS, CAIRSO2, RGGI"
NY,Astoria Energy,55375,CT1,NA,2011,7780,7684.37,1958413.79,NA,4.305,0.0011,736588.796,0.0589,37.748,0.0084,12348973.621,Pipeline Natural Gas,Diesel Oil,Combined cycle,NA,Dry Low NOx Burners|Water Injection|Selective Catalytic Reduction,NA,NA,"ARP, CAIRNOX, CAIROS, CAIRSO2, RGGI"
NY,Astoria Energy,55375,CT1,NA,2012,7006,6954.67,1718827.98,NA,3.409,0.001,669425.346,0.0584,28.821,0.0068,11262136.411,Pipeline Natural Gas,Diesel Oil,Combined cycle,NA,Dry Low NOx Burners|Water Injection|Selective Catalytic Reduction,NA,NA,"ARP, CAIRNOX, CAIROS, CAIRSO2, RGGI"
NY,Astoria Energy,55375,CT1,NA,2013,6257,6148.57,1427882.72,NA,3.413,0.0011,580983.991,0.0586,28.491,0.0085,9738804.983,Pipeline Natural Gas,Diesel Oil,Combined cycle,NA,Dry Low NOx Burners|Water Injection|Selective Catalytic Reduction,NA,NA,"ARP, CAIRNOX, CAIROS, CAIRSO2, RGGI"
NY,Astoria Energy,55375,CT1,NA,2014,7307,7226.06,1727239.49,NA,4.851,0.0012,696638.115,0.0595,38.141,0.0093,11619422,Pipeline Natural Gas,Diesel Oil,Combined cycle,NA,Dry Low NOx Burners|Water Injection|Selective Catalytic Reduction,NA,NA,"ARP, CAIRNOX, CAIROS, CAIRSO2, RGGI"
NY,Astoria Energy,55375,CT1,NA,2015,7687,7451.21,1798504.87,NA,6.307,0.0014,732966.097,0.0599,37.933,0.0087,12138519.687,Pipeline Natural Gas,Diesel Oil,Combined cycle,NA,Dry Low NOx Burners|Water Injection|Selective Catalytic Reduction,NA,NA,"ARP, CSNOX, CSNOXOS, CSSO2G1, RGGI"
NY,Astoria Energy,55375,CT1,NA,2016,7460,7362.21,1726475.11,NA,3.505,0.001,694277.616,0.0593,35.248,0.0081,11631141.46,Pipeline Natural Gas,Diesel Oil,Combined cycle,NA,Dry Low NOx Burners|Water Injection|Selective Catalytic Reduction,NA,NA,"ARP, CSNOX, CSNOXOS, CSSO2G1, RGGI"
NY,Astoria Energy,55375,CT1,NA,2017,7831,7724.68,1729425.35,NA,3.551,0.001,699824.321,0.0593,38.09,0.0093,11709714.301,Pipeline Natural Gas,Diesel Oil,Combined cycle,NA,Dry Low NOx Burners|Water Injection|Selective Catalytic Reduction,NA,NA,"ARP, CSNOX, CSOSG2, CSSO2G1, RGGI"
NY,Astoria Energy,55375,CT1,NA,2018,7978,7891.24,1889168.13,NA,3.889,0.001,769883.091,0.0595,40.328,0.0088,12807107.483,Pipeline Natural Gas,Diesel Oil,Combined cycle,NA,Dry Low NOx Burners|Water Injection|Selective Catalytic Reduction,NA,NA,"ARP, CSNOX, CSOSG2, CSSO2G1, RGGI"
NY,Astoria Energy,55375,CT1,NA,2019,7929,7855.44,1743215.03,NA,3.712,0.001,721401.745,0.0593,38.561,0.0087,12065548.73,Pipeline Natural Gas,Diesel Oil,Combined cycle,NA,Dry Low NOx Burners|Water Injection|Selective Catalytic Reduction,NA,NA,"ARP, CSNOX, CSOSG2, CSSO2G1, RGGI"
NY,Astoria Energy,55375,CT1,NA,2020,6220,6178.92,1353915.82,NA,2.816,0.001,557798.995,0.059,26.739,0.0074,9385804.534,Pipeline Natural Gas,Diesel Oil,Combined cycle,NA,Dry Low NOx Burners|Water Injection|Selective Catalytic Reduction,NA,NA,"ARP, CSNOX, CSOSG2, CSSO2G1, RGGI"
NY,Astoria Energy,55375,CT1,NA,2021,6867,6846.41,1606230.52,NA,3.24,0.001,641670.675,0.059,29.834,0.0065,10796997.191,Pipeline Natural Gas,Diesel Oil,Combined cycle,NA,Dry Low NOx Burners|Water Injection|Selective Catalytic Reduction,NA,NA,"ARP, CSNOX, CSOSG3, CSSO2G1, RGGI"
NY,Astoria Energy,55375,CT1,NA,2022,7944,7897.61,1918271.47,NA,4.166,0.001,782916.457,0.0599,40.73,0.0078,12953789.818,Pipeline Natural Gas,Diesel Oil,Combined cycle,NA,Dry Low NOx Burners|Water Injection|Selective Catalytic Reduction,NA,NA,"ARP, CSNOX, CSOSG3, CSSO2G1, RGGI"
NY,Astoria Energy,55375,CT1,NA,2023,8175,8155.75,2144822.66,NA,4.308,0.001,851432.176,0.059,38.133,0.0062,14316552.071,Pipeline Natural Gas,Diesel Oil,Combined cycle,NA,Dry Low NOx Burners|Water Injection|Selective Catalytic Reduction,NA,NA,"ARP, CSNOX, CSOSG3, CSSO2G1, RGGI"
NY,Astoria Energy,55375,CT1,NA,2024,8219,8184.26,2156106.1,NA,4.361,0.001,861805.134,0.0591,40.526,0.0069,14491095.213,Pipeline Natural Gas,Diesel Oil,Combined cycle,NA,Dry Low NOx Burners|Water Injection|Selective Catalytic Reduction,NA,NA,"ARP, CSNOX, CSOSG2E, CSSO2G1, RGGI"
NY,Astoria Energy,55375,CT2,NA,2006,4793,4670.93,1081630.47,NA,2.312,0.001,451735.861,0.059,91.035,0.0346,7600487.915,Pipeline Natural Gas,Diesel Oil,"Combined cycle (Started Mar 23, 2006)",NA,Dry Low NOx Burners|Water Injection|Selective Catalytic Reduction,NA,NA,"ARP, NBP"
NY,Astoria Energy,55375,CT2,NA,2007,7334,7106.62,1919274.47,NA,4.684,0.0012,695059.266,0.0594,73.143,0.0222,11602752.223,Pipeline Natural Gas,Diesel Oil,Combined cycle,NA,Dry Low NOx Burners|Water Injection|Selective Catalytic Reduction,NA,NA,"ARP, NBP"
NY,Astoria Energy,55375,CT2,NA,2008,5096,4956.83,1341063.39,NA,2.473,0.001,471692.221,0.059,46.778,0.0209,7929981.644,Pipeline Natural Gas,Diesel Oil,Combined cycle,NA,Dry Low NOx Burners|Water Injection|Selective Catalytic Reduction,NA,NA,"ARP, CAIRNOX, CAIROS, NBP"
NY,Astoria Energy,55375,CT2,NA,2009,7505,7371.75,2068233.68,NA,3.787,0.001,719811.301,0.0585,42.328,0.0099,12100252.056,Pipeline Natural Gas,Diesel Oil,Combined cycle,NA,Dry Low NOx Burners|Water Injection|Selective Catalytic Reduction,NA,NA,"ARP, CAIRNOX, CAIROS, CAIRSO2, RGGI"
NY,Astoria Energy,55375,CT2,NA,2010,7438,7300.53,1957426,NA,3.737,0.001,694649.402,0.0585,63.785,0.0153,11671017.618,Pipeline Natural Gas,Diesel Oil,Combined cycle,NA,Dry Low NOx Burners|Water Injection|Selective Catalytic Reduction,NA,NA,"ARP, CAIRNOX, CAIROS, CAIRSO2, RGGI"
NY,Astoria Energy,55375,CT2,NA,2011,7670,7557.69,2013270.13,NA,4.136,0.0011,726303.279,0.0587,69.251,0.0153,12185051.684,Pipeline Natural Gas,Diesel Oil,Combined cycle,NA,Dry Low NOx Burners|Water Injection|Selective Catalytic Reduction,NA,NA,"ARP, CAIRNOX, CAIROS, CAIRSO2, RGGI"
NY,Astoria Energy,55375,CT2,NA,2012,7784,7651.29,1966742.2,NA,3.831,0.001,758133.03,0.0584,59.438,0.0127,12756844.67,Pipeline Natural Gas,Diesel Oil,Combined cycle,NA,Dry Low NOx Burners|Water Injection|Selective Catalytic Reduction,NA,NA,"ARP, CAIRNOX, CAIROS, CAIRSO2, RGGI"
NY,Astoria Energy,55375,CT2,NA,2013,6100,6007.04,1456467.04,NA,2.893,0.001,572693.666,0.0586,48.203,0.014,9636544.947,Pipeline Natural Gas,Diesel Oil,Combined cycle,NA,Dry Low NOx Burners|Water Injection|Selective Catalytic Reduction,NA,NA,"ARP, CAIRNOX, CAIROS, CAIRSO2, RGGI"
NY,Astoria Energy,55375,CT2,NA,2014,7648,7604.46,1877186.4,NA,5.768,0.0013,745261.247,0.0597,43.364,0.0091,12385819.059,Pipeline Natural Gas,Diesel Oil,Combined cycle,NA,Dry Low NOx Burners|Water Injection|Selective Catalytic Reduction,NA,NA,"ARP, CAIRNOX, CAIROS, CAIRSO2, RGGI"
NY,Astoria Energy,55375,CT2,NA,2015,7482,7219.74,1775236.63,NA,5.692,0.0014,708235.221,0.0598,43.738,0.0123,11756648.878,Pipeline Natural Gas,Diesel Oil,Combined cycle,NA,Dry Low NOx Burners|Water Injection|Selective Catalytic Reduction,NA,NA,"ARP, CSNOX, CSNOXOS, CSSO2G1, RGGI"
NY,Astoria Energy,55375,CT2,NA,2016,7736,7637.05,1775907.41,NA,3.611,0.001,714751.079,0.0591,37.877,0.0094,12015542.716,Pipeline Natural Gas,Diesel Oil,Combined cycle,NA,Dry Low NOx Burners|Water Injection|Selective Catalytic Reduction,NA,NA,"ARP, CSNOX, CSNOXOS, CSSO2G1, RGGI"
NY,Astoria Energy,55375,CT2,NA,2017,7560,7502.04,1636704.52,NA,3.531,0.001,693473.228,0.0591,34.234,0.0076,11651915.296,Pipeline Natural Gas,Diesel Oil,Combined cycle,NA,Dry Low NOx Burners|Water Injection|Selective Catalytic Reduction,NA,NA,"ARP, CSNOX, CSOSG2, CSSO2G1, RGGI"
NY,Astoria Energy,55375,CT2,NA,2018,7845,7786.7,1821072.74,NA,3.952,0.001,779948.197,0.0596,38.404,0.0075,12959127.575,Pipeline Natural Gas,Diesel Oil,Combined cycle,NA,Dry Low NOx Burners|Water Injection|Selective Catalytic Reduction,NA,NA,"ARP, CSNOX, CSOSG2, CSSO2G1, RGGI"
NY,Astoria Energy,55375,CT2,NA,2019,7184,7134.28,1572399.89,NA,3.45,0.001,675677.709,0.0592,33.144,0.0076,11329592.093,Pipeline Natural Gas,Diesel Oil,Combined cycle,NA,Dry Low NOx Burners|Water Injection|Selective Catalytic Reduction,NA,NA,"ARP, CSNOX, CSOSG2, CSSO2G1, RGGI"
NY,Astoria Energy,55375,CT2,NA,2020,6193,6136.56,1317504.37,NA,2.74,0.001,542735.645,0.059,28.373,0.0091,9132081.27,Pipeline Natural Gas,Diesel Oil,Combined cycle,NA,Dry Low NOx Burners|Water Injection|Selective Catalytic Reduction,NA,NA,"ARP, CSNOX, CSOSG2, CSSO2G1, RGGI"
NY,Astoria Energy,55375,CT2,NA,2021,6784,6744.1,1559772.69,NA,3.159,0.001,625244.541,0.059,35.532,0.0087,10518749.799,Pipeline Natural Gas,Diesel Oil,Combined cycle,NA,Dry Low NOx Burners|Water Injection|Selective Catalytic Reduction,NA,NA,"ARP, CSNOX, CSOSG3, CSSO2G1, RGGI"
NY,Astoria Energy,55375,CT2,NA,2022,7720,7633.84,1824302.57,NA,4.004,0.001,750193.265,0.06,39.015,0.0088,12399171.557,Pipeline Natural Gas,Diesel Oil,Combined cycle,NA,Dry Low NOx Burners|Water Injection|Selective Catalytic Reduction,NA,NA,"ARP, CSNOX, CSOSG3, CSSO2G1, RGGI"
NY,Astoria Energy,55375,CT2,NA,2023,8214,8187.68,2110720.12,NA,4.284,0.001,846473.32,0.059,37.71,0.0064,14232714.291,Pipeline Natural Gas,Diesel Oil,Combined cycle,NA,Dry Low NOx Burners|Water Injection|Selective Catalytic Reduction,NA,NA,"ARP, CSNOX, CSOSG3, CSSO2G1, RGGI"
NY,Astoria Energy,55375,CT2,NA,2024,8241,8217.79,2135177.93,NA,4.355,0.001,860757.769,0.0591,37.709,0.006,14473585.928,Pipeline Natural Gas,Diesel Oil,Combined cycle,NA,Dry Low NOx Burners|Water Injection|Selective Catalytic Reduction,NA,NA,"ARP, CSNOX, CSOSG2E, CSSO2G1, RGGI"
NY,Astoria Energy,55375,CT3,NA,2011,3466,3405.73,773510.72,NA,1.698,0.001,336224.882,0.059,25.102,0.0149,5657597.161,Pipeline Natural Gas,Diesel Oil,"Combined cycle (Started Apr 03, 2011)",NA,Dry Low NOx Burners|Water Injection|Selective Catalytic Reduction,NA,NA,"ARP, CAIRNOX, CAIROS, CAIRSO2, RGGI"
NY,Astoria Energy,55375,CT3,NA,2012,7214,7142.38,1679944.65,NA,3.612,0.001,715323.659,0.059,49.166,0.0125,12036730.181,Pipeline Natural Gas,Diesel Oil,Combined cycle,NA,Dry Low NOx Burners|Water Injection|Selective Catalytic Reduction,NA,NA,"ARP, CAIRNOX, CAIROS, CAIRSO2, RGGI"
NY,Astoria Energy,55375,CT3,NA,2013,6388,6266.03,1531765.96,NA,3.233,0.001,636948.136,0.059,49.134,0.018,10716558.99,Pipeline Natural Gas,Diesel Oil,Combined cycle,NA,Dry Low NOx Burners|Water Injection|Selective Catalytic Reduction,NA,NA,"ARP, CAIRNOX, CAIROS, CAIRSO2, RGGI"
NY,Astoria Energy,55375,CT3,NA,2014,6870,6792.47,1655189.43,NA,5.952,0.0014,703111.113,0.06,42.47,0.0104,11646033.384,Pipeline Natural Gas,Diesel Oil,Combined cycle,NA,Dry Low NOx Burners|Water Injection|Selective Catalytic Reduction,NA,NA,"ARP, CAIRNOX, CAIROS, CAIRSO2, RGGI"
NY,Astoria Energy,55375,CT3,NA,2015,7361,7273.87,1665724.77,NA,5.687,0.0013,730540.707,0.0598,49.106,0.011,12138763.24,Pipeline Natural Gas,Diesel Oil,Combined cycle,NA,Dry Low NOx Burners|Water Injection|Selective Catalytic Reduction,NA,NA,"ARP, CSNOX, CSNOXOS, CSSO2G1, RGGI"
NY,Astoria Energy,55375,CT3,NA,2016,6832,6647.16,1503999.27,NA,3.3,0.001,651603.263,0.0591,45.53,0.0151,10951195.886,Pipeline Natural Gas,Diesel Oil,Combined cycle,NA,Dry Low NOx Burners|Water Injection|Selective Catalytic Reduction,NA,NA,"ARP, CSNOX, CSNOXOS, CSSO2G1, RGGI"
NY,Astoria Energy,55375,CT3,NA,2017,6007,5778.45,1338828.32,NA,2.955,0.001,579608.804,0.0591,47.766,0.0192,9736678.245,Pipeline Natural Gas,Diesel Oil,Combined cycle,NA,Dry Low NOx Burners|Water Injection|Selective Catalytic Reduction,NA,NA,"ARP, CSNOX, CSOSG2, CSSO2G1, RGGI"
NY,Astoria Energy,55375,CT3,NA,2018,6789,6651.06,1524761.52,NA,3.522,0.001,696997.881,0.0598,46.791,0.0131,11542630.557,Pipeline Natural Gas,Diesel Oil,Combined cycle,NA,Dry Low NOx Burners|Water Injection|Selective Catalytic Reduction,NA,NA,"ARP, CSNOX, CSOSG2, CSSO2G1, RGGI"
NY,Astoria Energy,55375,CT3,NA,2019,6635,6464.95,1428442.95,NA,3.331,0.001,646593.157,0.0594,45.781,0.0141,10810683.311,Pipeline Natural Gas,Diesel Oil,Combined cycle,NA,Dry Low NOx Burners|Water Injection|Selective Catalytic Reduction,NA,NA,"ARP, CSNOX, CSOSG2, CSSO2G1, RGGI"
NY,Astoria Energy,55375,CT3,NA,2020,6424,6321.96,1480734.85,NA,3.339,0.001,661282.337,0.059,44.424,0.0123,11126413.754,Pipeline Natural Gas,Diesel Oil,Combined cycle,NA,Dry Low NOx Burners|Water Injection|Selective Catalytic Reduction,NA,NA,"ARP, CSNOX, CSOSG2, CSSO2G1, RGGI"
NY,Astoria Energy,55375,CT3,NA,2021,6255,6196.33,1516470.35,NA,3.424,0.001,675713.6,0.0591,38.071,0.0094,11357344.161,Pipeline Natural Gas,Diesel Oil,Combined cycle,NA,Dry Low NOx Burners|Water Injection|Selective Catalytic Reduction,NA,NA,"ARP, CSNOX, CSOSG3, CSSO2G1, RGGI"
NY,Astoria Energy,55375,CT3,NA,2022,7200,7104.89,1817574.9,NA,4.462,0.001,828219.254,0.0604,46.721,0.0101,13646415.318,Pipeline Natural Gas,Diesel Oil,Combined cycle,NA,Dry Low NOx Burners|Water Injection|Selective Catalytic Reduction,NA,NA,"ARP, CSNOX, CSOSG3, CSSO2G1, RGGI"
NY,Astoria Energy,55375,CT3,NA,2023,7591,7560.29,1990864.93,NA,4.407,0.001,869023.865,0.0591,39.748,0.0065,14602167.117,Pipeline Natural Gas,Diesel Oil,Combined cycle,NA,Dry Low NOx Burners|Water Injection|Selective Catalytic Reduction,NA,NA,"ARP, CSNOX, CSOSG3, CSSO2G1, RGGI"
NY,Astoria Energy,55375,CT3,NA,2024,8005,7972.35,2163933.37,NA,4.878,0.001,958742.031,0.0592,47.134,0.0071,16093731.611,Pipeline Natural Gas,Diesel Oil,Combined cycle,NA,Dry Low NOx Burners|Water Injection|Selective Catalytic Reduction,NA,NA,"ARP, CSNOX, CSOSG2E, CSSO2G1, RGGI"
NY,Astoria Energy,55375,CT4,NA,2011,2983,2852.89,653810.53,NA,1.411,0.001,279460.954,0.059,21.643,0.0148,4702457.809,Pipeline Natural Gas,Diesel Oil,"Combined cycle (Started Apr 05, 2011)",NA,Dry Low NOx Burners|Water Injection|Selective Catalytic Reduction,NA,NA,"ARP, CAIRNOX, CAIROS, CAIRSO2, RGGI"
NY,Astoria Energy,55375,CT4,NA,2012,7084,7007.69,1659288.49,NA,3.514,0.001,694780.889,0.059,40.582,0.0099,11690496.267,Pipeline Natural Gas,Diesel Oil,Combined cycle,NA,Dry Low NOx Burners|Water Injection|Selective Catalytic Reduction,NA,NA,"ARP, CAIRNOX, CAIROS, CAIRSO2, RGGI"
NY,Astoria Energy,55375,CT4,NA,2013,7030,6950.57,1679184.71,NA,4.116,0.0011,700499.848,0.0592,42.114,0.0105,11742312.653,Pipeline Natural Gas,Diesel Oil,Combined cycle,NA,Dry Low NOx Burners|Water Injection|Selective Catalytic Reduction,NA,NA,"ARP, CAIRNOX, CAIROS, CAIRSO2, RGGI"
NY,Astoria Energy,55375,CT4,NA,2014,6849,6793.14,1643822.31,NA,4.329,0.0012,685032.267,0.0594,36.36,0.0086,11459889.775,Pipeline Natural Gas,Diesel Oil,Combined cycle,NA,Dry Low NOx Burners|Water Injection|Selective Catalytic Reduction,NA,NA,"ARP, CAIRNOX, CAIROS, CAIRSO2, RGGI"
NY,Astoria Energy,55375,CT4,NA,2015,7570,7504.04,1716242.98,NA,5.563,0.0013,738954.907,0.0598,44.03,0.0091,12293039.386,Pipeline Natural Gas,Diesel Oil,Combined cycle,NA,Dry Low NOx Burners|Water Injection|Selective Catalytic Reduction,NA,NA,"ARP, CSNOX, CSNOXOS, CSSO2G1, RGGI"
NY,Astoria Energy,55375,CT4,NA,2016,6823,6643.81,1513094.41,NA,3.288,0.001,649603.74,0.0593,42.924,0.0134,10885038.182,Pipeline Natural Gas,Diesel Oil,Combined cycle,NA,Dry Low NOx Burners|Water Injection|Selective Catalytic Reduction,NA,NA,"ARP, CSNOX, CSNOXOS, CSSO2G1, RGGI"
NY,Astoria Energy,55375,CT4,NA,2017,5973,5755.72,1333483.21,NA,2.89,0.001,572113.964,0.0594,43.592,0.0165,9567106.139,Pipeline Natural Gas,Diesel Oil,Combined cycle,NA,Dry Low NOx Burners|Water Injection|Selective Catalytic Reduction,NA,NA,"ARP, CSNOX, CSOSG2, CSSO2G1, RGGI"
NY,Astoria Energy,55375,CT4,NA,2018,6089,5966.73,1343295.44,NA,3.03,0.001,598530.181,0.0591,44.521,0.0144,10059886.748,Pipeline Natural Gas,Diesel Oil,Combined cycle,NA,Dry Low NOx Burners|Water Injection|Selective Catalytic Reduction,NA,NA,"ARP, CSNOX, CSOSG2, CSSO2G1, RGGI"
NY,Astoria Energy,55375,CT4,NA,2019,6828,6672.37,1470678.98,NA,3.387,0.001,656704.408,0.0595,50.439,0.0157,10975947.032,Pipeline Natural Gas,Diesel Oil,Combined cycle,NA,Dry Low NOx Burners|Water Injection|Selective Catalytic Reduction,NA,NA,"ARP, CSNOX, CSOSG2, CSSO2G1, RGGI"
NY,Astoria Energy,55375,CT4,NA,2020,6532,6429.23,1503828.67,NA,3.341,0.001,661612.731,0.059,46.445,0.0137,11131868.794,Pipeline Natural Gas,Diesel Oil,Combined cycle,NA,Dry Low NOx Burners|Water Injection|Selective Catalytic Reduction,NA,NA,"ARP, CSNOX, CSOSG2, CSSO2G1, RGGI"
NY,Astoria Energy,55375,CT4,NA,2021,5901,5832.81,1436718.27,NA,3.2,0.001,630019.856,0.0591,40.787,0.0116,10581732.612,Pipeline Natural Gas,Diesel Oil,Combined cycle,NA,Dry Low NOx Burners|Water Injection|Selective Catalytic Reduction,NA,NA,"ARP, CSNOX, CSOSG3, CSSO2G1, RGGI"
NY,Astoria Energy,55375,CT4,NA,2022,7350,7266.91,1880978.03,NA,4.531,0.001,845775.288,0.0602,49.929,0.01,13961110.861,Pipeline Natural Gas,Diesel Oil,Combined cycle,NA,Dry Low NOx Burners|Water Injection|Selective Catalytic Reduction,NA,NA,"ARP, CSNOX, CSOSG3, CSSO2G1, RGGI"
NY,Astoria Energy,55375,CT4,NA,2023,7841,7799.54,2041033.23,NA,4.497,0.001,886547.942,0.0591,42.535,0.0072,14895084.676,Pipeline Natural Gas,Diesel Oil,Combined cycle,NA,Dry Low NOx Burners|Water Injection|Selective Catalytic Reduction,NA,NA,"ARP, CSNOX, CSOSG3, CSSO2G1, RGGI"
NY,Astoria Energy,55375,CT4,NA,2024,7341,7301.36,1984053.35,NA,4.36,0.001,863083.733,0.059,42.17,0.0074,14520321.024,Pipeline Natural Gas,Diesel Oil,Combined cycle,NA,Dry Low NOx Burners|Water Injection|Selective Catalytic Reduction,NA,NA,"ARP, CSNOX, CSOSG2E, CSSO2G1, RGGI"
NY,Athens Generating Company,55405,1,NA,2003,1414,1390.75,232009.5,NA,0.78,0.001,154513.7,0.059,77.977,0.0966,2599987.075,Pipeline Natural Gas,Diesel Oil,"Combined cycle (Started Jun 27, 2003)",NA,Dry Low NOx Burners|Water Injection|Selective Catalytic Reduction,NA,NA,"ARP, NBP"
NY,Athens Generating Company,55405,1,NA,2004,2964,2899,594937.25,NA,1.862,0.001,368822.275,0.059,43.284,0.0227,6206173.55,Pipeline Natural Gas,Diesel Oil,Combined cycle,NA,Dry Low NOx Burners|Water Injection|Selective Catalytic Reduction,NA,NA,"ARP, NBP"
NY,Athens Generating Company,55405,1,NA,2005,1223,1168.75,328701.75,NA,0.702,0.001,139026.625,0.059,28.14,0.0428,2339389,Pipeline Natural Gas,Diesel Oil,Combined cycle,NA,Dry Low NOx Burners|Water Injection|Selective Catalytic Reduction,NA,NA,"ARP, NBP"
NY,Athens Generating Company,55405,1,NA,2006,4502,4418.59,1402421.64,NA,2.908,0.001,576152.844,0.059,49.309,0.0162,9694997.891,Pipeline Natural Gas,Diesel Oil,Combined cycle,NA,Dry Low NOx Burners|Water Injection|Selective Catalytic Reduction,NA,NA,"ARP, NBP"
NY,Athens Generating Company,55405,1,NA,2007,4013,3947.99,1258655.53,NA,2.621,0.001,519191.14,0.059,36.859,0.0128,8736420.894,Pipeline Natural Gas,Diesel Oil,Combined cycle,NA,Dry Low NOx Burners|Water Injection|Selective Catalytic Reduction,NA,NA,"ARP, NBP"
NY,Athens Generating Company,55405,1,NA,2008,6613,6540.11,2136172.28,NA,4.409,0.001,867675.279,0.059,59.665,0.0108,14600314.534,Pipeline Natural Gas,Diesel Oil,Combined cycle,NA,Dry Low NOx Burners|Water Injection|Selective Catalytic Reduction,NA,NA,"ARP, CAIRNOX, CAIROS, NBP"
NY,Athens Generating Company,55405,1,NA,2009,7034,6995.22,2296093.09,NA,4.712,0.001,933116.34,0.059,55.249,0.0085,15701468.844,Pipeline Natural Gas,Diesel Oil,Combined cycle,NA,Dry Low NOx Burners|Water Injection|Selective Catalytic Reduction,NA,NA,"ARP, CAIRNOX, CAIROS, CAIRSO2, RGGI"
NY,Athens Generating Company,55405,1,NA,2010,6937,6906.15,2283868.66,NA,4.668,0.001,924638.458,0.059,51.732,0.008,15558761.567,Pipeline Natural Gas,Diesel Oil,Combined cycle,NA,Dry Low NOx Burners|Water Injection|Selective Catalytic Reduction,NA,NA,"ARP, CAIRNOX, CAIROS, CAIRSO2, RGGI"
NY,Athens Generating Company,55405,1,NA,2011,1513,1487.63,462381.28,NA,0.963,0.001,190679.003,0.059,18.141,0.0175,3208589.672,Pipeline Natural Gas,Diesel Oil,Combined cycle,NA,Dry Low NOx Burners|Water Injection|Selective Catalytic Reduction,NA,NA,"ARP, CAIRNOX, CAIROS, CAIRSO2, RGGI"
NY,Athens Generating Company,55405,1,NA,2012,4955,4921.85,1561235.04,NA,3.202,0.001,634232.047,0.059,40.542,0.0096,10672138.485,Pipeline Natural Gas,Diesel Oil,Combined cycle,NA,Dry Low NOx Burners|Water Injection|Selective Catalytic Reduction,NA,NA,"ARP, CAIRNOX, CAIROS, CAIRSO2, RGGI"
NY,Athens Generating Company,55405,1,NA,2013,2759,2686.47,833028.84,NA,1.719,0.001,340487.976,0.059,34.448,0.0184,5729352.379,Pipeline Natural Gas,Diesel Oil,Combined cycle,NA,Dry Low NOx Burners|Water Injection|Selective Catalytic Reduction,NA,NA,"ARP, CAIRNOX, CAIROS, CAIRSO2, RGGI"
NY,Athens Generating Company,55405,1,NA,2014,3490,3457.56,1076939.64,NA,2.204,0.001,436504.121,0.059,31.204,0.0117,7344948.874,Pipeline Natural Gas,Diesel Oil,Combined cycle,NA,Dry Low NOx Burners|Water Injection|Selective Catalytic Reduction,NA,NA,"ARP, CAIRNOX, CAIROS, CAIRSO2, RGGI"
NY,Athens Generating Company,55405,1,NA,2015,4853,4749.67,1460144.74,NA,3.008,0.001,595794.07,0.059,46.969,0.0151,10025373.747,Pipeline Natural Gas,Diesel Oil,Combined cycle,NA,Dry Low NOx Burners|Water Injection|Selective Catalytic Reduction,NA,NA,"ARP, CSNOX, CSNOXOS, CSSO2G1, RGGI"
NY,Athens Generating Company,55405,1,NA,2016,4722,4605.27,1415175.16,NA,2.947,0.001,583755.327,0.059,47.318,0.0159,9822763.443,Pipeline Natural Gas,Diesel Oil,Combined cycle,NA,Dry Low NOx Burners|Water Injection|Selective Catalytic Reduction,NA,NA,"ARP, CSNOX, CSNOXOS, CSSO2G1, RGGI"
NY,Athens Generating Company,55405,1,NA,2017,5549,5434.59,1739147.84,NA,3.587,0.001,710443.125,0.059,51.098,0.0136,11954552.511,Pipeline Natural Gas,Diesel Oil,Combined cycle,NA,Dry Low NOx Burners|Water Injection|Selective Catalytic Reduction,NA,NA,"ARP, CSNOX, CSOSG2, CSSO2G1, RGGI"
NY,Athens Generating Company,55405,1,NA,2018,4747,4687.06,1483452.54,NA,3.053,0.001,604776.407,0.059,41.389,0.0119,10176431.309,Pipeline Natural Gas,Diesel Oil,Combined cycle,NA,Dry Low NOx Burners|Water Injection|Selective Catalytic Reduction,NA,NA,"ARP, CSNOX, CSOSG2, CSSO2G1, RGGI"
NY,Athens Generating Company,55405,1,NA,2019,3886,3854.4,1175512.28,NA,2.428,0.001,480939.256,0.059,30.652,0.0102,8092731.939,Pipeline Natural Gas,Diesel Oil,Combined cycle,NA,Dry Low NOx Burners|Water Injection|Selective Catalytic Reduction,NA,NA,"ARP, CSNOX, CSOSG2, CSSO2G1, RGGI"
NY,Athens Generating Company,55405,1,NA,2020,1732,1715.31,551691.23,NA,1.145,0.001,226806.617,0.059,15.04,0.0114,3816437.165,Pipeline Natural Gas,Diesel Oil,Combined cycle,NA,Dry Low NOx Burners|Water Injection|Selective Catalytic Reduction,NA,NA,"ARP, CSNOX, CSOSG2, CSSO2G1, RGGI"
NY,Athens Generating Company,55405,1,NA,2021,2214,2158.18,667001.36,NA,1.408,0.001,278845.304,0.059,21.748,0.0157,4692097.215,Pipeline Natural Gas,Diesel Oil,Combined cycle,NA,Dry Low NOx Burners|Water Injection|Selective Catalytic Reduction,NA,NA,"ARP, CSNOX, CSOSG3, CSSO2G1, RGGI"
NY,Athens Generating Company,55405,1,NA,2022,4968,4920.14,1628076.03,NA,3.379,0.001,669301.138,0.059,40.065,0.0097,11262260.741,Pipeline Natural Gas,Diesel Oil,Combined cycle,NA,Dry Low NOx Burners|Water Injection|Selective Catalytic Reduction,NA,NA,"ARP, CSNOX, CSOSG3, CSSO2G1, RGGI"
NY,Athens Generating Company,55405,1,NA,2023,1573,1557.09,481531.23,NA,1.015,0.001,201131.158,0.059,14.711,0.0125,3384437.579,Pipeline Natural Gas,Diesel Oil,Combined cycle,NA,Dry Low NOx Burners|Water Injection|Selective Catalytic Reduction,NA,NA,"ARP, CSNOX, CSOSG3, CSSO2G1, RGGI"
NY,Athens Generating Company,55405,1,NA,2024,3027,3015.78,989832.66,NA,2.053,0.001,406700.509,0.059,23.552,0.0084,6843452.457,Pipeline Natural Gas,Diesel Oil,Combined cycle,NA,Dry Low NOx Burners|Water Injection|Selective Catalytic Reduction,NA,NA,"ARP, CSNOX, CSOSG2E, CSSO2G1, RGGI"
NY,Athens Generating Company,55405,2,NA,2003,1988,1954.75,351060.25,NA,1.163,0.001,230427.225,0.059,76.509,0.0676,3877388,Pipeline Natural Gas,Diesel Oil,"Combined cycle (Started May 12, 2003)",NA,Dry Low NOx Burners|Water Injection|Selective Catalytic Reduction,NA,NA,"ARP, NBP"
NY,Athens Generating Company,55405,2,NA,2004,3619,3527.25,730028.25,NA,2.298,0.001,455124.775,0.059,50.119,0.022,7658348.9,Pipeline Natural Gas,Diesel Oil,Combined cycle,NA,Dry Low NOx Burners|Water Injection|Selective Catalytic Reduction,NA,NA,"ARP, NBP"
NY,Athens Generating Company,55405,2,NA,2005,3876,3839,1198970,NA,2.518,0.001,498823.125,0.059,39,0.0129,8393639.975,Pipeline Natural Gas,Diesel Oil,Combined cycle,NA,Dry Low NOx Burners|Water Injection|Selective Catalytic Reduction,NA,NA,"ARP, NBP"
NY,Athens Generating Company,55405,2,NA,2006,4514,4439.32,1384905.64,NA,2.909,0.001,576314.853,0.059,46.188,0.0151,9697607.113,Pipeline Natural Gas,Diesel Oil,Combined cycle,NA,Dry Low NOx Burners|Water Injection|Selective Catalytic Reduction,NA,NA,"ARP, NBP"
NY,Athens Generating Company,55405,2,NA,2007,5922,5866.45,1869480.04,NA,3.906,0.001,773702.335,0.059,53.589,0.0117,13019062.09,Pipeline Natural Gas,Diesel Oil,Combined cycle,NA,Dry Low NOx Burners|Water Injection|Selective Catalytic Reduction,NA,NA,"ARP, NBP"
NY,Athens Generating Company,55405,2,NA,2008,5272,5175.16,1639953.66,NA,3.414,0.001,674042.658,0.059,50.209,0.0128,11342062.498,Pipeline Natural Gas,Diesel Oil,Combined cycle,NA,Dry Low NOx Burners|Water Injection|Selective Catalytic Reduction,NA,NA,"ARP, CAIRNOX, CAIROS, NBP"
NY,Athens Generating Company,55405,2,NA,2009,5125,5081.95,1633602.57,NA,3.352,0.001,664423.763,0.059,46.256,0.0111,11180133.141,Pipeline Natural Gas,Diesel Oil,Combined cycle,NA,Dry Low NOx Burners|Water Injection|Selective Catalytic Reduction,NA,NA,"ARP, CAIRNOX, CAIROS, CAIRSO2, RGGI"
NY,Athens Generating Company,55405,2,NA,2010,5730,5706.15,1867046.78,NA,3.807,0.001,754101.519,0.059,40.044,0.0076,12689202.307,Pipeline Natural Gas,Diesel Oil,Combined cycle,NA,Dry Low NOx Burners|Water Injection|Selective Catalytic Reduction,NA,NA,"ARP, CAIRNOX, CAIROS, CAIRSO2, RGGI"
NY,Athens Generating Company,55405,2,NA,2011,6239,6211.54,1989363.81,NA,4.064,0.001,805123.545,0.059,43.675,0.0079,13547730.972,Pipeline Natural Gas,Diesel Oil,Combined cycle,NA,Dry Low NOx Burners|Water Injection|Selective Catalytic Reduction,NA,NA,"ARP, CAIRNOX, CAIROS, CAIRSO2, RGGI"
NY,Athens Generating Company,55405,2,NA,2012,6948,6913,2281571.52,NA,4.612,0.001,913603.255,0.059,55.707,0.0088,15373172.173,Pipeline Natural Gas,Diesel Oil,Combined cycle,NA,Dry Low NOx Burners|Water Injection|Selective Catalytic Reduction,NA,NA,"ARP, CAIRNOX, CAIROS, CAIRSO2, RGGI"
NY,Athens Generating Company,55405,2,NA,2013,4671,4576.24,1426968.84,NA,2.948,0.001,583920.67,0.059,48.483,0.0149,9825585.51,Pipeline Natural Gas,Diesel Oil,Combined cycle,NA,Dry Low NOx Burners|Water Injection|Selective Catalytic Reduction,NA,NA,"ARP, CAIRNOX, CAIROS, CAIRSO2, RGGI"
NY,Athens Generating Company,55405,2,NA,2014,2812,2709.5,784466.46,NA,1.652,0.001,327189.503,0.059,39.693,0.0245,5505565.474,Pipeline Natural Gas,Diesel Oil,Combined cycle,NA,Dry Low NOx Burners|Water Injection|Selective Catalytic Reduction,NA,NA,"ARP, CAIRNOX, CAIROS, CAIRSO2, RGGI"
NY,Athens Generating Company,55405,2,NA,2015,4223,4100.41,1242877.9,NA,2.575,0.001,510058.32,0.059,43.526,0.0174,8582704.11,Pipeline Natural Gas,Diesel Oil,Combined cycle,NA,Dry Low NOx Burners|Water Injection|Selective Catalytic Reduction,NA,NA,"ARP, CSNOX, CSNOXOS, CSSO2G1, RGGI"
NY,Athens Generating Company,55405,2,NA,2016,4754,4670.6,1460414.42,NA,2.99,0.001,592295.436,0.059,43.884,0.014,9966507.793,Pipeline Natural Gas,Diesel Oil,Combined cycle,NA,Dry Low NOx Burners|Water Injection|Selective Catalytic Reduction,NA,NA,"ARP, CSNOX, CSNOXOS, CSSO2G1, RGGI"
NY,Athens Generating Company,55405,2,NA,2017,3470,3398.69,1078132.13,NA,2.222,0.001,440251.708,0.059,34.884,0.0162,7408045.845,Pipeline Natural Gas,Diesel Oil,Combined cycle,NA,Dry Low NOx Burners|Water Injection|Selective Catalytic Reduction,NA,NA,"ARP, CSNOX, CSOSG2, CSSO2G1, RGGI"
NY,Athens Generating Company,55405,2,NA,2018,2864,2832.19,898915,NA,1.852,0.001,366903.712,0.059,25.911,0.0127,6173894.417,Pipeline Natural Gas,Diesel Oil,Combined cycle,NA,Dry Low NOx Burners|Water Injection|Selective Catalytic Reduction,NA,NA,"ARP, CSNOX, CSOSG2, CSSO2G1, RGGI"
NY,Athens Generating Company,55405,2,NA,2019,2072,2042.53,594985.43,NA,1.25,0.001,247565.034,0.059,19.983,0.0152,4165772.261,Pipeline Natural Gas,Diesel Oil,Combined cycle,NA,Dry Low NOx Burners|Water Injection|Selective Catalytic Reduction,NA,NA,"ARP, CSNOX, CSOSG2, CSSO2G1, RGGI"
NY,Athens Generating Company,55405,2,NA,2020,1849,1824.75,543530.8,NA,1.141,0.001,225995.829,0.059,16.71,0.0135,3802846.083,Pipeline Natural Gas,Diesel Oil,Combined cycle,NA,Dry Low NOx Burners|Water Injection|Selective Catalytic Reduction,NA,NA,"ARP, CSNOX, CSOSG2, CSSO2G1, RGGI"
NY,Athens Generating Company,55405,2,NA,2021,1271,1246.93,379393,NA,0.806,0.001,159606.276,0.059,13.019,0.0163,2685689.035,Pipeline Natural Gas,Diesel Oil,Combined cycle,NA,Dry Low NOx Burners|Water Injection|Selective Catalytic Reduction,NA,NA,"ARP, CSNOX, CSOSG3, CSSO2G1, RGGI"
NY,Athens Generating Company,55405,2,NA,2022,4533,4465.85,1453577.39,NA,3.029,0.001,600086.133,0.059,36.527,0.011,10097612.289,Pipeline Natural Gas,Diesel Oil,Combined cycle,NA,Dry Low NOx Burners|Water Injection|Selective Catalytic Reduction,NA,NA,"ARP, CSNOX, CSOSG3, CSSO2G1, RGGI"
NY,Athens Generating Company,55405,2,NA,2023,2551,2524.14,811107.03,NA,1.713,0.001,333953.472,0.059,22.849,0.0118,5619171.898,Pipeline Natural Gas,Diesel Oil,Combined cycle,NA,Dry Low NOx Burners|Water Injection|Selective Catalytic Reduction,NA,NA,"ARP, CSNOX, CSOSG3, CSSO2G1, RGGI"
NY,Athens Generating Company,55405,2,NA,2024,4762,4742.46,1544905.36,NA,3.206,0.001,635072.819,0.059,33.628,0.0079,10686290.29,Pipeline Natural Gas,Diesel Oil,Combined cycle,NA,Dry Low NOx Burners|Water Injection|Selective Catalytic Reduction,NA,NA,"ARP, CSNOX, CSOSG2E, CSSO2G1, RGGI"
NY,Athens Generating Company,55405,3,NA,2003,1916,1886,340100.5,NA,1.122,0.001,222356.975,0.059,87.142,0.0765,3741583.95,Pipeline Natural Gas,Diesel Oil,"Combined cycle (Started Apr 04, 2003)",NA,Dry Low NOx Burners|Water Injection|Selective Catalytic Reduction,NA,NA,"ARP, NBP"
NY,Athens Generating Company,55405,3,NA,2004,2704,2642.25,545487.5,NA,1.716,0.001,339905.625,0.059,42.404,0.0242,5719513.95,Pipeline Natural Gas,Diesel Oil,Combined cycle,NA,Dry Low NOx Burners|Water Injection|Selective Catalytic Reduction,NA,NA,"ARP, NBP"
NY,Athens Generating Company,55405,3,NA,2005,4334,4290,1366594.5,NA,2.864,0.001,567359.15,0.059,44.08,0.0131,9546899.45,Pipeline Natural Gas,Diesel Oil,Combined cycle,NA,Dry Low NOx Burners|Water Injection|Selective Catalytic Reduction,NA,NA,"ARP, NBP"
NY,Athens Generating Company,55405,3,NA,2006,5415,5334.77,1695293.46,NA,3.551,0.001,703340.216,0.059,62.13,0.0156,11835034.319,Pipeline Natural Gas,Diesel Oil,Combined cycle,NA,Dry Low NOx Burners|Water Injection|Selective Catalytic Reduction,NA,NA,"ARP, NBP"
NY,Athens Generating Company,55405,3,NA,2007,5843,5803.68,1899223.46,NA,3.974,0.001,787251.783,0.059,54.56,0.0106,13247035.626,Pipeline Natural Gas,Diesel Oil,Combined cycle,NA,Dry Low NOx Burners|Water Injection|Selective Catalytic Reduction,NA,NA,"ARP, NBP"
NY,Athens Generating Company,55405,3,NA,2008,6833,6768.88,2186992.33,NA,4.57,0.001,901363.917,0.059,60.655,0.0105,15167250.492,Pipeline Natural Gas,Diesel Oil,Combined cycle,NA,Dry Low NOx Burners|Water Injection|Selective Catalytic Reduction,NA,NA,"ARP, CAIRNOX, CAIROS, NBP"
NY,Athens Generating Company,55405,3,NA,2009,6238,6194.25,1974026.95,NA,4.054,0.001,802682.751,0.059,55.038,0.0102,13506704.578,Pipeline Natural Gas,Diesel Oil,Combined cycle,NA,Dry Low NOx Burners|Water Injection|Selective Catalytic Reduction,NA,NA,"ARP, CAIRNOX, CAIROS, CAIRSO2, RGGI"
NY,Athens Generating Company,55405,3,NA,2010,6447,6387.89,2064236.94,NA,4.464,0.001,841802.09,0.059,55.552,0.0103,14161754.641,Pipeline Natural Gas,Diesel Oil,Combined cycle,NA,Dry Low NOx Burners|Water Injection|Selective Catalytic Reduction,NA,NA,"ARP, CAIRNOX, CAIROS, CAIRSO2, RGGI"
NY,Athens Generating Company,55405,3,NA,2011,5627,5572.78,1786965.05,NA,3.683,0.001,729574.837,0.059,49.938,0.0113,12276526.857,Pipeline Natural Gas,Diesel Oil,Combined cycle,NA,Dry Low NOx Burners|Water Injection|Selective Catalytic Reduction,NA,NA,"ARP, CAIRNOX, CAIROS, CAIRSO2, RGGI"
NY,Athens Generating Company,55405,3,NA,2012,6042,6011.25,2005896.77,NA,4.049,0.001,802051.037,0.059,54.989,0.0101,13496086.012,Pipeline Natural Gas,Diesel Oil,Combined cycle,NA,Dry Low NOx Burners|Water Injection|Selective Catalytic Reduction,NA,NA,"ARP, CAIRNOX, CAIROS, CAIRSO2, RGGI"
NY,Athens Generating Company,55405,3,NA,2013,4745,4613.85,1416804.7,NA,2.984,0.001,591010.268,0.059,56.15,0.0184,9944858.583,Pipeline Natural Gas,Diesel Oil,Combined cycle,NA,Dry Low NOx Burners|Water Injection|Selective Catalytic Reduction,NA,NA,"ARP, CAIRNOX, CAIROS, CAIRSO2, RGGI"
NY,Athens Generating Company,55405,3,NA,2014,2972,2888.92,863502.02,NA,1.85,0.001,366528.627,0.059,36.979,0.0203,6167549.623,Pipeline Natural Gas,Diesel Oil,Combined cycle,NA,Dry Low NOx Burners|Water Injection|Selective Catalytic Reduction,NA,NA,"ARP, CAIRNOX, CAIROS, CAIRSO2, RGGI"
NY,Athens Generating Company,55405,3,NA,2015,2541,2453.59,742031.22,NA,1.562,0.001,309375.114,0.059,29.465,0.0206,5205802.116,Pipeline Natural Gas,Diesel Oil,Combined cycle,NA,Dry Low NOx Burners|Water Injection|Selective Catalytic Reduction,NA,NA,"ARP, CSNOX, CSNOXOS, CSSO2G1, RGGI"
NY,Athens Generating Company,55405,3,NA,2016,3883,3830.08,1197343.88,NA,2.484,0.001,492092.1,0.059,36.231,0.013,8280350.59,Pipeline Natural Gas,Diesel Oil,Combined cycle,NA,Dry Low NOx Burners|Water Injection|Selective Catalytic Reduction,NA,NA,"ARP, CSNOX, CSNOXOS, CSSO2G1, RGGI"
NY,Athens Generating Company,55405,3,NA,2017,3759,3679.76,1175536.41,NA,2.459,0.001,487012.238,0.059,39.531,0.0162,8194867.579,Pipeline Natural Gas,Diesel Oil,Combined cycle,NA,Dry Low NOx Burners|Water Injection|Selective Catalytic Reduction,NA,NA,"ARP, CSNOX, CSOSG2, CSSO2G1, RGGI"
NY,Athens Generating Company,55405,3,NA,2018,4268,4225.6,1320718.26,NA,2.774,0.001,549412.162,0.059,36.531,0.011,9244870.435,Pipeline Natural Gas,Diesel Oil,Combined cycle,NA,Dry Low NOx Burners|Water Injection|Selective Catalytic Reduction,NA,NA,"ARP, CSNOX, CSOSG2, CSSO2G1, RGGI"
NY,Athens Generating Company,55405,3,NA,2019,3968,3933.51,1218293.56,NA,2.611,0.001,517119.512,0.059,37.317,0.0119,8701527.559,Pipeline Natural Gas,Diesel Oil,Combined cycle,NA,Dry Low NOx Burners|Water Injection|Selective Catalytic Reduction,NA,NA,"ARP, CSNOX, CSOSG2, CSSO2G1, RGGI"
NY,Athens Generating Company,55405,3,NA,2020,2940,2924.91,907680.6,NA,1.944,0.001,385025.031,0.059,26.485,0.0103,6478753.786,Pipeline Natural Gas,Diesel Oil,Combined cycle,NA,Dry Low NOx Burners|Water Injection|Selective Catalytic Reduction,NA,NA,"ARP, CSNOX, CSOSG2, CSSO2G1, RGGI"
NY,Athens Generating Company,55405,3,NA,2021,2531,2459.83,760733.81,NA,1.648,0.001,326525.325,0.059,28.003,0.0172,5494434.581,Pipeline Natural Gas,Diesel Oil,Combined cycle,NA,Dry Low NOx Burners|Water Injection|Selective Catalytic Reduction,NA,NA,"ARP, CSNOX, CSOSG3, CSSO2G1, RGGI"
NY,Athens Generating Company,55405,3,NA,2022,4197,4164.01,1356456.81,NA,2.843,0.001,563177.516,0.059,36.488,0.0103,9476501.547,Pipeline Natural Gas,Diesel Oil,Combined cycle,NA,Dry Low NOx Burners|Water Injection|Selective Catalytic Reduction,NA,NA,"ARP, CSNOX, CSOSG3, CSSO2G1, RGGI"
NY,Athens Generating Company,55405,3,NA,2023,1884,1846.96,579126.4,NA,1.223,0.001,242192.78,0.059,19.152,0.0155,4075310.112,Pipeline Natural Gas,Diesel Oil,Combined cycle,NA,Dry Low NOx Burners|Water Injection|Selective Catalytic Reduction,NA,NA,"ARP, CSNOX, CSOSG3, CSSO2G1, RGGI"
NY,Athens Generating Company,55405,3,NA,2024,4630,4604.49,1508947.43,NA,3.15,0.001,623910.387,0.059,36.415,0.0085,10498511.829,Pipeline Natural Gas,Diesel Oil,Combined cycle,NA,Dry Low NOx Burners|Water Injection|Selective Catalytic Reduction,NA,NA,"ARP, CSNOX, CSOSG2E, CSSO2G1, RGGI"
NY,Binghamton Cogen Plant,55600,1,NA,2002,500,500,15729,NA,0.05,0.0046,9515.1,0.0546,10.257,0.2842,161408.6,Pipeline Natural Gas,Diesel Oil,Combustion turbine,NA,Steam Injection,NA,NA,ARP
NY,Binghamton Cogen Plant,55600,1,NA,2003,260,260,9448,NA,0.026,6e-4,5437.9,0.0562,3.82,0.1735,92178.7,Pipeline Natural Gas,Diesel Oil,Combustion turbine,NA,Steam Injection,NA,NA,"ARP, NBP"
NY,Binghamton Cogen Plant,55600,1,NA,2004,38,38,755,NA,0.002,4e-4,489.6,0.0511,0.957,0.4906,8309.3,Pipeline Natural Gas,Diesel Oil,Combustion turbine,NA,Steam Injection,NA,NA,"ARP, NBP"
NY,Binghamton Cogen Plant,55600,1,NA,2005,605,605,19858,NA,0.058,0.002,12094.8,0.0555,10.941,0.2337,204893.6,Pipeline Natural Gas,Diesel Oil,Combustion turbine,NA,Steam Injection,NA,NA,"ARP, NBP"
NY,Binghamton Cogen Plant,55600,1,NA,2006,362,362,11849,NA,0.039,5e-4,7738.4,0.0563,6.732,0.2304,131142.1,Pipeline Natural Gas,Diesel Oil,Combustion turbine,NA,Steam Injection,NA,NA,"ARP, NBP"
NY,Binghamton Cogen Plant,55600,1,NA,2007,98,98,1933,NA,0.007,0.286,1215.6,0.0384,1.676,0.5409,20618.8,Pipeline Natural Gas,Diesel Oil,Combustion turbine,NA,Steam Injection,NA,NA,"ARP, NBP"
NY,Binghamton Cogen Plant,55600,1,NA,2008,156,156,3001,NA,0.012,0.0646,1971.3,0.0333,1.737,0.5359,33427.8,Pipeline Natural Gas,Diesel Oil,Combustion turbine,NA,Steam Injection,NA,NA,"ARP, CAIRNOX, CAIROS, NBP"
NY,Binghamton Cogen Plant,55600,1,NA,2009,70,61.02,2190.79,NA,0.005,2e-4,1229.6,0.059,1.585,0.2672,20848.2,Pipeline Natural Gas,Diesel Oil,Combustion turbine,NA,Steam Injection,NA,NA,"ARP, CAIRNOX, CAIROS, CAIRSO2, RGGI"
NY,Binghamton Cogen Plant,55600,1,NA,2010,232,197.62,6968.66,NA,0.018,3e-4,4142.4,0.0592,3.609,0.2132,70230.1,Pipeline Natural Gas,Diesel Oil,Combustion turbine,NA,Steam Injection,NA,NA,"ARP, CAIRNOX, CAIROS, CAIRSO2, RGGI"
NY,Binghamton Cogen Plant,55600,1,NA,2011,94,81.39,2930.13,NA,0.008,6e-4,1714.7,0.0592,10.169,0.7009,29053.9,Pipeline Natural Gas,Diesel Oil,Combustion turbine,NA,Steam Injection,NA,NA,"ARP, CAIRNOX, CAIROS, CAIRSO2, RGGI"
NY,Binghamton Cogen Plant,55600,1,NA,2012,0,0,NA,NA,NA,NA,NA,NA,NA,NA,NA,Pipeline Natural Gas,Diesel Oil,Combustion turbine,NA,Steam Injection,NA,NA,"ARP, CAIRNOX, CAIROS, CAIRSO2, RGGI"
NY,Binghamton Cogen Plant,55600,1,NA,2013,0,0,NA,NA,NA,NA,NA,NA,NA,NA,NA,Pipeline Natural Gas,Diesel Oil,Combustion turbine,NA,Steam Injection,NA,NA,"ARP, CAIRNOX, CAIROS, CAIRSO2, RGGI"
NY,Binghamton Cogen Plant,55600,1,NA,2014,38,21.2,123.48,NA,0.002,9e-4,345,0.0589,2.047,0.7,5847.9,Pipeline Natural Gas,Diesel Oil,Combustion turbine,NA,Steam Injection,NA,NA,"ARP, CAIRNOX, CAIROS, CAIRSO2, RGGI"
NY,Binghamton Cogen Plant,55600,1,NA,2015,970,869.32,38068.45,NA,0.111,7e-4,20054.6,0.0591,23.233,0.2157,340237.9,Pipeline Natural Gas,Diesel Oil,Combustion turbine,NA,Steam Injection,NA,NA,"ARP, CSNOX, CSNOXOS, CSSO2G1, RGGI"
NY,Binghamton Cogen Plant,55600,1,NA,2016,897,809.29,31247.55,NA,0.097,6e-4,18187.9,0.0592,15.554,0.2075,308333.4,Pipeline Natural Gas,Diesel Oil,Combustion turbine,NA,Steam Injection,NA,NA,"ARP, CSNOX, CSNOXOS, CSSO2G1, RGGI"
NY,Binghamton Cogen Plant,55600,1,NA,2017,208,142.54,3906.67,NA,0.013,7e-4,2424.6,0.0594,3.14,0.3307,41093.4,Pipeline Natural Gas,Diesel Oil,Combustion turbine,NA,Steam Injection,NA,NA,"ARP, CSNOX, CSOSG2, CSSO2G1, RGGI"
NY,Binghamton Cogen Plant,55600,1,NA,2018,96,88.83,3612.38,NA,0.012,9e-4,2067,0.0587,1.537,0.1644,35040.2,Pipeline Natural Gas,Diesel Oil,Combustion turbine,NA,Steam Injection,NA,NA,ARP
NY,Bayswater Peaking Facility,55699,1,NA,2002,834,708.02,35800.8,NA,0.113,0.001,22426.64,0.0591,12.785,0.075,377376.519,Pipeline Natural Gas,NA,"Combustion turbine (Started Jul 01, 2002)",NA,"Selective Catalytic Reduction (Began Dec 01, 2002)|Water Injection",NA,NA,ARP
NY,Bayswater Peaking Facility,55699,1,NA,2003,1401,1210.07,64152.37,NA,0.203,0.001,40173.155,0.0591,14.45,0.0519,675991.162,Pipeline Natural Gas,NA,Combustion turbine,NA,Selective Catalytic Reduction|Water Injection,NA,NA,"ARP, NBP"
NY,Bayswater Peaking Facility,55699,1,NA,2004,2297,2011.55,108110.98,NA,0.345,0.001,68405.679,0.0591,8.86,0.0215,1151077.658,Pipeline Natural Gas,NA,Combustion turbine,NA,Selective Catalytic Reduction|Water Injection,NA,NA,"ARP, NBP"
NY,Bayswater Peaking Facility,55699,1,NA,2005,1637,1441.19,78559.39,NA,0.249,0.001,49354.118,0.0591,4.239,0.0169,830466.071,Pipeline Natural Gas,NA,Combustion turbine,NA,Selective Catalytic Reduction|Water Injection,NA,NA,"ARP, NBP"
NY,Bayswater Peaking Facility,55699,1,NA,2006,2024,1710.49,91988.65,NA,0.294,0.001,58157.545,0.0591,4.739,0.0187,978651.53,Pipeline Natural Gas,NA,Combustion turbine,NA,Selective Catalytic Reduction|Water Injection,NA,NA,"ARP, NBP"
NY,Bayswater Peaking Facility,55699,1,NA,2007,1379,1153.82,60713.38,NA,0.195,0.001,38625.547,0.0591,3.276,0.0206,649973.974,Pipeline Natural Gas,NA,Combustion turbine,NA,Selective Catalytic Reduction|Water Injection,NA,NA,"ARP, NBP"
NY,Bayswater Peaking Facility,55699,1,NA,2008,1031,833.43,42704.37,NA,0.138,0.001,27279.557,0.0592,3.142,0.037,459002.521,Pipeline Natural Gas,NA,Combustion turbine,NA,Selective Catalytic Reduction|Water Injection,NA,NA,"ARP, CAIRNOX, CAIROS, NBP"
NY,Bayswater Peaking Facility,55699,1,NA,2009,540,446.31,23351.23,NA,0.075,0.001,14919.449,0.0591,1.788,0.0343,251065.749,Pipeline Natural Gas,NA,Combustion turbine,NA,Selective Catalytic Reduction|Water Injection,NA,NA,"ARP, CAIRNOX, CAIROS, CAIRSO2, RGGI"
NY,Bayswater Peaking Facility,55699,1,NA,2010,1346,1179.23,62458.28,NA,0.202,0.001,40095.608,0.0591,3.054,0.0158,674679.812,Pipeline Natural Gas,NA,Combustion turbine,NA,Selective Catalytic Reduction|Water Injection,NA,NA,"ARP, CAIRNOX, CAIROS, CAIRSO2, RGGI"
NY,Bayswater Peaking Facility,55699,1,NA,2011,2093,1854.33,100236.84,NA,0.323,0.001,64019.531,0.0591,4.399,0.0131,1077269.029,Pipeline Natural Gas,NA,Combustion turbine,NA,Selective Catalytic Reduction|Water Injection,NA,NA,"ARP, CAIRNOX, CAIROS, CAIRSO2, RGGI"
NY,Bayswater Peaking Facility,55699,1,NA,2012,2785,2600.4,141295.61,NA,0.455,0.001,90110.159,0.0591,5.868,0.0118,1516281.663,Pipeline Natural Gas,NA,Combustion turbine,NA,Selective Catalytic Reduction|Water Injection,NA,NA,"ARP, CAIRNOX, CAIROS, CAIRSO2, RGGI"
NY,Bayswater Peaking Facility,55699,1,NA,2013,3483,3148.78,165228.31,NA,0.538,0.001,106565.613,0.0591,8.579,0.0168,1793142.216,Pipeline Natural Gas,NA,Combustion turbine,NA,Selective Catalytic Reduction|Water Injection,NA,NA,"ARP, CAIRNOX, CAIROS, CAIRSO2, RGGI"
NY,Bayswater Peaking Facility,55699,1,NA,2014,4723,4306.97,238764.72,NA,0.768,0.001,152145.995,0.0591,12.124,0.0148,2560106.724,Pipeline Natural Gas,NA,Combustion turbine,NA,Selective Catalytic Reduction|Water Injection,NA,NA,"ARP, CAIRNOX, CAIROS, CAIRSO2, RGGI"
NY,Bayswater Peaking Facility,55699,1,NA,2015,4644,4209.54,237208.77,NA,0.761,0.001,150747.305,0.0591,10.768,0.0142,2536654.247,Pipeline Natural Gas,NA,Combustion turbine,NA,Selective Catalytic Reduction|Water Injection,NA,NA,"ARP, CSNOX, CSNOXOS, CSSO2G1, RGGI"
NY,Bayswater Peaking Facility,55699,1,NA,2016,4482,4101.53,225482.31,NA,0.718,0.001,142251.082,0.0591,11.238,0.017,2393577.966,Pipeline Natural Gas,NA,Combustion turbine,NA,Selective Catalytic Reduction|Water Injection,NA,NA,"ARP, CSNOX, CSNOXOS, CSSO2G1, RGGI"
NY,Bayswater Peaking Facility,55699,1,NA,2017,2280,1975.78,106047.82,NA,0.34,0.001,67286.89,0.0591,9.237,0.0203,1132221.703,Pipeline Natural Gas,NA,Combustion turbine,NA,Selective Catalytic Reduction|Water Injection,NA,NA,"ARP, CSNOX, CSOSG2, CSSO2G1, RGGI"
NY,Bayswater Peaking Facility,55699,1,NA,2018,3127,2777.91,149962.51,NA,0.488,0.001,96596.741,0.0591,7.179,0.0118,1625430.601,Pipeline Natural Gas,NA,Combustion turbine,NA,Selective Catalytic Reduction|Water Injection,NA,NA,"ARP, CSNOX, CSOSG2, CSSO2G1, RGGI"
NY,Bayswater Peaking Facility,55699,1,NA,2019,2613,2308.71,126793.7,NA,0.409,0.001,81081.649,0.0591,6.513,0.0118,1364364.19,Pipeline Natural Gas,NA,Combustion turbine,NA,Selective Catalytic Reduction|Water Injection,NA,NA,"ARP, CSNOX, CSOSG2, CSSO2G1, RGGI"
NY,Bayswater Peaking Facility,55699,1,NA,2020,2013,1753.51,94299.06,NA,0.31,0.001,61427.216,0.0591,4.398,0.0116,1033635.197,Pipeline Natural Gas,NA,Combustion turbine,NA,Selective Catalytic Reduction|Water Injection,NA,NA,"ARP, CSNOX, CSOSG2, CSSO2G1, RGGI"
NY,Bayswater Peaking Facility,55699,1,NA,2021,1951,1616.17,87796.03,NA,0.286,0.001,56600.447,0.0591,4.688,0.0137,952407.834,Pipeline Natural Gas,NA,Combustion turbine,NA,Selective Catalytic Reduction|Water Injection,NA,NA,"ARP, CSNOX, CSOSG3, CSSO2G1, RGGI"
NY,Bayswater Peaking Facility,55699,1,NA,2022,1382,1035.48,52530.05,NA,0.168,0.001,33369.426,0.0592,3.36,0.0167,561514.731,Pipeline Natural Gas,NA,Combustion turbine,NA,Selective Catalytic Reduction|Water Injection,NA,NA,"ARP, CSNOX, CSOSG3, CSSO2G1, RGGI"
NY,Bayswater Peaking Facility,55699,1,NA,2023,2346,1950.99,69096.84,NA,0.231,0.001,45802.452,0.0593,4.158,0.0141,770577.949,Pipeline Natural Gas,NA,Combustion turbine,NA,Selective Catalytic Reduction|Water Injection,NA,NA,"ARP, CSNOX, CSOSG3, CSSO2G1, RGGI"
NY,Bayswater Peaking Facility,55699,1,NA,2024,1229,981.38,47685.18,NA,0.155,0.001,30783.829,0.0592,2.668,0.0139,517960.748,Pipeline Natural Gas,NA,Combustion turbine,NA,Selective Catalytic Reduction|Water Injection,NA,NA,"ARP, CSNOX, CSOSG2E, CSSO2G1, RGGI"
NY,Bayswater Peaking Facility,55699,2,NA,2003,626,516.68,25913.67,NA,4.304,0.03,23208.328,0.081,7.073,0.0652,286020.725,Diesel Oil,Pipeline Natural Gas,"Combustion turbine (Started Jun 22, 2003)",NA,Water Injection|Selective Catalytic Reduction,NA,NA,"ARP, NBP"
NY,Bayswater Peaking Facility,55699,2,NA,2004,437,348.77,17604.2,NA,3.478,0.0385,14631.229,0.081,2.444,0.049,180308.683,Diesel Oil,Pipeline Natural Gas,Combustion turbine,NA,Water Injection|Selective Catalytic Reduction,NA,NA,"ARP, NBP"
NY,Bayswater Peaking Facility,55699,2,NA,2005,717,620.94,32498.68,NA,6.641,0.04,26791.012,0.081,4.046,0.0338,330168.225,Diesel Oil,Pipeline Natural Gas,Combustion turbine,NA,Water Injection|Selective Catalytic Reduction,NA,NA,"ARP, NBP"
NY,Bayswater Peaking Facility,55699,2,NA,2006,495,422.5,22218.76,NA,4.568,0.04,18453.732,0.081,4.102,0.0572,227409.727,Diesel Oil,Pipeline Natural Gas,Combustion turbine,NA,Water Injection|Selective Catalytic Reduction,NA,NA,"ARP, NBP"
NY,Bayswater Peaking Facility,55699,2,NA,2007,529,442.16,22461.54,NA,4.643,0.04,18772.45,0.081,4.013,0.0511,231356.934,Diesel Oil,Pipeline Natural Gas,Combustion turbine,NA,Water Injection|Selective Catalytic Reduction,NA,NA,"ARP, NBP"
NY,Bayswater Peaking Facility,55699,2,NA,2008,238,179.74,8921.24,NA,1.865,0.04,7508.401,0.081,1.63,0.0591,92530.571,Diesel Oil,Pipeline Natural Gas,Combustion turbine,NA,Water Injection|Selective Catalytic Reduction,NA,NA,"ARP, CAIRNOX, CAIROS, NBP"
NY,Bayswater Peaking Facility,55699,2,NA,2009,249,190.85,9633.88,NA,1.534,0.0308,8057.337,0.081,3.219,0.2062,99295.689,Diesel Oil,Pipeline Natural Gas,Combustion turbine,NA,Water Injection|Selective Catalytic Reduction,NA,NA,"ARP, CAIRNOX, CAIROS, CAIRSO2, RGGI"
NY,Bayswater Peaking Facility,55699,2,NA,2010,449,390.96,20031.04,NA,2.954,0.0281,17005.036,0.081,2.933,0.053,209567.051,Diesel Oil,Pipeline Natural Gas,Combustion turbine,NA,Water Injection|Selective Catalytic Reduction,NA,NA,"ARP, CAIRNOX, CAIROS, CAIRSO2, RGGI"
NY,Bayswater Peaking Facility,55699,2,NA,2011,229,186.22,9309.64,NA,1.532,0.0315,7866.454,0.081,2.894,0.0906,96937.898,Diesel Oil,Pipeline Natural Gas,Combustion turbine,NA,Water Injection|Selective Catalytic Reduction,NA,NA,"ARP, CAIRNOX, CAIROS, CAIRSO2, RGGI"
NY,Bayswater Peaking Facility,55699,2,NA,2012,191,142.63,6989.67,NA,1.189,0.032,6003.659,0.081,1.574,0.098,73988.992,Diesel Oil,Pipeline Natural Gas,Combustion turbine,NA,Water Injection|Selective Catalytic Reduction,NA,NA,"ARP, CAIRNOX, CAIROS, CAIRSO2, RGGI"
NY,Bayswater Peaking Facility,55699,2,NA,2013,470,374.13,18740.65,NA,0.428,0.0041,16080.816,0.081,3.391,0.0635,198175.758,Diesel Oil,Pipeline Natural Gas,Combustion turbine,NA,Water Injection|Selective Catalytic Reduction,NA,NA,"ARP, CAIRNOX, CAIROS, CAIRSO2, RGGI"
NY,Bayswater Peaking Facility,55699,2,NA,2014,445,342.77,17112.53,NA,0.275,0.003,14375.378,0.081,3.269,0.0754,177164.478,Diesel Oil,Pipeline Natural Gas,Combustion turbine,NA,Water Injection|Selective Catalytic Reduction,NA,NA,"ARP, CAIRNOX, CAIROS, CAIRSO2, RGGI"
NY,Bayswater Peaking Facility,55699,2,NA,2015,515,398.06,19635.38,NA,0.112,0.001,16224.889,0.081,3.19,0.0577,199968.352,Diesel Oil,Pipeline Natural Gas,Combustion turbine,NA,Water Injection|Selective Catalytic Reduction,NA,NA,"ARP, CSNOX, CSNOXOS, CSSO2G1, RGGI"
NY,Bayswater Peaking Facility,55699,2,NA,2016,268,202.92,9691.07,NA,0.056,0.001,8490.206,0.081,1.531,0.046,104627.102,Diesel Oil,Pipeline Natural Gas,Combustion turbine,NA,Water Injection|Selective Catalytic Reduction,NA,NA,"ARP, CSNOX, CSNOXOS, CSSO2G1, RGGI"
NY,Bayswater Peaking Facility,55699,2,NA,2017,194,147.74,7165.96,NA,0.034,0.001,6231.984,0.081,1.132,0.0596,76809.549,Diesel Oil,Pipeline Natural Gas,Combustion turbine,NA,Water Injection|Selective Catalytic Reduction,NA,NA,"ARP, CSNOX, CSOSG2, CSSO2G1, RGGI"
NY,Bayswater Peaking Facility,55699,2,NA,2018,232,185.9,9218.22,NA,0.035,0.001,7876.325,0.081,1.365,0.0373,97063.664,Diesel Oil,Pipeline Natural Gas,Combustion turbine,NA,Water Injection|Selective Catalytic Reduction,NA,NA,"ARP, CSNOX, CSOSG2, CSSO2G1, RGGI"
NY,Bayswater Peaking Facility,55699,2,NA,2019,204,166.99,8267.41,NA,0.037,0.001,7530.854,0.081,1.202,0.0349,92817.715,Diesel Oil,Pipeline Natural Gas,Combustion turbine,NA,Water Injection|Selective Catalytic Reduction,NA,NA,"ARP, CSNOX, CSOSG2, CSSO2G1, RGGI"
NY,Bayswater Peaking Facility,55699,2,NA,2020,483,412.93,19890.8,NA,0.109,0.001,18779.681,0.0799,2.693,0.0326,234356.994,Diesel Oil,Pipeline Natural Gas,Combustion turbine,NA,Water Injection|Selective Catalytic Reduction,NA,NA,"ARP, CSNOX, CSOSG2, CSSO2G1, RGGI"
NY,Bayswater Peaking Facility,55699,2,NA,2021,858,716,37592.12,NA,0.127,0.001,24630.601,0.0609,2.172,0.014,404191.344,Diesel Oil,Pipeline Natural Gas,Combustion turbine,NA,Water Injection|Selective Catalytic Reduction,NA,NA,"ARP, CSNOX, CSOSG3, CSSO2G1, RGGI"
NY,Bayswater Peaking Facility,55699,2,NA,2022,1618,1274.44,65524.4,NA,0.213,0.001,42112.394,0.0596,3.788,0.0159,705505.765,Diesel Oil,Pipeline Natural Gas,Combustion turbine,NA,Water Injection|Selective Catalytic Reduction,NA,NA,"ARP, CSNOX, CSOSG3, CSSO2G1, RGGI"
NY,Bayswater Peaking Facility,55699,2,NA,2023,1362,1064.81,54438.55,NA,0.204,0.0025,37355.998,0.0629,4.1,0.0204,593639.24,Diesel Oil,Pipeline Natural Gas,Combustion turbine,NA,Water Injection|Selective Catalytic Reduction,NA,NA,"ARP, CSNOX, CSOSG3, CSSO2G1, RGGI"
NY,Bayswater Peaking Facility,55699,2,NA,2024,776,602.08,26185.91,NA,0.09,0.001,17454.587,0.0606,2.063,0.0245,286704.291,Diesel Oil,Pipeline Natural Gas,Combustion turbine,NA,Water Injection|Selective Catalytic Reduction,NA,NA,"ARP, CSNOX, CSOSG2E, CSSO2G1, RGGI"
NY,Edgewood Energy,55786,CT01,NA,2002,1025,834.98,31954.81,NA,0.098,0.001,19327.65,0.0592,4.292,0.0646,325250.871,Pipeline Natural Gas,NA,"Combustion turbine (Started Jul 15, 2002)",NA,Water Injection|Selective Catalytic Reduction,NA,NA,ARP
NY,Edgewood Energy,55786,CT01,NA,2003,1578,1288.28,50544.39,NA,0.153,0.001,30286.727,0.0592,2.491,0.0358,509657.913,Pipeline Natural Gas,NA,Combustion turbine,NA,Water Injection|Selective Catalytic Reduction,NA,NA,"ARP, NBP"
NY,Edgewood Energy,55786,CT01,NA,2004,2131,1761,70704.07,NA,0.21,0.001,41538.628,0.0592,2.62,0.0233,698951.834,Pipeline Natural Gas,NA,Combustion turbine,NA,Water Injection|Selective Catalytic Reduction,NA,NA,"ARP, NBP"
NY,Edgewood Energy,55786,CT01,NA,2005,2801,2316.79,92218.13,NA,0.278,0.001,55108.929,0.0593,3.775,0.0193,927290.301,Pipeline Natural Gas,NA,Combustion turbine,NA,Water Injection|Selective Catalytic Reduction,NA,NA,"ARP, NBP"
NY,Edgewood Energy,55786,CT01,NA,2006,3133,2635.15,105483.77,NA,0.32,0.001,63332.548,0.0592,4.16,0.0166,1065691.587,Pipeline Natural Gas,NA,Combustion turbine,NA,Water Injection|Selective Catalytic Reduction,NA,NA,"ARP, NBP"
NY,Edgewood Energy,55786,CT01,NA,2007,3060,2518.96,100957.15,NA,0.301,0.001,59695.274,0.0593,4.177,0.0171,1004457.85,Pipeline Natural Gas,NA,Combustion turbine,NA,Water Injection|Selective Catalytic Reduction,NA,NA,"ARP, NBP"
NY,Edgewood Energy,55786,CT01,NA,2008,1890,1551.81,61868.69,NA,0.183,0.001,36270.149,0.0592,2.454,0.015,610318.937,Pipeline Natural Gas,NA,Combustion turbine,NA,Water Injection|Selective Catalytic Reduction,NA,NA,"ARP, CAIRNOX, CAIROS, NBP"
NY,Edgewood Energy,55786,CT01,NA,2009,968,762.51,30123.8,NA,0.091,0.001,17998.669,0.0592,1.428,0.0183,302880.697,Pipeline Natural Gas,NA,Combustion turbine,NA,Water Injection|Selective Catalytic Reduction,NA,NA,"ARP, CAIRNOX, CAIROS, CAIRSO2, RGGI"
NY,Edgewood Energy,55786,CT01,NA,2010,2138,1788.9,71784.68,NA,0.216,0.001,42696.494,0.0592,2.907,0.0142,718486.218,Pipeline Natural Gas,NA,Combustion turbine,NA,Water Injection|Selective Catalytic Reduction,NA,NA,"ARP, CAIRNOX, CAIROS, CAIRSO2, RGGI"
NY,Edgewood Energy,55786,CT01,NA,2011,2301,1983.73,79814.75,NA,0.242,0.001,47899.568,0.0593,3.488,0.0125,805817.677,Pipeline Natural Gas,NA,Combustion turbine,NA,Water Injection|Selective Catalytic Reduction,NA,NA,"ARP, CAIRNOX, CAIROS, CAIRSO2, RGGI"
NY,Edgewood Energy,55786,CT01,NA,2012,2983,2625.69,104600.97,NA,0.316,0.001,62599.399,0.0592,5.095,0.0135,1053338.983,Pipeline Natural Gas,NA,Combustion turbine,NA,Water Injection|Selective Catalytic Reduction,NA,NA,"ARP, CAIRNOX, CAIROS, CAIRSO2, RGGI"
NY,Edgewood Energy,55786,CT01,NA,2013,3081,2705.05,111643.08,NA,0.332,0.001,65706.811,0.0592,5.029,0.0189,1105597.763,Pipeline Natural Gas,NA,Combustion turbine,NA,Water Injection|Selective Catalytic Reduction,NA,NA,"ARP, CAIRNOX, CAIROS, CAIRSO2, RGGI"
NY,Edgewood Energy,55786,CT01,NA,2014,2400,2118.96,90009.29,NA,0.275,0.001,54509.716,0.0592,4.031,0.0159,917245.491,Pipeline Natural Gas,NA,Combustion turbine,NA,Water Injection|Selective Catalytic Reduction,NA,NA,"ARP, CAIRNOX, CAIROS, CAIRSO2, RGGI"
NY,Edgewood Energy,55786,CT01,NA,2015,1831,1523.25,66578.14,NA,0.2,0.001,39606.397,0.0592,3.664,0.0193,666467.034,Pipeline Natural Gas,NA,Combustion turbine,NA,Water Injection|Selective Catalytic Reduction,NA,NA,"ARP, CSNOX, CSNOXOS, CSSO2G1, RGGI"
NY,Edgewood Energy,55786,CT01,NA,2016,1557,1259.97,54815.85,NA,0.165,0.001,32602.849,0.0592,2.707,0.0188,548597.662,Pipeline Natural Gas,NA,Combustion turbine,NA,Water Injection|Selective Catalytic Reduction,NA,NA,"ARP, CSNOX, CSNOXOS, CSSO2G1, RGGI"
NY,Edgewood Energy,55786,CT01,NA,2017,1204,926.79,38619.37,NA,0.117,0.001,23160.136,0.0592,2.251,0.0334,389717.741,Pipeline Natural Gas,NA,Combustion turbine,NA,Water Injection|Selective Catalytic Reduction,NA,NA,"ARP, CSNOX, CSOSG2, CSSO2G1, RGGI"
NY,Edgewood Energy,55786,CT01,NA,2018,1730,1375.01,56413.65,NA,0.171,0.001,33902.873,0.0592,3.213,0.0296,570479.835,Pipeline Natural Gas,NA,Combustion turbine,NA,Water Injection|Selective Catalytic Reduction,NA,NA,"ARP, CSNOX, CSOSG2, CSSO2G1, RGGI"
NY,Edgewood Energy,55786,CT01,NA,2019,984,809.97,33333.18,NA,0.099,0.001,19551.553,0.0592,1.951,0.0207,328953.191,Pipeline Natural Gas,NA,Combustion turbine,NA,Water Injection|Selective Catalytic Reduction,NA,NA,"ARP, CSNOX, CSOSG2, CSSO2G1, RGGI"
NY,Edgewood Energy,55786,CT01,NA,2020,1340,1059.14,44145.93,NA,0.136,0.001,26889.041,0.0592,2.199,0.0246,452463.457,Pipeline Natural Gas,NA,Combustion turbine,NA,Water Injection|Selective Catalytic Reduction,NA,NA,"ARP, CSNOX, CSOSG2, CSSO2G1, RGGI"
NY,Edgewood Energy,55786,CT01,NA,2021,2242,1826.9,78579.09,NA,0.239,0.001,47244.749,0.0592,3.668,0.017,794973.591,Pipeline Natural Gas,NA,Combustion turbine,NA,Water Injection|Selective Catalytic Reduction,NA,NA,"ARP, CSNOX, CSOSG3, CSSO2G1, RGGI"
NY,Edgewood Energy,55786,CT01,NA,2022,2257,1793.38,76621.59,NA,0.232,0.001,45880.754,0.0592,4.347,0.0202,772035.912,Pipeline Natural Gas,NA,Combustion turbine,NA,Water Injection|Selective Catalytic Reduction,NA,NA,"ARP, CSNOX, CSOSG3, CSSO2G1, RGGI"
NY,Edgewood Energy,55786,CT01,NA,2023,1694,1301.78,55349.22,NA,0.167,0.001,33070.805,0.0592,3.029,0.0203,556489.074,Pipeline Natural Gas,NA,Combustion turbine,NA,Water Injection|Selective Catalytic Reduction,NA,NA,"ARP, CSNOX, CSOSG3, CSSO2G1, RGGI"
NY,Edgewood Energy,55786,CT01,NA,2024,673,481.11,19620.07,NA,0.06,0.001,11873.026,0.0592,1.429,0.0277,199798.72,Pipeline Natural Gas,NA,Combustion turbine,NA,Water Injection|Selective Catalytic Reduction,NA,NA,"ARP, CSNOX, CSOSG2E, CSSO2G1, RGGI"
NY,Edgewood Energy,55786,CT02,NA,2002,1102,910.95,35292.83,NA,0.105,0.001,20867.775,0.0593,4.519,0.0726,351129.721,Pipeline Natural Gas,NA,"Combustion turbine (Started Jul 15, 2002)",NA,Water Injection|Selective Catalytic Reduction,NA,NA,ARP
NY,Edgewood Energy,55786,CT02,NA,2003,1814,1506.78,60489.6,NA,0.181,0.001,35766.095,0.0592,2.746,0.0367,601825.775,Pipeline Natural Gas,NA,Combustion turbine,NA,Water Injection|Selective Catalytic Reduction,NA,NA,"ARP, NBP"
NY,Edgewood Energy,55786,CT02,NA,2004,2039,1681.81,67059.47,NA,0.2,0.001,39581.285,0.0592,2.671,0.0262,666041.275,Pipeline Natural Gas,NA,Combustion turbine,NA,Water Injection|Selective Catalytic Reduction,NA,NA,"ARP, NBP"
NY,Edgewood Energy,55786,CT02,NA,2005,2584,2127.5,85039.34,NA,0.255,0.001,50551.968,0.0592,3.521,0.0222,850634.159,Pipeline Natural Gas,NA,Combustion turbine,NA,Water Injection|Selective Catalytic Reduction,NA,NA,"ARP, NBP"
NY,Edgewood Energy,55786,CT02,NA,2006,2968,2483.6,98919.14,NA,0.297,0.001,58748.927,0.0592,3.786,0.0173,988595.316,Pipeline Natural Gas,NA,Combustion turbine,NA,Water Injection|Selective Catalytic Reduction,NA,NA,"ARP, NBP"
NY,Edgewood Energy,55786,CT02,NA,2007,2876,2372.81,95042.18,NA,0.269,0.001,53347.838,0.0592,3.274,0.0176,897709.093,Pipeline Natural Gas,NA,Combustion turbine,NA,Water Injection|Selective Catalytic Reduction,NA,NA,"ARP, NBP"
NY,Edgewood Energy,55786,CT02,NA,2008,1676,1365.19,54330.15,NA,0.164,0.001,32508.658,0.0593,2.106,0.0161,546991.2,Pipeline Natural Gas,NA,Combustion turbine,NA,Water Injection|Selective Catalytic Reduction,NA,NA,"ARP, CAIRNOX, CAIROS, NBP"
NY,Edgewood Energy,55786,CT02,NA,2009,811,634.67,25019.66,NA,0.076,0.001,15016.685,0.0593,0.976,0.0162,252671.269,Pipeline Natural Gas,NA,Combustion turbine,NA,Water Injection|Selective Catalytic Reduction,NA,NA,"ARP, CAIRNOX, CAIROS, CAIRSO2, RGGI"
NY,Edgewood Energy,55786,CT02,NA,2010,2133,1792.77,71597.3,NA,0.22,0.001,43493.214,0.0592,2.881,0.0144,731866.317,Pipeline Natural Gas,NA,Combustion turbine,NA,Water Injection|Selective Catalytic Reduction,NA,NA,"ARP, CAIRNOX, CAIROS, CAIRSO2, RGGI"
NY,Edgewood Energy,55786,CT02,NA,2011,2090,1798.9,71013.05,NA,0.22,0.001,43614.799,0.0592,3.394,0.0136,733894.233,Pipeline Natural Gas,NA,Combustion turbine,NA,Water Injection|Selective Catalytic Reduction,NA,NA,"ARP, CAIRNOX, CAIROS, CAIRSO2, RGGI"
NY,Edgewood Energy,55786,CT02,NA,2012,2892,2570.13,103728.09,NA,0.316,0.001,62622.181,0.0592,4.798,0.0135,1053709.006,Pipeline Natural Gas,NA,Combustion turbine,NA,Water Injection|Selective Catalytic Reduction,NA,NA,"ARP, CAIRNOX, CAIROS, CAIRSO2, RGGI"
NY,Edgewood Energy,55786,CT02,NA,2013,2964,2611.91,108912.26,NA,0.334,0.001,66065.978,0.0592,5.367,0.018,1111647.642,Pipeline Natural Gas,NA,Combustion turbine,NA,Water Injection|Selective Catalytic Reduction,NA,NA,"ARP, CAIRNOX, CAIROS, CAIRSO2, RGGI"
NY,Edgewood Energy,55786,CT02,NA,2014,2576,2250.26,97939.24,NA,0.297,0.001,58796.941,0.0592,4.689,0.0174,989362.4,Pipeline Natural Gas,NA,Combustion turbine,NA,Water Injection|Selective Catalytic Reduction,NA,NA,"ARP, CAIRNOX, CAIROS, CAIRSO2, RGGI"
NY,Edgewood Energy,55786,CT02,NA,2015,1757,1475.82,64178.47,NA,0.194,0.001,38362.478,0.0592,3.471,0.0189,645541.182,Pipeline Natural Gas,NA,Combustion turbine,NA,Water Injection|Selective Catalytic Reduction,NA,NA,"ARP, CSNOX, CSNOXOS, CSSO2G1, RGGI"
NY,Edgewood Energy,55786,CT02,NA,2016,1551,1253.04,54120.93,NA,0.163,0.001,32238.493,0.0592,3.086,0.0266,542495.928,Pipeline Natural Gas,NA,Combustion turbine,NA,Water Injection|Selective Catalytic Reduction,NA,NA,"ARP, CSNOX, CSNOXOS, CSSO2G1, RGGI"
NY,Edgewood Energy,55786,CT02,NA,2017,1103,844.02,36496.34,NA,0.11,0.001,21799.265,0.0593,2.021,0.0302,366782.94,Pipeline Natural Gas,NA,Combustion turbine,NA,Water Injection|Selective Catalytic Reduction,NA,NA,"ARP, CSNOX, CSOSG2, CSSO2G1, RGGI"
NY,Edgewood Energy,55786,CT02,NA,2018,1710,1340.3,56289.46,NA,0.172,0.001,34129.955,0.0592,2.985,0.0277,574304.054,Pipeline Natural Gas,NA,Combustion turbine,NA,Water Injection|Selective Catalytic Reduction,NA,NA,"ARP, CSNOX, CSOSG2, CSSO2G1, RGGI"
NY,Edgewood Energy,55786,CT02,NA,2019,873,711.83,29828.41,NA,0.092,0.001,18282.302,0.0592,2.083,0.0226,307624.49,Pipeline Natural Gas,NA,Combustion turbine,NA,Water Injection|Selective Catalytic Reduction,NA,NA,"ARP, CSNOX, CSOSG2, CSSO2G1, RGGI"
NY,Edgewood Energy,55786,CT02,NA,2020,1248,956.65,40371.84,NA,0.124,0.001,24465.853,0.0592,2.048,0.0244,411681.309,Pipeline Natural Gas,NA,Combustion turbine,NA,Water Injection|Selective Catalytic Reduction,NA,NA,"ARP, CSNOX, CSOSG2, CSSO2G1, RGGI"
NY,Edgewood Energy,55786,CT02,NA,2021,1838,1488.39,62766.63,NA,0.193,0.001,38145.482,0.0592,2.791,0.0159,641884.201,Pipeline Natural Gas,NA,Combustion turbine,NA,Water Injection|Selective Catalytic Reduction,NA,NA,"ARP, CSNOX, CSOSG3, CSSO2G1, RGGI"
NY,Edgewood Energy,55786,CT02,NA,2022,2476,2019.55,85947.46,NA,0.261,0.001,51680.106,0.0592,4.65,0.0169,869592.861,Pipeline Natural Gas,NA,Combustion turbine,NA,Water Injection|Selective Catalytic Reduction,NA,NA,"ARP, CSNOX, CSOSG3, CSSO2G1, RGGI"
NY,Edgewood Energy,55786,CT02,NA,2023,1430,1079.77,45637.89,NA,0.138,0.001,27348.017,0.0592,2.393,0.0208,460204.104,Pipeline Natural Gas,NA,Combustion turbine,NA,Water Injection|Selective Catalytic Reduction,NA,NA,"ARP, CSNOX, CSOSG3, CSSO2G1, RGGI"
NY,Edgewood Energy,55786,CT02,NA,2024,673,511.08,21001.56,NA,0.064,0.001,12629.175,0.0592,1.296,0.022,212512.339,Pipeline Natural Gas,NA,Combustion turbine,NA,Water Injection|Selective Catalytic Reduction,NA,NA,"ARP, CSNOX, CSOSG2E, CSSO2G1, RGGI"
NY,Shoreham Energy,55787,CT01,NA,2002,79,59.83,2178.51,NA,0.361,0.033,1785.008,0.0811,2.112,0.2437,21999.748,Diesel Oil,NA,"Combustion turbine (Started Jul 02, 2002)",NA,Water Injection|Selective Catalytic Reduction,NA,NA,ARP
NY,Shoreham Energy,55787,CT01,NA,2003,581,465.18,17926.53,NA,2.169,0.0267,13231.181,0.081,2.189,0.0633,163051.586,Diesel Oil,NA,Combustion turbine,NA,Water Injection|Selective Catalytic Reduction,NA,NA,"ARP, NBP"
NY,Shoreham Energy,55787,CT01,NA,2004,252,184.47,6867.93,NA,1.221,0.036,5397.494,0.081,0.908,0.0467,66517.907,Diesel Oil,NA,Combustion turbine,NA,Water Injection|Selective Catalytic Reduction,NA,NA,"ARP, NBP"
NY,Shoreham Energy,55787,CT01,NA,2005,686,546.66,20988.07,NA,4.104,0.0393,16765.284,0.081,2.685,0.0406,206623.447,Diesel Oil,NA,Combustion turbine,NA,Water Injection|Selective Catalytic Reduction,NA,NA,"ARP, NBP"
NY,Shoreham Energy,55787,CT01,NA,2006,302,242.95,9414.79,NA,1.755,0.0376,7443.178,0.081,1.263,0.0383,91727.818,Diesel Oil,NA,Combustion turbine,NA,Water Injection|Selective Catalytic Reduction,NA,NA,"ARP, NBP"
NY,Shoreham Energy,55787,CT01,NA,2007,699,585.62,23028.48,NA,4.463,0.04,18039.914,0.081,2.769,0.0338,222318.239,Diesel Oil,NA,Combustion turbine,NA,Water Injection|Selective Catalytic Reduction,NA,NA,"ARP, NBP"
NY,Shoreham Energy,55787,CT01,NA,2008,561,470.67,18357,NA,2.743,0.03,14808.321,0.081,2.482,0.0405,182484.411,Diesel Oil,NA,Combustion turbine,NA,Water Injection|Selective Catalytic Reduction,NA,NA,"ARP, CAIRNOX, CAIROS, NBP"
NY,Shoreham Energy,55787,CT01,NA,2009,290,242.24,9352.79,NA,1.373,0.029,7605.187,0.081,1.438,0.044,93709.82,Diesel Oil,NA,Combustion turbine,NA,Water Injection|Selective Catalytic Reduction,NA,NA,"ARP, CAIRNOX, CAIROS, CAIRSO2, RGGI"
NY,Shoreham Energy,55787,CT01,NA,2010,474,408.09,15929.19,NA,2.3,0.0286,12989.592,0.081,2.111,0.0379,160102.44,Diesel Oil,NA,Combustion turbine,NA,Water Injection|Selective Catalytic Reduction,NA,NA,"ARP, CAIRNOX, CAIROS, CAIRSO2, RGGI"
NY,Shoreham Energy,55787,CT01,NA,2011,339,285.37,11198.72,NA,1.487,0.028,8601.899,0.081,1.451,0.0395,106024.364,Diesel Oil,NA,Combustion turbine,NA,Water Injection|Selective Catalytic Reduction,NA,NA,"ARP, CAIRNOX, CAIROS, CAIRSO2, RGGI"
NY,Shoreham Energy,55787,CT01,NA,2012,346,283.76,10935.01,NA,0.029,7e-4,8212.375,0.0808,1.502,0.0402,101218.433,Diesel Oil,NA,Combustion turbine,NA,Water Injection|Selective Catalytic Reduction,NA,NA,"ARP, CAIRNOX, CAIROS, CAIRSO2, RGGI"
NY,Shoreham Energy,55787,CT01,NA,2013,340,271.13,10461.17,NA,0.054,0.0012,8349.319,0.081,1.83,0.056,102902.923,Diesel Oil,NA,Combustion turbine,NA,Water Injection|Selective Catalytic Reduction,NA,NA,"ARP, CAIRNOX, CAIROS, CAIRSO2, RGGI"
NY,Shoreham Energy,55787,CT01,NA,2014,254,177.68,6729.31,NA,0.028,0.001,5243.482,0.081,1.212,0.0717,64618.738,Diesel Oil,NA,Combustion turbine,NA,Water Injection|Selective Catalytic Reduction,NA,NA,"ARP, CAIRNOX, CAIROS, CAIRSO2, RGGI"
NY,Shoreham Energy,55787,CT01,NA,2015,103,61.8,2308.71,NA,0.009,0.001,1836.35,0.081,0.479,0.1106,22632.016,Diesel Oil,NA,Combustion turbine,NA,Water Injection|Selective Catalytic Reduction,NA,NA,"ARP, CSNOX, CSNOXOS, CSSO2G1, RGGI"
NY,Shoreham Energy,55787,CT01,NA,2016,116,83.14,3232.36,NA,0.044,0.0031,2553.279,0.081,0.527,0.0973,31465.659,Diesel Oil,NA,Combustion turbine,NA,Water Injection|Selective Catalytic Reduction,NA,NA,"ARP, CSNOX, CSNOXOS, CSSO2G1, RGGI"
NY,Shoreham Energy,55787,CT01,NA,2017,88,60.71,2515.83,NA,0.007,6e-4,1953.362,0.081,0.518,0.0867,24074.972,Diesel Oil,NA,Combustion turbine,NA,Water Injection|Selective Catalytic Reduction,NA,NA,"ARP, CSNOX, CSOSG2, CSSO2G1, RGGI"
NY,Shoreham Energy,55787,CT01,NA,2018,163,107.23,4249.98,NA,0.013,0.001,3150.576,0.081,1.034,0.1119,38823.658,Diesel Oil,NA,Combustion turbine,NA,Water Injection|Selective Catalytic Reduction,NA,NA,"ARP, CSNOX, CSOSG2, CSSO2G1, RGGI"
NY,Shoreham Energy,55787,CT01,NA,2019,85,61.2,2482.12,NA,0.007,8e-4,1814.03,0.081,0.918,0.1298,22358.033,Diesel Oil,NA,Combustion turbine,NA,Water Injection|Selective Catalytic Reduction,NA,NA,"ARP, CSNOX, CSOSG2, CSSO2G1, RGGI"
NY,Shoreham Energy,55787,CT01,NA,2020,552,440.97,18407.25,NA,0.059,9e-4,13578.144,0.081,4.227,0.0752,167331.165,Diesel Oil,NA,Combustion turbine,NA,Water Injection|Selective Catalytic Reduction,NA,NA,"ARP, CSNOX, CSOSG2, CSSO2G1, RGGI"
NY,Shoreham Energy,55787,CT01,NA,2021,473,341.68,13624.84,NA,0.034,5e-4,10483.142,0.081,2.876,0.0755,129204.004,Diesel Oil,NA,Combustion turbine,NA,Water Injection|Selective Catalytic Reduction,NA,NA,"ARP, CSNOX, CSOSG3, CSSO2G1, RGGI"
NY,Shoreham Energy,55787,CT01,NA,2022,467,291,11164.34,NA,0.025,6e-4,8533.155,0.081,2.515,0.0851,105162.804,Diesel Oil,NA,Combustion turbine,NA,Water Injection|Selective Catalytic Reduction,NA,NA,"ARP, CSNOX, CSOSG3, CSSO2G1, RGGI"
NY,Shoreham Energy,55787,CT01,NA,2023,268,168.28,6418.27,NA,0.022,9e-4,4966.916,0.081,1.657,0.0989,61215.117,Diesel Oil,NA,Combustion turbine,NA,Water Injection|Selective Catalytic Reduction,NA,NA,"ARP, CSNOX, CSOSG3, CSSO2G1, RGGI"
NY,Shoreham Energy,55787,CT01,NA,2024,48,26.25,997.76,NA,0.004,0.001,794.682,0.0811,0.245,0.1091,9793.593,Diesel Oil,NA,Combustion turbine,NA,Water Injection|Selective Catalytic Reduction,NA,NA,"ARP, CSNOX, CSOSG2E, CSSO2G1, RGGI"
NY,Shoreham Energy,55787,CT02,NA,2002,70,51.11,1914.58,NA,0.322,0.033,1594.294,0.0811,1.763,0.2119,19647.374,Diesel Oil,NA,"Combustion turbine (Started Jul 22, 2002)",NA,Water Injection|Selective Catalytic Reduction,NA,NA,ARP
NY,Shoreham Energy,55787,CT02,NA,2003,568,458.88,17886.62,NA,2.272,0.027,13614.779,0.081,2.195,0.0697,167787.089,Diesel Oil,NA,Combustion turbine,NA,Water Injection|Selective Catalytic Reduction,NA,NA,"ARP, NBP"
NY,Shoreham Energy,55787,CT02,NA,2004,277,206.26,8070.53,NA,1.376,0.0341,6466.291,0.081,0.986,0.049,79688.777,Diesel Oil,NA,Combustion turbine,NA,Water Injection|Selective Catalytic Reduction,NA,NA,"ARP, NBP"
NY,Shoreham Energy,55787,CT02,NA,2005,593,466.63,17811.43,NA,3.609,0.0393,14725.175,0.081,2.316,0.0407,181473.68,Diesel Oil,NA,Combustion turbine,NA,Water Injection|Selective Catalytic Reduction,NA,NA,"ARP, NBP"
NY,Shoreham Energy,55787,CT02,NA,2006,283,223.8,8593.18,NA,1.615,0.0374,6930.979,0.081,1.206,0.043,85416.44,Diesel Oil,NA,Combustion turbine,NA,Water Injection|Selective Catalytic Reduction,NA,NA,"ARP, NBP"
NY,Shoreham Energy,55787,CT02,NA,2007,618,518.32,20145.89,NA,3.923,0.04,15856.855,0.081,2.511,0.0328,195411.578,Diesel Oil,NA,Combustion turbine,NA,Water Injection|Selective Catalytic Reduction,NA,NA,"ARP, NBP"
NY,Shoreham Energy,55787,CT02,NA,2008,561,482.11,18850.16,NA,2.791,0.03,15067.545,0.081,2.328,0.0319,185684.705,Diesel Oil,NA,Combustion turbine,NA,Water Injection|Selective Catalytic Reduction,NA,NA,"ARP, CAIRNOX, CAIROS, NBP"
NY,Shoreham Energy,55787,CT02,NA,2009,306,259.19,10176.64,NA,1.447,0.0288,8048.537,0.081,1.395,0.0367,99191.614,Diesel Oil,NA,Combustion turbine,NA,Water Injection|Selective Catalytic Reduction,NA,NA,"ARP, CAIRNOX, CAIROS, CAIRSO2, RGGI"
NY,Shoreham Energy,55787,CT02,NA,2010,471,402.72,15782.05,NA,2.217,0.0285,12540.623,0.081,1.923,0.0323,154554.014,Diesel Oil,NA,Combustion turbine,NA,Water Injection|Selective Catalytic Reduction,NA,NA,"ARP, CAIRNOX, CAIROS, CAIRSO2, RGGI"
NY,Shoreham Energy,55787,CT02,NA,2011,309,258.66,10028.94,NA,1.417,0.0285,8024.033,0.081,1.206,0.0334,98889.01,Diesel Oil,NA,Combustion turbine,NA,Water Injection|Selective Catalytic Reduction,NA,NA,"ARP, CAIRNOX, CAIROS, CAIRSO2, RGGI"
NY,Shoreham Energy,55787,CT02,NA,2012,351,286.76,10933.38,NA,0.025,7e-4,8185.854,0.0809,1.324,0.0442,100889.767,Diesel Oil,NA,Combustion turbine,NA,Water Injection|Selective Catalytic Reduction,NA,NA,"ARP, CAIRNOX, CAIROS, CAIRSO2, RGGI"
NY,Shoreham Energy,55787,CT02,NA,2013,307,242.03,9372.19,NA,0.046,0.0012,7527.215,0.081,1.408,0.0503,92772.85,Diesel Oil,NA,Combustion turbine,NA,Water Injection|Selective Catalytic Reduction,NA,NA,"ARP, CAIRNOX, CAIROS, CAIRSO2, RGGI"
NY,Shoreham Energy,55787,CT02,NA,2014,252,167.1,6259.31,NA,0.026,9e-4,4925.809,0.081,1.931,0.1213,60712.158,Diesel Oil,NA,Combustion turbine,NA,Water Injection|Selective Catalytic Reduction,NA,NA,"ARP, CAIRNOX, CAIROS, CAIRSO2, RGGI"
NY,Shoreham Energy,55787,CT02,NA,2015,94,59.08,2209.32,NA,0.01,0.001,2032.841,0.081,0.461,0.0837,25051.472,Diesel Oil,NA,Combustion turbine,NA,Water Injection|Selective Catalytic Reduction,NA,NA,"ARP, CSNOX, CSNOXOS, CSSO2G1, RGGI"
NY,Shoreham Energy,55787,CT02,NA,2016,109,79.19,3080.72,NA,0.049,0.0032,3272.576,0.081,0.701,0.0816,40327.684,Diesel Oil,NA,Combustion turbine,NA,Water Injection|Selective Catalytic Reduction,NA,NA,"ARP, CSNOX, CSNOXOS, CSSO2G1, RGGI"
NY,Shoreham Energy,55787,CT02,NA,2017,77,50.85,2096.87,NA,0.006,7e-4,1617.22,0.081,0.441,0.076,19931.126,Diesel Oil,NA,Combustion turbine,NA,Water Injection|Selective Catalytic Reduction,NA,NA,"ARP, CSNOX, CSOSG2, CSSO2G1, RGGI"
NY,Shoreham Energy,55787,CT02,NA,2018,167,107.44,4144.99,NA,0.014,0.001,3232.68,0.081,1.382,0.1353,39841.21,Diesel Oil,NA,Combustion turbine,NA,Water Injection|Selective Catalytic Reduction,NA,NA,"ARP, CSNOX, CSOSG2, CSSO2G1, RGGI"
NY,Shoreham Energy,55787,CT02,NA,2019,86,59.91,2381.68,NA,0.007,8e-4,1876.514,0.081,0.786,0.1198,23127.634,Diesel Oil,NA,Combustion turbine,NA,Water Injection|Selective Catalytic Reduction,NA,NA,"ARP, CSNOX, CSOSG2, CSSO2G1, RGGI"
NY,Shoreham Energy,55787,CT02,NA,2020,569,428.59,17987.24,NA,0.059,8e-4,14054.304,0.081,3.53,0.0718,173187.006,Diesel Oil,NA,Combustion turbine,NA,Water Injection|Selective Catalytic Reduction,NA,NA,"ARP, CSNOX, CSOSG2, CSSO2G1, RGGI"
NY,Shoreham Energy,55787,CT02,NA,2021,404,286.54,11532.17,NA,0.029,5e-4,9051.763,0.081,2.194,0.0659,111547.12,Diesel Oil,NA,Combustion turbine,NA,Water Injection|Selective Catalytic Reduction,NA,NA,"ARP, CSNOX, CSOSG3, CSSO2G1, RGGI"
NY,Shoreham Energy,55787,CT02,NA,2022,414,259.22,10139.91,NA,0.024,6e-4,7890.644,0.081,2.232,0.0831,97253.04,Diesel Oil,NA,Combustion turbine,NA,Water Injection|Selective Catalytic Reduction,NA,NA,"ARP, CSNOX, CSOSG3, CSSO2G1, RGGI"
NY,Shoreham Energy,55787,CT02,NA,2023,268,182.19,7257.91,NA,0.025,9e-4,5676.067,0.081,1.672,0.0712,69944.781,Diesel Oil,NA,Combustion turbine,NA,Water Injection|Selective Catalytic Reduction,NA,NA,"ARP, CSNOX, CSOSG3, CSSO2G1, RGGI"
NY,Shoreham Energy,55787,CT02,NA,2024,27,13.82,508.22,NA,0.002,0.001,415.629,0.0811,0.154,0.1322,5122.906,Diesel Oil,NA,Combustion turbine,NA,Water Injection|Selective Catalytic Reduction,NA,NA,"ARP, CSNOX, CSOSG2E, CSSO2G1, RGGI"
NY,"Hawkeye Energy Greenport, LLC",55969,U-01,NA,2003,880,773.16,32061.36,NA,7.258,0.0381,29464.893,0.0774,4.527,0.0529,363120.256,Diesel Oil,NA,"Combustion turbine (Started Jun 23, 2003)",NA,Water Injection|Selective Catalytic Reduction,NA,NA,"ARP, NBP"
NY,"Hawkeye Energy Greenport, LLC",55969,U-01,NA,2004,821,711.4,29784.89,NA,6.733,0.0397,27429.067,0.0805,4.302,0.0435,338019.813,Diesel Oil,NA,Combustion turbine,NA,Water Injection|Selective Catalytic Reduction,NA,NA,"ARP, NBP"
NY,"Hawkeye Energy Greenport, LLC",55969,U-01,NA,2005,1194,1066.91,49650.23,NA,10.738,0.04,43313.842,0.0809,6.139,0.0304,533831.713,Diesel Oil,NA,Combustion turbine,NA,Water Injection|Selective Catalytic Reduction,NA,NA,"ARP, NBP"
NY,"Hawkeye Energy Greenport, LLC",55969,U-01,NA,2006,854,770.75,37088.34,NA,5.792,0.03,31191.006,0.0812,4.47,0.033,384385.391,Diesel Oil,NA,Combustion turbine,NA,Water Injection|Selective Catalytic Reduction,NA,NA,"ARP, NBP"
NY,"Hawkeye Energy Greenport, LLC",55969,U-01,NA,2007,1715,1574.74,77671.32,NA,16.179,0.0399,65184.132,0.0811,9.285,0.0305,803318.576,Diesel Oil,NA,Combustion turbine,NA,Water Injection|Selective Catalytic Reduction,NA,NA,"ARP, NBP"
NY,"Hawkeye Energy Greenport, LLC",55969,U-01,NA,2008,1808,1693.87,77914.87,NA,16.525,0.0399,66914.321,0.081,10.135,0.0294,824263.234,Diesel Oil,NA,Combustion turbine,NA,Water Injection|Selective Catalytic Reduction,NA,NA,"ARP, CAIRNOX, CAIROS, NBP"
NY,"Hawkeye Energy Greenport, LLC",55969,U-01,NA,2009,1141,1055,49088.75,NA,7.297,0.0299,39208.55,0.081,5.897,0.0363,483212.25,Diesel Oil,NA,Combustion turbine,NA,Water Injection|Selective Catalytic Reduction,NA,NA,"ARP, CAIRNOX, CAIROS, CAIRSO2, RGGI"
NY,"Hawkeye Energy Greenport, LLC",55969,U-01,NA,2010,884,807.5,37791.5,NA,5.749,0.0305,30463.325,0.0809,4.51,0.0361,375430.85,Diesel Oil,NA,Combustion turbine,NA,Water Injection|Selective Catalytic Reduction,NA,NA,"ARP, CAIRNOX, CAIROS, CAIRSO2, RGGI"
NY,"Hawkeye Energy Greenport, LLC",55969,U-01,NA,2011,621,550.75,25326.5,NA,3.619,0.0297,19416.475,0.0808,2.988,0.0432,239282.05,Diesel Oil,NA,Combustion turbine,NA,Water Injection|Selective Catalytic Reduction,NA,NA,"ARP, CAIRNOX, CAIROS, CAIRSO2, RGGI"
NY,"Hawkeye Energy Greenport, LLC",55969,U-01,NA,2012,546,483.5,21411.5,NA,3.065,0.0297,16542.6,0.0803,2.522,0.0407,203864.725,Diesel Oil,NA,Combustion turbine,NA,Water Injection|Selective Catalytic Reduction,NA,NA,"ARP, CAIRNOX, CAIROS, CAIRSO2, RGGI"
NY,"Hawkeye Energy Greenport, LLC",55969,U-01,NA,2013,708,629.5,30123.25,NA,4.441,0.0299,23961.15,0.0808,3.467,0.0378,295280.575,Diesel Oil,NA,Combustion turbine,NA,Water Injection|Selective Catalytic Reduction,NA,NA,"ARP, CAIRNOX, CAIROS, CAIRSO2, RGGI"
NY,"Hawkeye Energy Greenport, LLC",55969,U-01,NA,2014,396,312.25,14392.25,NA,0.251,0.0035,11006,0.081,1.634,0.0643,135643.8,Diesel Oil,NA,Combustion turbine,NA,Water Injection|Selective Catalytic Reduction,NA,NA,"ARP, CAIRNOX, CAIROS, CAIRSO2, RGGI"
NY,"Hawkeye Energy Greenport, LLC",55969,U-01,NA,2015,572,480,22080.25,NA,0.107,9e-4,16586.275,0.081,2.68,0.0501,204414.35,Diesel Oil,NA,Combustion turbine,NA,Water Injection|Selective Catalytic Reduction,NA,NA,"ARP, CSNOX, CSNOXOS, CSSO2G1, RGGI"
NY,"Hawkeye Energy Greenport, LLC",55969,U-01,NA,2016,385,338.75,13988.75,NA,0.072,9e-4,11915.725,0.081,1.815,0.042,146858.4,Diesel Oil,NA,Combustion turbine,NA,Water Injection|Selective Catalytic Reduction,NA,NA,"ARP, CSNOX, CSNOXOS, CSSO2G1, RGGI"
NY,"Hawkeye Energy Greenport, LLC",55969,U-01,NA,2017,243,205.25,9657,NA,0.046,9e-4,7386.125,0.0807,1.283,0.0624,91024.025,Diesel Oil,NA,Combustion turbine,NA,Water Injection|Selective Catalytic Reduction,NA,NA,"ARP, CSNOX, CSOSG2, CSSO2G1, RGGI"
NY,"Hawkeye Energy Greenport, LLC",55969,U-01,NA,2018,618,540,26056.25,NA,0.1,9e-4,21030.8,0.0809,3.388,0.0561,259189.425,Diesel Oil,NA,Combustion turbine,NA,Water Injection|Selective Catalytic Reduction,NA,NA,"ARP, CSNOX, CSOSG2, CSSO2G1, RGGI"
NY,"Hawkeye Energy Greenport, LLC",55969,U-01,NA,2019,757,642.33,31760.59,NA,0.119,0.001,25446.459,0.081,4.092,0.0438,313598.485,Diesel Oil,NA,Combustion turbine,NA,Water Injection|Selective Catalytic Reduction,NA,NA,"ARP, CSNOX, CSOSG2, CSSO2G1, RGGI"
NY,"Hawkeye Energy Greenport, LLC",55969,U-01,NA,2020,1220,1085.61,53172.09,NA,0.263,0.001,44926.808,0.081,6.804,0.0348,553676.246,Diesel Oil,NA,Combustion turbine,NA,Water Injection|Selective Catalytic Reduction,NA,NA,"ARP, CSNOX, CSOSG2, CSSO2G1, RGGI"
NY,"Hawkeye Energy Greenport, LLC",55969,U-01,NA,2021,801,667.95,31528.29,NA,0.161,0.001,26808.199,0.081,4.275,0.0457,330392.356,Diesel Oil,NA,Combustion turbine,NA,Water Injection|Selective Catalytic Reduction,NA,NA,"ARP, CSNOX, CSOSG3, CSSO2G1, RGGI"
NY,"Hawkeye Energy Greenport, LLC",55969,U-01,NA,2022,849,676.57,32036.97,NA,0.165,0.001,28069.081,0.081,4.893,0.0518,345937.523,Diesel Oil,NA,Combustion turbine,NA,Water Injection|Selective Catalytic Reduction,NA,NA,"ARP, CSNOX, CSOSG3, CSSO2G1, RGGI"
NY,"Hawkeye Energy Greenport, LLC",55969,U-01,NA,2023,433,352.35,16585.5,NA,0.085,0.001,14140.644,0.081,2.555,0.0524,174273.84,Diesel Oil,NA,Combustion turbine,NA,Water Injection|Selective Catalytic Reduction,NA,NA,"ARP, CSNOX, CSOSG3, CSSO2G1, RGGI"
NY,"Hawkeye Energy Greenport, LLC",55969,U-01,NA,2024,668,539.5,25160.76,NA,0.105,0.001,22077.566,0.081,4.218,0.057,272080.606,Diesel Oil,NA,Combustion turbine,NA,Water Injection|Selective Catalytic Reduction,NA,NA,"ARP, CSNOX, CSOSG2E, CSSO2G1, RGGI"
NY,Equus  Power I,56032,0001,NA,2004,1336,1164.75,44954,NA,0.634,0.0031,31985.85,0.0601,17.022,0.0779,551583.45,Pipeline Natural Gas,Diesel Oil,"Combustion turbine (Started Jun 17, 2004)",NA,Water Injection|Selective Catalytic Reduction,NA,NA,"ARP, NBP"
NY,Equus  Power I,56032,0001,NA,2005,3187,2729,128453.5,NA,1.005,0.002,77746.025,0.0596,7.957,0.0198,1299699.775,Pipeline Natural Gas,Diesel Oil,Combustion turbine,NA,Water Injection|Selective Catalytic Reduction,NA,NA,"ARP, NBP"
NY,Equus  Power I,56032,0001,NA,2006,2568,2179.75,100852.5,NA,2.163,0.0043,62662.3,0.0607,7.579,0.0264,1026625.775,Pipeline Natural Gas,Diesel Oil,Combustion turbine,NA,Water Injection|Selective Catalytic Reduction,NA,NA,"ARP, NBP"
NY,Equus  Power I,56032,0001,NA,2007,2993,2573.5,117956.75,NA,0.715,0.0018,71122.975,0.0596,7.749,0.0258,1190355.825,Pipeline Natural Gas,Diesel Oil,Combustion turbine,NA,Water Injection|Selective Catalytic Reduction,NA,NA,"ARP, NBP"
NY,Equus  Power I,56032,0001,NA,2008,2116,1781.25,80849,NA,0.297,0.0011,48910.7,0.0594,4.69,0.0244,819960.625,Pipeline Natural Gas,Diesel Oil,Combustion turbine,NA,Water Injection|Selective Catalytic Reduction,NA,NA,"ARP, CAIRNOX, CAIROS, NBP"
NY,Equus  Power I,56032,0001,NA,2009,1496,1202.5,53309,NA,0.226,0.0012,31902.825,0.0597,3.934,0.0339,532708.125,Pipeline Natural Gas,Diesel Oil,Combustion turbine,NA,Water Injection|Selective Catalytic Reduction,NA,NA,"ARP, CAIRNOX, CAIROS, CAIRSO2, RGGI"
NY,Equus  Power I,56032,0001,NA,2010,1842,1551.5,71550.75,NA,0.226,0.001,42028.575,0.0592,3.985,0.0287,707180.775,Pipeline Natural Gas,Diesel Oil,Combustion turbine,NA,Water Injection|Selective Catalytic Reduction,NA,NA,"ARP, CAIRNOX, CAIROS, CAIRSO2, RGGI"
NY,Equus  Power I,56032,0001,NA,2011,2490,2109.5,99007.25,NA,0.343,0.0011,58025.2,0.0593,5.158,0.0268,975065.775,Pipeline Natural Gas,Diesel Oil,Combustion turbine,NA,Water Injection|Selective Catalytic Reduction,NA,NA,"ARP, CAIRNOX, CAIROS, CAIRSO2, RGGI"
NY,Equus  Power I,56032,0001,NA,2012,1662,1415.75,66433.25,NA,0.204,0.001,38059.875,0.0592,3.721,0.0329,640421.1,Pipeline Natural Gas,Diesel Oil,Combustion turbine,NA,Water Injection|Selective Catalytic Reduction,NA,NA,"ARP, CAIRNOX, CAIROS, CAIRSO2, RGGI"
NY,Equus  Power I,56032,0001,NA,2013,2754,2394.5,114802.75,NA,0.348,0.001,67686.675,0.0592,6.272,0.0258,1138996.45,Pipeline Natural Gas,Diesel Oil,Combustion turbine,NA,Water Injection|Selective Catalytic Reduction,NA,NA,"ARP, CAIRNOX, CAIROS, CAIRSO2, RGGI"
NY,Equus  Power I,56032,0001,NA,2014,2692,2330.75,110740.25,NA,0.66,0.0016,66203.725,0.0605,7.018,0.0284,1090445.1,Pipeline Natural Gas,Diesel Oil,Combustion turbine,NA,Water Injection|Selective Catalytic Reduction,NA,NA,"ARP, CAIRNOX, CAIROS, CAIRSO2, RGGI"
NY,Equus  Power I,56032,0001,NA,2015,3356,2930.5,138161,NA,0.694,0.0014,82829.725,0.0603,8.836,0.0271,1373475.275,Pipeline Natural Gas,Diesel Oil,Combustion turbine,NA,Water Injection|Selective Catalytic Reduction,NA,NA,"ARP, CSNOX, CSNOXOS, CSSO2G1, RGGI"
NY,Equus  Power I,56032,0001,NA,2016,3059,2659.75,123686,NA,0.392,0.001,73562.4,0.0593,7.227,0.0246,1237327.35,Pipeline Natural Gas,Diesel Oil,Combustion turbine,NA,Water Injection|Selective Catalytic Reduction,NA,NA,"ARP, CSNOX, CSNOXOS, CSSO2G1, RGGI"
NY,Equus  Power I,56032,0001,NA,2017,2435,2043.5,91055,NA,0.321,0.001,54431.25,0.0594,5.733,0.0231,913692.025,Pipeline Natural Gas,Diesel Oil,Combustion turbine,NA,Water Injection|Selective Catalytic Reduction,NA,NA,"ARP, CSNOX, CSOSG2, CSSO2G1, RGGI"
NY,Equus  Power I,56032,0001,NA,2018,1249,952.75,40471,NA,0.158,0.0011,24671.275,0.0596,3.474,0.0276,413114.475,Pipeline Natural Gas,Diesel Oil,Combustion turbine,NA,Water Injection|Selective Catalytic Reduction,NA,NA,"ARP, CSNOX, CSOSG2, CSSO2G1, RGGI"
NY,Equus  Power I,56032,0001,NA,2019,1355,933.2,41818.15,NA,0.131,0.001,24764.017,0.0592,2.481,0.0279,416554.794,Pipeline Natural Gas,Diesel Oil,Combustion turbine,NA,Water Injection|Selective Catalytic Reduction,NA,NA,"ARP, CSNOX, CSOSG2, CSSO2G1, RGGI"
NY,Equus  Power I,56032,0001,NA,2020,1789,1353.45,61601.84,NA,0.184,0.001,36532.631,0.0592,4.295,0.0333,614735.087,Pipeline Natural Gas,Diesel Oil,Combustion turbine,NA,Water Injection|Selective Catalytic Reduction,NA,NA,"ARP, CSNOX, CSOSG2, CSSO2G1, RGGI"
NY,Equus  Power I,56032,0001,NA,2021,2258,1794.69,82338.27,NA,0.28,0.0011,48729.506,0.0593,5.491,0.0316,819101.058,Pipeline Natural Gas,Diesel Oil,Combustion turbine,NA,Water Injection|Selective Catalytic Reduction,NA,NA,"ARP, CSNOX, CSOSG3, CSSO2G1, RGGI"
NY,Equus  Power I,56032,0001,NA,2022,1869,1455.22,66010.01,NA,0.214,0.0011,39009.158,0.0592,4.924,0.0252,655982.291,Pipeline Natural Gas,Diesel Oil,Combustion turbine,NA,Water Injection|Selective Catalytic Reduction,NA,NA,"ARP, CSNOX, CSOSG3, CSSO2G1, RGGI"
NY,Equus  Power I,56032,0001,NA,2023,1640,1266.87,57166.65,NA,0.17,0.001,33757.621,0.0592,4.185,0.0276,568045.282,Pipeline Natural Gas,Diesel Oil,Combustion turbine,NA,Water Injection|Selective Catalytic Reduction,NA,NA,"ARP, CSNOX, CSOSG3, CSSO2G1, RGGI"
NY,Equus  Power I,56032,0001,NA,2024,1330,1039,47435.66,NA,0.147,0.001,28545.435,0.0594,3.002,0.0254,478635.502,Pipeline Natural Gas,Diesel Oil,Combustion turbine,NA,Water Injection|Selective Catalytic Reduction,NA,NA,"ARP, CSNOX, CSOSG2E, CSSO2G1, RGGI"
NY,Pinelawn Power,56188,00001,NA,2005,2441,2223.07,120079.01,NA,0.327,0.0011,83578.852,0.0879,4.53,0.0154,950451.896,Pipeline Natural Gas,Other Oil,"Combined cycle (Started Jun 14, 2005)",NA,Water Injection|Selective Catalytic Reduction,NA,NA,"ARP, NBP"
NY,Pinelawn Power,56188,00001,NA,2006,6156,5991.4,417622.56,NA,1.125,0.0011,248287.204,0.0719,11.014,0.0076,3445966.002,Pipeline Natural Gas,Other Oil,Combined cycle,NA,Water Injection|Selective Catalytic Reduction,NA,NA,"ARP, NBP"
NY,Pinelawn Power,56188,00001,NA,2007,4645,4381.22,286882.57,NA,2.046,0.0024,168116.306,0.072,10.321,0.0129,2336376.583,Pipeline Natural Gas,Other Oil,Combined cycle,NA,Water Injection|Selective Catalytic Reduction,NA,NA,"ARP, NBP"
NY,Pinelawn Power,56188,00001,NA,2008,5272,5020.57,330760.51,NA,0.89,0.001,187205.357,0.0701,10.011,0.012,2663277.858,Pipeline Natural Gas,Other Oil,Combined cycle,NA,Water Injection|Selective Catalytic Reduction,NA,NA,"ARP, CAIRNOX, CAIROS, NBP"
NY,Pinelawn Power,56188,00001,NA,2009,4055,3793.25,237162.25,NA,1.251,0.0014,115460.825,0.0595,7.013,0.0143,1926913.025,Pipeline Natural Gas,Other Oil,Combined cycle,NA,Water Injection|Selective Catalytic Reduction,NA,NA,"ARP, CAIRNOX, CAIROS, CAIRSO2, RGGI"
NY,Pinelawn Power,56188,00001,NA,2010,3681,3420.75,201375.75,NA,0.508,9e-4,96675.525,0.0592,5.745,0.014,1626744.35,Pipeline Natural Gas,Other Oil,Combined cycle,NA,Water Injection|Selective Catalytic Reduction,NA,NA,"ARP, CAIRNOX, CAIROS, CAIRSO2, RGGI"
NY,Pinelawn Power,56188,00001,NA,2011,1931,1786.75,108494,NA,0.294,0.001,52276.025,0.0593,3.725,0.0198,879182.675,Pipeline Natural Gas,Other Oil,Combined cycle,NA,Water Injection|Selective Catalytic Reduction,NA,NA,"ARP, CAIRNOX, CAIROS, CAIRSO2, RGGI"
NY,Pinelawn Power,56188,00001,NA,2012,5552,5297.75,336409,NA,0.843,0.001,162598.025,0.0592,10.847,0.0135,2735986.825,Pipeline Natural Gas,Other Oil,Combined cycle,NA,Water Injection|Selective Catalytic Reduction,NA,NA,"ARP, CAIRNOX, CAIROS, CAIRSO2, RGGI"
NY,Pinelawn Power,56188,00001,NA,2013,4603,4344.25,267595.25,NA,0.676,9e-4,129675.025,0.0592,8.758,0.0176,2182049.15,Pipeline Natural Gas,Other Oil,Combined cycle,NA,Water Injection|Selective Catalytic Reduction,NA,NA,"ARP, CAIRNOX, CAIROS, CAIRSO2, RGGI"
NY,Pinelawn Power,56188,00001,NA,2014,2766,2536,142636.75,NA,1.062,0.0016,77254.95,0.0609,6.815,0.0199,1248163.85,Pipeline Natural Gas,Other Oil,Combined cycle,NA,Water Injection|Selective Catalytic Reduction,NA,NA,"ARP, CAIRNOX, CAIROS, CAIRSO2, RGGI"
NY,Pinelawn Power,56188,00001,NA,2015,3655,3395.5,195511,NA,3.014,0.0043,96554.45,0.0601,7.065,0.016,1601929.075,Pipeline Natural Gas,Other Oil,Combined cycle,NA,Water Injection|Selective Catalytic Reduction,NA,NA,"ARP, CSNOX, CSNOXOS, CSSO2G1, RGGI"
NY,Pinelawn Power,56188,00001,NA,2016,2998,2817.25,162515,NA,0.421,9e-4,80092.275,0.0592,5.116,0.0152,1347674.475,Pipeline Natural Gas,Other Oil,Combined cycle,NA,Water Injection|Selective Catalytic Reduction,NA,NA,"ARP, CSNOX, CSNOXOS, CSSO2G1, RGGI"
NY,Pinelawn Power,56188,00001,NA,2017,2563,2369.75,131525.25,NA,0.886,0.0022,65128.35,0.0595,4.259,0.019,1090940.475,Pipeline Natural Gas,Other Oil,Combined cycle,NA,Water Injection|Selective Catalytic Reduction,NA,NA,"ARP, CSNOX, CSOSG2, CSSO2G1, RGGI"
NY,Pinelawn Power,56188,00001,NA,2018,3284,3021.39,171082.37,NA,0.452,0.001,84688.962,0.06,5.757,0.0185,1409292.766,Pipeline Natural Gas,Other Oil,Combined cycle,NA,Water Injection|Selective Catalytic Reduction,NA,NA,"ARP, CSNOX, CSOSG2, CSSO2G1, RGGI"
NY,Pinelawn Power,56188,00001,NA,2019,1485,1315.86,72993.86,NA,0.365,0.0019,35437.587,0.0592,2.602,0.0176,597748.366,Pipeline Natural Gas,Other Oil,Combined cycle,NA,Water Injection|Selective Catalytic Reduction,NA,NA,"ARP, CSNOX, CSOSG2, CSSO2G1, RGGI"
NY,Pinelawn Power,56188,00001,NA,2020,2571,2365.45,138261.24,NA,0.34,0.001,66999.775,0.059,4.376,0.0104,1132882.995,Pipeline Natural Gas,Other Oil,Combined cycle,NA,Water Injection|Selective Catalytic Reduction,NA,NA,"ARP, CSNOX, CSOSG2, CSSO2G1, RGGI"
NY,Pinelawn Power,56188,00001,NA,2021,1814,1700.08,106743.73,NA,0.262,0.0011,51563.29,0.059,3.278,0.009,871841.796,Pipeline Natural Gas,Other Oil,Combined cycle,NA,Water Injection|Selective Catalytic Reduction,NA,NA,"ARP, CSNOX, CSOSG3, CSSO2G1, RGGI"
NY,Pinelawn Power,56188,00001,NA,2022,2962,2824.32,178167.16,NA,0.415,0.001,81543.669,0.0593,5.338,0.0129,1369376.339,Pipeline Natural Gas,Other Oil,Combined cycle,NA,Water Injection|Selective Catalytic Reduction,NA,NA,"ARP, CSNOX, CSOSG3, CSSO2G1, RGGI"
NY,Pinelawn Power,56188,00001,NA,2023,1515,1380.76,86464.14,NA,0.199,0.001,39506.929,0.0592,2.815,0.0131,664769.476,Pipeline Natural Gas,Other Oil,Combined cycle,NA,Water Injection|Selective Catalytic Reduction,NA,NA,"ARP, CSNOX, CSOSG3, CSSO2G1, RGGI"
NY,Pinelawn Power,56188,00001,NA,2024,1397,1289.09,79406.18,NA,0.183,0.001,36188.187,0.0592,2.466,0.0109,608917.532,Pipeline Natural Gas,Other Oil,Combined cycle,NA,Water Injection|Selective Catalytic Reduction,NA,NA,"ARP, CSNOX, CSOSG2E, CSSO2G1, RGGI"
NY,Poletti 500 MW CC,56196,CTG7A,NA,2006,7430,7294.18,1490222.56,NA,4.347,0.0012,664407.185,0.0591,56.857,0.0179,11160421.778,Pipeline Natural Gas,Diesel Oil,Combined cycle,NA,Dry Low NOx Burners|Water Injection|Selective Catalytic Reduction,NA,NA,"ARP, NBP"
NY,Poletti 500 MW CC,56196,CTG7A,NA,2007,7611,7472.5,1713178.33,NA,4.118,0.0011,712027.587,0.0591,44.585,0.0129,11971599.267,Pipeline Natural Gas,Diesel Oil,Combined cycle,NA,Dry Low NOx Burners|Water Injection|Selective Catalytic Reduction,NA,NA,"ARP, NBP"
NY,Poletti 500 MW CC,56196,CTG7A,NA,2008,6413,6315.22,1415810.44,NA,3.355,0.0011,601223.411,0.0591,37.677,0.0117,10110862.321,Pipeline Natural Gas,Diesel Oil,Combined cycle,NA,Dry Low NOx Burners|Water Injection|Selective Catalytic Reduction,NA,NA,"ARP, CAIRNOX, CAIROS, NBP"
NY,Poletti 500 MW CC,56196,CTG7A,NA,2009,7432,7375.48,1549160.04,NA,4.48,0.0012,666895.348,0.0591,35.378,0.0085,11201222.514,Pipeline Natural Gas,Diesel Oil,Combined cycle,NA,Dry Low NOx Burners|Water Injection|Selective Catalytic Reduction,NA,NA,"ARP, CAIRNOX, CAIROS, CAIRSO2, RGGI"
NY,Poletti 500 MW CC,56196,CTG7A,NA,2010,7532,7484.73,1572520.07,NA,4.302,0.0012,677241.614,0.0591,36.712,0.0085,11379572.667,Pipeline Natural Gas,Diesel Oil,Combined cycle,NA,Dry Low NOx Burners|Water Injection|Selective Catalytic Reduction,NA,NA,"ARP, CAIRNOX, CAIROS, CAIRSO2, RGGI"
NY,Poletti 500 MW CC,56196,CTG7A,NA,2011,8306,8252.98,1773330.5,NA,3.959,0.0011,751830.317,0.059,31.251,0.0062,12648034.809,Pipeline Natural Gas,Diesel Oil,Combined cycle,NA,Dry Low NOx Burners|Water Injection|Selective Catalytic Reduction,NA,NA,"ARP, CAIRNOX, CAIROS, CAIRSO2, RGGI"
NY,Poletti 500 MW CC,56196,CTG7A,NA,2012,7284,7253.11,1619174.77,NA,4.242,0.0011,682440.032,0.0591,29.439,0.0069,11468663.075,Pipeline Natural Gas,Diesel Oil,Combined cycle,NA,Dry Low NOx Burners|Water Injection|Selective Catalytic Reduction,NA,NA,"ARP, CAIRNOX, CAIROS, CAIRSO2, RGGI"
NY,Poletti 500 MW CC,56196,CTG7A,NA,2013,7621,7593.72,1753207.36,NA,10.393,0.0021,737728.191,0.0596,50.119,0.012,12286649.438,Pipeline Natural Gas,Diesel Oil,Combined cycle,NA,Dry Low NOx Burners|Water Injection|Selective Catalytic Reduction,NA,NA,"ARP, CAIRNOX, CAIROS, CAIRSO2, RGGI"
NY,Poletti 500 MW CC,56196,CTG7A,NA,2014,7286,7254.23,1671552.04,NA,3.598,0.001,693356.817,0.0595,38.696,0.008,11566908.978,Pipeline Natural Gas,Diesel Oil,Combined cycle,NA,Dry Low NOx Burners|Water Injection|Selective Catalytic Reduction,NA,NA,"ARP, CAIRNOX, CAIROS, CAIRSO2, RGGI"
NY,Poletti 500 MW CC,56196,CTG7A,NA,2015,6753,6716.75,1444297.92,NA,3.235,0.001,618870.032,0.0597,34.676,0.0084,10299868.612,Pipeline Natural Gas,Diesel Oil,Combined cycle,NA,Dry Low NOx Burners|Water Injection|Selective Catalytic Reduction,NA,NA,"ARP, CSNOX, CSNOXOS, CSSO2G1, RGGI"
NY,Poletti 500 MW CC,56196,CTG7A,NA,2016,6986,6866.04,1363403.95,NA,3.057,0.001,599201.224,0.0593,38.272,0.012,10049389.677,Pipeline Natural Gas,Diesel Oil,Combined cycle,NA,Dry Low NOx Burners|Water Injection|Selective Catalytic Reduction,NA,NA,"ARP, CSNOX, CSNOXOS, CSSO2G1, RGGI"
NY,Poletti 500 MW CC,56196,CTG7A,NA,2017,6638,6536.95,1182228.56,NA,2.647,0.001,520217.239,0.0591,30.14,0.0107,8731877.676,Pipeline Natural Gas,Diesel Oil,Combined cycle,NA,Dry Low NOx Burners|Water Injection|Selective Catalytic Reduction,NA,NA,"ARP, CSNOX, CSOSG2, CSSO2G1, RGGI"
NY,Poletti 500 MW CC,56196,CTG7A,NA,2018,5969,5874.24,1117873.34,NA,2.632,0.001,493376.983,0.0599,40.992,0.0149,8154024.573,Pipeline Natural Gas,Diesel Oil,Combined cycle,NA,Dry Low NOx Burners|Water Injection|Selective Catalytic Reduction,NA,NA,"ARP, CSNOX, CSOSG2, CSSO2G1, RGGI"
NY,Poletti 500 MW CC,56196,CTG7A,NA,2019,7079,6989.14,1245011.55,NA,2.776,0.001,540325.163,0.0594,36.624,0.0111,9042359.05,Pipeline Natural Gas,Diesel Oil,Combined cycle,NA,Dry Low NOx Burners|Water Injection|Selective Catalytic Reduction,NA,NA,"ARP, CSNOX, CSOSG2, CSSO2G1, RGGI"
NY,Poletti 500 MW CC,56196,CTG7A,NA,2020,6456,6383.56,1243543.12,NA,2.661,0.001,525512.457,0.0591,33.944,0.0108,8833850.08,Pipeline Natural Gas,Diesel Oil,Combined cycle,NA,Dry Low NOx Burners|Water Injection|Selective Catalytic Reduction,NA,NA,"ARP, CSNOX, CSOSG2, CSSO2G1, RGGI"
NY,Poletti 500 MW CC,56196,CTG7A,NA,2021,6703,6605.83,1401880.47,NA,3.052,0.0011,580949.611,0.0591,37.039,0.0103,9762250.344,Pipeline Natural Gas,Diesel Oil,Combined cycle,NA,Dry Low NOx Burners|Water Injection|Selective Catalytic Reduction,NA,NA,"ARP, CSNOX, CSOSG3, CSSO2G1, RGGI"
NY,Poletti 500 MW CC,56196,CTG7A,NA,2022,6355,6289.47,1390887.72,NA,3.126,0.0011,577911.912,0.0606,39.893,0.0107,9506587.546,Pipeline Natural Gas,Diesel Oil,Combined cycle,NA,Dry Low NOx Burners|Water Injection|Selective Catalytic Reduction,NA,NA,"ARP, CSNOX, CSOSG3, CSSO2G1, RGGI"
NY,Poletti 500 MW CC,56196,CTG7A,NA,2023,7269,7235.5,1754139.69,NA,3.57,0.001,703727.089,0.0591,37.878,0.0072,11823254.354,Pipeline Natural Gas,Diesel Oil,Combined cycle,NA,Dry Low NOx Burners|Water Injection|Selective Catalytic Reduction,NA,NA,"ARP, CSNOX, CSOSG3, CSSO2G1, RGGI"
NY,Poletti 500 MW CC,56196,CTG7A,NA,2024,7606,7577.44,1880843.88,NA,3.781,0.001,747860.453,0.059,40.114,0.0074,12577886.149,Pipeline Natural Gas,Diesel Oil,Combined cycle,NA,Dry Low NOx Burners|Water Injection|Selective Catalytic Reduction,NA,NA,"ARP, CSNOX, CSOSG2E, CSSO2G1, RGGI"
NY,Poletti 500 MW CC,56196,CTG7B,NA,2006,7562,7459.14,1511039.55,NA,3.49,0.0011,676322.767,0.059,39.975,0.0122,11380307.944,Pipeline Natural Gas,Diesel Oil,Combined cycle,NA,Dry Low NOx Burners|Water Injection|Selective Catalytic Reduction,NA,NA,"ARP, NBP"
NY,Poletti 500 MW CC,56196,CTG7B,NA,2007,7637,7522.72,1709315.59,NA,5.164,0.0015,713815.031,0.0596,43.859,0.0112,11981043.27,Pipeline Natural Gas,Diesel Oil,Combined cycle,NA,Dry Low NOx Burners|Water Injection|Selective Catalytic Reduction,NA,NA,"ARP, NBP"
NY,Poletti 500 MW CC,56196,CTG7B,NA,2008,6170,6095.78,1337324.94,NA,3.442,0.0011,571875.697,0.0591,39.826,0.0121,9612656.861,Pipeline Natural Gas,Diesel Oil,Combined cycle,NA,Dry Low NOx Burners|Water Injection|Selective Catalytic Reduction,NA,NA,"ARP, CAIRNOX, CAIROS, NBP"
NY,Poletti 500 MW CC,56196,CTG7B,NA,2009,7223,7126.18,1476150.57,NA,4.497,0.0014,637294.228,0.0592,43.451,0.0119,10700002.697,Pipeline Natural Gas,Diesel Oil,Combined cycle,NA,Dry Low NOx Burners|Water Injection|Selective Catalytic Reduction,NA,NA,"ARP, CAIRNOX, CAIROS, CAIRSO2, RGGI"
NY,Poletti 500 MW CC,56196,CTG7B,NA,2010,7582,7502.94,1564782.47,NA,3.834,0.0011,672265.01,0.0591,39.463,0.0094,11303992.984,Pipeline Natural Gas,Diesel Oil,Combined cycle,NA,Dry Low NOx Burners|Water Injection|Selective Catalytic Reduction,NA,NA,"ARP, CAIRNOX, CAIROS, CAIRSO2, RGGI"
NY,Poletti 500 MW CC,56196,CTG7B,NA,2011,6789,6667.37,1340337.04,NA,3.125,0.0011,597866.196,0.059,34.675,0.0104,10058322.716,Pipeline Natural Gas,Diesel Oil,Combined cycle,NA,Dry Low NOx Burners|Water Injection|Selective Catalytic Reduction,NA,NA,"ARP, CAIRNOX, CAIROS, CAIRSO2, RGGI"
NY,Poletti 500 MW CC,56196,CTG7B,NA,2012,7144,7084.64,1580701.03,NA,3.532,0.0011,665179.837,0.059,35.184,0.0089,11189744.437,Pipeline Natural Gas,Diesel Oil,Combined cycle,NA,Dry Low NOx Burners|Water Injection|Selective Catalytic Reduction,NA,NA,"ARP, CAIRNOX, CAIROS, CAIRSO2, RGGI"
NY,Poletti 500 MW CC,56196,CTG7B,NA,2013,7569,7547.67,1749770.66,NA,6.118,0.0015,730350.251,0.0593,36.267,0.0068,12244542.116,Pipeline Natural Gas,Diesel Oil,Combined cycle,NA,Dry Low NOx Burners|Water Injection|Selective Catalytic Reduction,NA,NA,"ARP, CAIRNOX, CAIROS, CAIRSO2, RGGI"
NY,Poletti 500 MW CC,56196,CTG7B,NA,2014,7740,7721.54,1766681.32,NA,3.907,0.001,742722.466,0.06,42.793,0.0086,12336590.653,Pipeline Natural Gas,Diesel Oil,Combined cycle,NA,Dry Low NOx Burners|Water Injection|Selective Catalytic Reduction,NA,NA,"ARP, CAIRNOX, CAIROS, CAIRSO2, RGGI"
NY,Poletti 500 MW CC,56196,CTG7B,NA,2015,7368,7327.14,1564659.28,NA,3.474,0.001,670764.885,0.0595,39.579,0.0096,11197074.775,Pipeline Natural Gas,Diesel Oil,Combined cycle,NA,Dry Low NOx Burners|Water Injection|Selective Catalytic Reduction,NA,NA,"ARP, CSNOX, CSNOXOS, CSSO2G1, RGGI"
NY,Poletti 500 MW CC,56196,CTG7B,NA,2016,7133,7061.86,1371930.36,NA,3.114,0.001,614716.399,0.0591,36.515,0.0098,10332128.88,Pipeline Natural Gas,Diesel Oil,Combined cycle,NA,Dry Low NOx Burners|Water Injection|Selective Catalytic Reduction,NA,NA,"ARP, CSNOX, CSNOXOS, CSSO2G1, RGGI"
NY,Poletti 500 MW CC,56196,CTG7B,NA,2017,6298,6178.82,1115004.34,NA,2.466,0.001,486726.74,0.0591,37.251,0.0157,8181460.683,Pipeline Natural Gas,Diesel Oil,Combined cycle,NA,Dry Low NOx Burners|Water Injection|Selective Catalytic Reduction,NA,NA,"ARP, CSNOX, CSOSG2, CSSO2G1, RGGI"
NY,Poletti 500 MW CC,56196,CTG7B,NA,2018,5632,5551.8,1089996.72,NA,2.508,0.001,472091.179,0.0598,39.474,0.0148,7812848.814,Pipeline Natural Gas,Diesel Oil,Combined cycle,NA,Dry Low NOx Burners|Water Injection|Selective Catalytic Reduction,NA,NA,"ARP, CSNOX, CSOSG2, CSSO2G1, RGGI"
NY,Poletti 500 MW CC,56196,CTG7B,NA,2019,7116,6999.55,1270138.22,NA,2.842,0.001,548228.418,0.0595,47.227,0.0142,9147395.949,Pipeline Natural Gas,Diesel Oil,Combined cycle,NA,Dry Low NOx Burners|Water Injection|Selective Catalytic Reduction,NA,NA,"ARP, CSNOX, CSOSG2, CSSO2G1, RGGI"
NY,Poletti 500 MW CC,56196,CTG7B,NA,2020,6804,6754.54,1270831.79,NA,2.844,0.001,563411.833,0.059,37.263,0.01,9480295.607,Pipeline Natural Gas,Diesel Oil,Combined cycle,NA,Dry Low NOx Burners|Water Injection|Selective Catalytic Reduction,NA,NA,"ARP, CSNOX, CSOSG2, CSSO2G1, RGGI"
NY,Poletti 500 MW CC,56196,CTG7B,NA,2021,6836,6746.92,1393941.67,NA,8.495,0.002,593768.004,0.0591,42.318,0.0113,9981317.422,Pipeline Natural Gas,Diesel Oil,Combined cycle,NA,Dry Low NOx Burners|Water Injection|Selective Catalytic Reduction,NA,NA,"ARP, CSNOX, CSOSG3, CSSO2G1, RGGI"
NY,Poletti 500 MW CC,56196,CTG7B,NA,2022,5910,5844.12,1239257.83,NA,2.896,0.001,540319.932,0.0603,40.17,0.0121,8914639.113,Pipeline Natural Gas,Diesel Oil,Combined cycle,NA,Dry Low NOx Burners|Water Injection|Selective Catalytic Reduction,NA,NA,"ARP, CSNOX, CSOSG3, CSSO2G1, RGGI"
NY,Poletti 500 MW CC,56196,CTG7B,NA,2023,7376,7356.48,1741317.57,NA,3.593,0.001,709710.216,0.0591,39.047,0.0075,11931334.689,Pipeline Natural Gas,Diesel Oil,Combined cycle,NA,Dry Low NOx Burners|Water Injection|Selective Catalytic Reduction,NA,NA,"ARP, CSNOX, CSOSG3, CSSO2G1, RGGI"
NY,Poletti 500 MW CC,56196,CTG7B,NA,2024,7847,7826.68,1911759.99,NA,3.898,0.001,771999.02,0.059,40.962,0.007,12990213.902,Pipeline Natural Gas,Diesel Oil,Combined cycle,NA,Dry Low NOx Burners|Water Injection|Selective Catalytic Reduction,NA,NA,"ARP, CSNOX, CSOSG2E, CSSO2G1, RGGI"
NY,Caithness Long Island Energy Center,56234,0001,NA,2009,2959,2904.23,746379.28,NA,1.572,0.001,303007.357,0.0591,16.45,0.0068,5085851.033,Pipeline Natural Gas,Diesel Oil,"Combined cycle (Started Apr 17, 2009)",NA,Dry Low NOx Burners|Water Injection|Ammonia Injection|Selective Catalytic Reduction,NA,NA,"ARP, CAIRNOX, CAIROS, CAIRSO2, RGGI"
NY,Caithness Long Island Energy Center,56234,0001,NA,2010,7756,7726.96,2185511.27,NA,4.36,0.001,863505.663,0.059,44.378,0.0063,14529948.879,Pipeline Natural Gas,Diesel Oil,Combined cycle,NA,Dry Low NOx Burners|Water Injection|Ammonia Injection|Selective Catalytic Reduction,NA,NA,"ARP, CAIRNOX, CAIROS, CAIRSO2, RGGI"
NY,Caithness Long Island Energy Center,56234,0001,NA,2011,7875,7841.69,2328233.95,NA,4.669,0.001,924779.44,0.059,48.623,0.0064,15561209.041,Pipeline Natural Gas,Diesel Oil,Combined cycle,NA,Dry Low NOx Burners|Water Injection|Ammonia Injection|Selective Catalytic Reduction,NA,NA,"ARP, CAIRNOX, CAIROS, CAIRSO2, RGGI"
NY,Caithness Long Island Energy Center,56234,0001,NA,2012,7649,7632.89,2315551.76,NA,4.642,0.001,918563.752,0.059,53.074,0.007,15456081.075,Pipeline Natural Gas,Diesel Oil,Combined cycle,NA,Dry Low NOx Burners|Water Injection|Ammonia Injection|Selective Catalytic Reduction,NA,NA,"ARP, CAIRNOX, CAIROS, CAIRSO2, RGGI"
NY,Caithness Long Island Energy Center,56234,0001,NA,2013,8064,8044.86,2467413.39,NA,4.911,0.001,970612.272,0.059,57.066,0.0072,16330817.153,Pipeline Natural Gas,Diesel Oil,Combined cycle,NA,Dry Low NOx Burners|Water Injection|Ammonia Injection|Selective Catalytic Reduction,NA,NA,"ARP, CAIRNOX, CAIROS, CAIRSO2, RGGI"
NY,Caithness Long Island Energy Center,56234,0001,NA,2014,8073,8060.08,2474791.24,NA,4.942,0.001,978951.791,0.059,55.131,0.0068,16472234.877,Pipeline Natural Gas,Diesel Oil,Combined cycle,NA,Dry Low NOx Burners|Water Injection|Ammonia Injection|Selective Catalytic Reduction,NA,NA,"ARP, CAIRNOX, CAIROS, CAIRSO2, RGGI"
NY,Caithness Long Island Energy Center,56234,0001,NA,2015,6882,6869.91,2086849.68,NA,4.202,0.001,831834.836,0.0591,47.017,0.0068,13977851.778,Pipeline Natural Gas,Diesel Oil,Combined cycle,NA,Dry Low NOx Burners|Water Injection|Ammonia Injection|Selective Catalytic Reduction,NA,NA,"ARP, CSNOX, CSNOXOS, CSSO2G1, RGGI"
NY,Caithness Long Island Energy Center,56234,0001,NA,2016,8292,8281.67,2616008.45,NA,5.218,0.001,1033694.976,0.059,56.373,0.0066,17392019.864,Pipeline Natural Gas,Diesel Oil,Combined cycle,NA,Dry Low NOx Burners|Water Injection|Ammonia Injection|Selective Catalytic Reduction,NA,NA,"ARP, CSNOX, CSNOXOS, CSSO2G1, RGGI"
NY,Caithness Long Island Energy Center,56234,0001,NA,2017,8064,8049.82,2498296.19,NA,4.993,0.001,989105.849,0.059,50.905,0.0062,16642919.033,Pipeline Natural Gas,Diesel Oil,Combined cycle,NA,Dry Low NOx Burners|Water Injection|Ammonia Injection|Selective Catalytic Reduction,NA,NA,"ARP, CSNOX, CSOSG2, CSSO2G1, RGGI"
NY,Caithness Long Island Energy Center,56234,0001,NA,2018,8224,8217.49,2563402.51,NA,5.148,0.001,1019638.712,0.059,53.243,0.0063,17156207.492,Pipeline Natural Gas,Diesel Oil,Combined cycle,NA,Dry Low NOx Burners|Water Injection|Ammonia Injection|Selective Catalytic Reduction,NA,NA,"ARP, CSNOX, CSOSG2, CSSO2G1, RGGI"
NY,Caithness Long Island Energy Center,56234,0001,NA,2019,7323,7308.93,2264238.36,NA,4.531,0.001,897528.13,0.059,51.432,0.0069,15102023.156,Pipeline Natural Gas,Diesel Oil,Combined cycle,NA,Dry Low NOx Burners|Water Injection|Ammonia Injection|Selective Catalytic Reduction,NA,NA,"ARP, CSNOX, CSOSG2, CSSO2G1, RGGI"
NY,Caithness Long Island Energy Center,56234,0001,NA,2020,7254,7235.46,2248324.92,NA,4.544,0.001,899998.235,0.059,46.882,0.0063,15144027.66,Pipeline Natural Gas,Diesel Oil,Combined cycle,NA,Dry Low NOx Burners|Water Injection|Ammonia Injection|Selective Catalytic Reduction,NA,NA,"ARP, CSNOX, CSOSG2, CSSO2G1, RGGI"
NY,Caithness Long Island Energy Center,56234,0001,NA,2021,8264,8256.07,2569498.77,NA,5.204,0.001,1030574.715,0.059,52.312,0.0061,17335339.534,Pipeline Natural Gas,Diesel Oil,Combined cycle,NA,Dry Low NOx Burners|Water Injection|Ammonia Injection|Selective Catalytic Reduction,NA,NA,"ARP, CSNOX, CSOSG3, CSSO2G1, RGGI"
NY,Caithness Long Island Energy Center,56234,0001,NA,2022,7815,7807.06,2412757.98,NA,4.643,0.001,918973.371,0.0591,52.625,0.0069,15432437.858,Pipeline Natural Gas,Diesel Oil,Combined cycle,NA,Dry Low NOx Burners|Water Injection|Ammonia Injection|Selective Catalytic Reduction,NA,NA,"ARP, CSNOX, CSOSG3, CSSO2G1, RGGI"
NY,Caithness Long Island Energy Center,56234,0001,NA,2023,8311,8306.82,2557228.07,NA,4.994,0.001,989177.535,0.059,56.511,0.0068,16644721.095,Pipeline Natural Gas,Diesel Oil,Combined cycle,NA,Dry Low NOx Burners|Water Injection|Ammonia Injection|Selective Catalytic Reduction,NA,NA,"ARP, CSNOX, CSOSG3, CSSO2G1, RGGI"
NY,Caithness Long Island Energy Center,56234,0001,NA,2024,6234,6222.56,1919833.09,NA,3.761,0.001,744992.794,0.059,42.7,0.0069,12535318.026,Pipeline Natural Gas,Diesel Oil,Combined cycle,NA,Dry Low NOx Burners|Water Injection|Ammonia Injection|Selective Catalytic Reduction,NA,NA,"ARP, CSNOX, CSOSG2E, CSSO2G1, RGGI"
NY,"Empire Generating Co, LLC",56259,CT-1,NA,2010,2487,2456.53,585666.03,NA,1.257,0.001,249053.166,0.059,16.917,0.011,4190824.93,Pipeline Natural Gas,Diesel Oil,"Combined cycle (Started May 26, 2010)",NA,Dry Low NOx Burners|Water Injection|Selective Catalytic Reduction,NA,NA,"ARP, CAIRNOX, CAIROS, CAIRSO2, RGGI"
NY,"Empire Generating Co, LLC",56259,CT-1,NA,2011,7902,7817.22,1952187.74,NA,4.096,0.001,811453.074,0.059,43.746,0.0084,13654186.188,Pipeline Natural Gas,Diesel Oil,Combined cycle,NA,Dry Low NOx Burners|Water Injection|Selective Catalytic Reduction,NA,NA,"ARP, CAIRNOX, CAIROS, CAIRSO2, RGGI"
NY,"Empire Generating Co, LLC",56259,CT-1,NA,2012,7477,7379.75,2001367.7,NA,4.217,0.001,835429.763,0.059,47.485,0.0093,14057686.472,Pipeline Natural Gas,Diesel Oil,Combined cycle,NA,Dry Low NOx Burners|Water Injection|Selective Catalytic Reduction,NA,NA,"ARP, CAIRNOX, CAIROS, CAIRSO2, RGGI"
NY,"Empire Generating Co, LLC",56259,CT-1,NA,2013,5894,5618.77,1441052.07,NA,3.088,0.001,610345.933,0.059,45.542,0.0177,10269240.7,Pipeline Natural Gas,Diesel Oil,Combined cycle,NA,Dry Low NOx Burners|Water Injection|Selective Catalytic Reduction,NA,NA,"ARP, CAIRNOX, CAIROS, CAIRSO2, RGGI"
NY,"Empire Generating Co, LLC",56259,CT-1,NA,2014,6052,5792.18,1413865.92,NA,3.02,0.001,598089.281,0.059,43.208,0.0163,10063961.871,Pipeline Natural Gas,Diesel Oil,Combined cycle,NA,Dry Low NOx Burners|Water Injection|Selective Catalytic Reduction,NA,NA,"ARP, CAIRNOX, CAIROS, CAIRSO2, RGGI"
NY,"Empire Generating Co, LLC",56259,CT-1,NA,2015,7226,7017.75,1753130.56,NA,3.747,0.001,742313.747,0.059,57.833,0.0147,12490843.426,Pipeline Natural Gas,Diesel Oil,Combined cycle,NA,Dry Low NOx Burners|Water Injection|Selective Catalytic Reduction,NA,NA,"ARP, CSNOX, CSNOXOS, CSSO2G1, RGGI"
NY,"Empire Generating Co, LLC",56259,CT-1,NA,2016,7902,7740.47,1950935.37,NA,4.15,0.001,822109.736,0.059,61.572,0.013,13833545.834,Pipeline Natural Gas,Diesel Oil,Combined cycle,NA,Dry Low NOx Burners|Water Injection|Selective Catalytic Reduction,NA,NA,"ARP, CSNOX, CSNOXOS, CSSO2G1, RGGI"
NY,"Empire Generating Co, LLC",56259,CT-1,NA,2017,5663,5236.98,1243497.92,NA,2.675,0.001,529960.991,0.059,49.651,0.0253,8917605.753,Pipeline Natural Gas,Diesel Oil,Combined cycle,NA,Dry Low NOx Burners|Water Injection|Selective Catalytic Reduction,NA,NA,"ARP, CSNOX, CSOSG2, CSSO2G1, RGGI"
NY,"Empire Generating Co, LLC",56259,CT-1,NA,2018,5958,5767.74,1387929.07,NA,3.024,0.001,597545.83,0.0591,52.497,0.0174,10047519.652,Pipeline Natural Gas,Diesel Oil,Combined cycle,NA,Dry Low NOx Burners|Water Injection|Selective Catalytic Reduction,NA,NA,"ARP, CSNOX, CSOSG2, CSSO2G1, RGGI"
NY,"Empire Generating Co, LLC",56259,CT-1,NA,2019,5597,5492.93,1272080.12,NA,2.741,0.001,541989.407,0.0591,39.834,0.0135,9114781.466,Pipeline Natural Gas,Diesel Oil,Combined cycle,NA,Dry Low NOx Burners|Water Injection|Selective Catalytic Reduction,NA,NA,"ARP, CSNOX, CSOSG2, CSSO2G1, RGGI"
NY,"Empire Generating Co, LLC",56259,CT-1,NA,2020,6497,6409.85,1510052.25,NA,3.23,0.001,639838.679,0.059,41.952,0.0109,10766421.569,Pipeline Natural Gas,Diesel Oil,Combined cycle,NA,Dry Low NOx Burners|Water Injection|Selective Catalytic Reduction,NA,NA,"ARP, CSNOX, CSOSG2, CSSO2G1, RGGI"
NY,"Empire Generating Co, LLC",56259,CT-1,NA,2021,7516,7481.52,1796934.1,NA,3.856,0.001,763678.853,0.059,45.209,0.0081,12849676.076,Pipeline Natural Gas,Diesel Oil,Combined cycle,NA,Dry Low NOx Burners|Water Injection|Selective Catalytic Reduction,NA,NA,"ARP, CSNOX, CSOSG3, CSSO2G1, RGGI"
NY,"Empire Generating Co, LLC",56259,CT-1,NA,2022,6690,6622.84,1605116.8,NA,3.522,0.001,688319.168,0.0593,48.191,0.0104,11534257.849,Pipeline Natural Gas,Diesel Oil,Combined cycle,NA,Dry Low NOx Burners|Water Injection|Selective Catalytic Reduction,NA,NA,"ARP, CSNOX, CSOSG3, CSSO2G1, RGGI"
NY,"Empire Generating Co, LLC",56259,CT-1,NA,2023,5958,5921.4,1374664.88,NA,2.981,0.001,589158.074,0.0591,33.657,0.0083,9906960.007,Pipeline Natural Gas,Diesel Oil,Combined cycle,NA,Dry Low NOx Burners|Water Injection|Selective Catalytic Reduction,NA,NA,"ARP, CSNOX, CSOSG3, CSSO2G1, RGGI"
NY,"Empire Generating Co, LLC",56259,CT-1,NA,2024,6692,6667.35,1507076.13,NA,3.253,0.001,644013.657,0.059,33.933,0.0073,10835010.254,Pipeline Natural Gas,Diesel Oil,Combined cycle,NA,Dry Low NOx Burners|Water Injection|Selective Catalytic Reduction,NA,NA,"ARP, CSNOX, CSOSG2E, CSSO2G1, RGGI"
NY,"Empire Generating Co, LLC",56259,CT-2,NA,2010,2338,2304.13,551526.56,NA,1.09,0.001,215998.86,0.059,13.438,0.0109,3634601.907,Pipeline Natural Gas,Diesel Oil,"Combined cycle (Started Jun 03, 2010)",NA,Dry Low NOx Burners|Water Injection|Selective Catalytic Reduction,NA,NA,"ARP, CAIRNOX, CAIROS, CAIRSO2, RGGI"
NY,"Empire Generating Co, LLC",56259,CT-2,NA,2011,7897,7839.31,1967516.9,NA,4.092,0.001,810508.769,0.059,43.059,0.0081,13638469.844,Pipeline Natural Gas,Diesel Oil,Combined cycle,NA,Dry Low NOx Burners|Water Injection|Selective Catalytic Reduction,NA,NA,"ARP, CAIRNOX, CAIROS, CAIRSO2, RGGI"
NY,"Empire Generating Co, LLC",56259,CT-2,NA,2012,6671,6530.58,1794706.4,NA,3.795,0.001,751128.017,0.059,47.706,0.0114,12638717.088,Pipeline Natural Gas,Diesel Oil,Combined cycle,NA,Dry Low NOx Burners|Water Injection|Selective Catalytic Reduction,NA,NA,"ARP, CAIRNOX, CAIROS, CAIRSO2, RGGI"
NY,"Empire Generating Co, LLC",56259,CT-2,NA,2013,6096,5832.13,1515501.22,NA,3.222,0.001,638285.773,0.059,49.163,0.0169,10740397.69,Pipeline Natural Gas,Diesel Oil,Combined cycle,NA,Dry Low NOx Burners|Water Injection|Selective Catalytic Reduction,NA,NA,"ARP, CAIRNOX, CAIROS, CAIRSO2, RGGI"
NY,"Empire Generating Co, LLC",56259,CT-2,NA,2014,5998,5739.5,1398867.13,NA,2.991,0.001,592309.755,0.059,43.753,0.0169,9966631.964,Pipeline Natural Gas,Diesel Oil,Combined cycle,NA,Dry Low NOx Burners|Water Injection|Selective Catalytic Reduction,NA,NA,"ARP, CAIRNOX, CAIROS, CAIRSO2, RGGI"
NY,"Empire Generating Co, LLC",56259,CT-2,NA,2015,6943,6739.34,1687758.27,NA,3.6,0.001,713184.914,0.059,52.149,0.0142,12000641.433,Pipeline Natural Gas,Diesel Oil,Combined cycle,NA,Dry Low NOx Burners|Water Injection|Selective Catalytic Reduction,NA,NA,"ARP, CSNOX, CSNOXOS, CSSO2G1, RGGI"
NY,"Empire Generating Co, LLC",56259,CT-2,NA,2016,7289,7043.19,1797376.85,NA,3.816,0.001,755963.37,0.059,62.405,0.0161,12720627.13,Pipeline Natural Gas,Diesel Oil,Combined cycle,NA,Dry Low NOx Burners|Water Injection|Selective Catalytic Reduction,NA,NA,"ARP, CSNOX, CSNOXOS, CSSO2G1, RGGI"
NY,"Empire Generating Co, LLC",56259,CT-2,NA,2017,5364,4992.43,1192998.51,NA,2.555,0.001,506125.604,0.059,48.779,0.0238,8516494.165,Pipeline Natural Gas,Diesel Oil,Combined cycle,NA,Dry Low NOx Burners|Water Injection|Selective Catalytic Reduction,NA,NA,"ARP, CSNOX, CSOSG2, CSSO2G1, RGGI"
NY,"Empire Generating Co, LLC",56259,CT-2,NA,2018,3865,3597.58,861354.65,NA,1.866,0.001,368404.078,0.0591,36.581,0.0232,6193290.483,Pipeline Natural Gas,Diesel Oil,Combined cycle,NA,Dry Low NOx Burners|Water Injection|Selective Catalytic Reduction,NA,NA,"ARP, CSNOX, CSOSG2, CSSO2G1, RGGI"
NY,"Empire Generating Co, LLC",56259,CT-2,NA,2019,5596,5466.4,1263947.01,NA,2.705,0.001,534945.632,0.0591,39.169,0.0132,8996661.595,Pipeline Natural Gas,Diesel Oil,Combined cycle,NA,Dry Low NOx Burners|Water Injection|Selective Catalytic Reduction,NA,NA,"ARP, CSNOX, CSOSG2, CSSO2G1, RGGI"
NY,"Empire Generating Co, LLC",56259,CT-2,NA,2020,6449,6377.7,1499395.03,NA,3.192,0.001,632217.509,0.059,36.455,0.0085,10638261.287,Pipeline Natural Gas,Diesel Oil,Combined cycle,NA,Dry Low NOx Burners|Water Injection|Selective Catalytic Reduction,NA,NA,"ARP, CSNOX, CSOSG2, CSSO2G1, RGGI"
NY,"Empire Generating Co, LLC",56259,CT-2,NA,2021,7491,7449.97,1795187.9,NA,3.844,0.001,761331.717,0.059,43.263,0.0076,12810616.833,Pipeline Natural Gas,Diesel Oil,Combined cycle,NA,Dry Low NOx Burners|Water Injection|Selective Catalytic Reduction,NA,NA,"ARP, CSNOX, CSOSG3, CSSO2G1, RGGI"
NY,"Empire Generating Co, LLC",56259,CT-2,NA,2022,7173,7115.17,1747612.58,NA,3.864,0.001,751552.787,0.0593,50.329,0.0092,12575796.718,Pipeline Natural Gas,Diesel Oil,Combined cycle,NA,Dry Low NOx Burners|Water Injection|Selective Catalytic Reduction,NA,NA,"ARP, CSNOX, CSOSG3, CSSO2G1, RGGI"
NY,"Empire Generating Co, LLC",56259,CT-2,NA,2023,7462,7431.83,1756919.55,NA,3.807,0.001,753577.42,0.059,41.262,0.0072,12677742.901,Pipeline Natural Gas,Diesel Oil,Combined cycle,NA,Dry Low NOx Burners|Water Injection|Selective Catalytic Reduction,NA,NA,"ARP, CSNOX, CSOSG3, CSSO2G1, RGGI"
NY,"Empire Generating Co, LLC",56259,CT-2,NA,2024,6564,6519.27,1480245.47,NA,3.202,0.001,633798.177,0.059,33.609,0.0075,10662468.459,Pipeline Natural Gas,Diesel Oil,Combined cycle,NA,Dry Low NOx Burners|Water Injection|Selective Catalytic Reduction,NA,NA,"ARP, CSNOX, CSOSG2E, CSSO2G1, RGGI"
NY,Valley Energy Center,56940,1,NA,2018,2480,2445.69,688392.17,NA,13.155,0.006,279213.468,0.059,17.635,0.0131,4698304.862,Natural Gas,Diesel Oil,"Combined cycle (Started Jan 24, 2018)",NA,Selective Catalytic Reduction,NA,NA,"ARP, CSNOX, CSOSG2, CSSO2G1, RGGI"
NY,Valley Energy Center,56940,1,NA,2019,6802,6770.29,2059962.43,NA,4.237,0.001,839611.622,0.0591,47.153,0.0073,14116337.241,Pipeline Natural Gas,Diesel Oil,Combined cycle,NA,Selective Catalytic Reduction,NA,NA,"ARP, CSNOX, CSOSG2, CSSO2G1, RGGI"
NY,Valley Energy Center,56940,1,NA,2020,7814,7782.02,2431986.2,NA,5.007,0.001,991889.825,0.059,54,0.0069,16690430.945,Pipeline Natural Gas,Diesel Oil,Combined cycle,NA,Selective Catalytic Reduction,NA,NA,"ARP, CSNOX, CSOSG2, CSSO2G1, RGGI"
NY,Valley Energy Center,56940,1,NA,2021,7133,7107.9,2205992.33,NA,4.535,0.001,898325.134,0.059,50.128,0.007,15116010.447,Pipeline Natural Gas,Diesel Oil,Combined cycle,NA,Selective Catalytic Reduction,NA,NA,"ARP, CSNOX, CSOSG3, CSSO2G1, RGGI"
NY,Valley Energy Center,56940,1,NA,2022,7808,7788.76,2443159.43,NA,5.077,0.001,989166.484,0.0584,53.779,0.0066,16921042.359,Pipeline Natural Gas,Diesel Oil,Combined cycle,NA,Selective Catalytic Reduction,NA,NA,"ARP, CSNOX, CSOSG3, CSSO2G1, RGGI"
NY,Valley Energy Center,56940,1,NA,2023,6947,6922.84,2202570.27,NA,4.58,0.001,882027.105,0.058,45.857,0.0064,15267542.761,Pipeline Natural Gas,Diesel Oil,Combined cycle,NA,Selective Catalytic Reduction,NA,NA,"ARP, CSNOX, CSOSG3, CSSO2G1, RGGI"
NY,Valley Energy Center,56940,1,NA,2024,8190,8177.58,2585288.16,NA,5.387,0.001,1037401.353,0.058,52.321,0.006,17956989.531,Pipeline Natural Gas,Diesel Oil,Combined cycle,NA,Selective Catalytic Reduction,NA,NA,"ARP, CSNOX, CSOSG2E, CSSO2G1, RGGI"
NY,Valley Energy Center,56940,2,NA,2018,2310,2273.12,641023.15,NA,12.264,0.006,260491.525,0.059,16.136,0.0088,4382257.76,Natural Gas,Diesel Oil,"Combined cycle (Started Jan 18, 2018)",NA,Selective Catalytic Reduction,NA,NA,"ARP, CSNOX, CSOSG2, CSSO2G1, RGGI"
NY,Valley Energy Center,56940,2,NA,2019,6855,6821.43,2076578.27,NA,4.269,0.001,845915.857,0.0591,44.837,0.0069,14222721.03,Pipeline Natural Gas,Diesel Oil,Combined cycle,NA,Selective Catalytic Reduction,NA,NA,"ARP, CSNOX, CSOSG2, CSSO2G1, RGGI"
NY,Valley Energy Center,56940,2,NA,2020,7421,7366.08,2315532.5,NA,4.741,0.001,939071.972,0.059,49.937,0.0069,15801421.265,Pipeline Natural Gas,Diesel Oil,Combined cycle,NA,Selective Catalytic Reduction,NA,NA,"ARP, CSNOX, CSOSG2, CSSO2G1, RGGI"
NY,Valley Energy Center,56940,2,NA,2021,6926,6899.39,2154848.51,NA,4.402,0.001,871972.237,0.059,44.792,0.0064,14672509.045,Pipeline Natural Gas,Diesel Oil,Combined cycle,NA,Selective Catalytic Reduction,NA,NA,"ARP, CSNOX, CSOSG3, CSSO2G1, RGGI"
NY,Valley Energy Center,56940,2,NA,2022,7625,7595.41,2393479.2,NA,4.946,0.001,964425.643,0.0584,51.913,0.0067,16484655.698,Pipeline Natural Gas,Diesel Oil,Combined cycle,NA,Selective Catalytic Reduction,NA,NA,"ARP, CSNOX, CSOSG3, CSSO2G1, RGGI"
NY,Valley Energy Center,56940,2,NA,2023,6759,6738.5,2170312.09,NA,4.508,0.001,868067.737,0.058,45.356,0.0063,15026004.437,Pipeline Natural Gas,Diesel Oil,Combined cycle,NA,Selective Catalytic Reduction,NA,NA,"ARP, CSNOX, CSOSG3, CSSO2G1, RGGI"
NY,Valley Energy Center,56940,2,NA,2024,7537,7527.02,2410746.06,NA,5,0.001,962847.462,0.058,49.761,0.0061,16666578.219,Pipeline Natural Gas,Diesel Oil,Combined cycle,NA,Selective Catalytic Reduction,NA,NA,"ARP, CSNOX, CSOSG2E, CSSO2G1, RGGI"
NY,Cricket Valley Energy Center,57185,U001,NA,2020,4541,4419.95,1335187,NA,2.864,0.001,567378.284,0.059,27.846,0.0069,9547279.409,Pipeline Natural Gas,NA,Combined cycle,NA,Dry Low NOx Burners|Selective Catalytic Reduction,NA,NA,"ARP, CSNOX, CSOSG2, CSSO2G1, NSPS4T, RGGI"
NY,Cricket Valley Energy Center,57185,U001,NA,2021,5292,5144.29,1592844.71,NA,3.277,0.001,649246.334,0.059,27.477,0.0067,10923983.047,Pipeline Natural Gas,NA,Combined cycle,NA,Dry Low NOx Burners|Selective Catalytic Reduction,NA,NA,"ARP, CSNOX, CSOSG3, CSSO2G1, NSPS4T, RGGI"
NY,Cricket Valley Energy Center,57185,U001,NA,2022,5546,5457.51,1752583.3,NA,3.586,0.001,710360.964,0.059,27.093,0.0059,11952846.732,Pipeline Natural Gas,NA,Combined cycle,NA,Dry Low NOx Burners|Selective Catalytic Reduction,NA,NA,"ARP, CSNOX, CSOSG3, CSSO2G1, NSPS4T, RGGI"
NY,Cricket Valley Energy Center,57185,U001,NA,2023,6312,6249.83,1834779.39,NA,3.787,0.001,750203.454,0.059,33.115,0.0059,12623500.902,Pipeline Natural Gas,NA,Combined cycle,NA,Dry Low NOx Burners|Selective Catalytic Reduction,NA,NA,"ARP, CSNOX, CSOSG3, CSSO2G1, NSPS4T, RGGI"
NY,Cricket Valley Energy Center,57185,U001,NA,2024,5804,5773.07,1755100.32,NA,3.588,0.001,710707.361,0.059,31.568,0.0057,11960147.46,Pipeline Natural Gas,NA,Combined cycle,NA,Dry Low NOx Burners|Selective Catalytic Reduction,NA,NA,"ARP, CSNOX, CSOSG2E, CSSO2G1, NSPS4T, RGGI"
NY,Cricket Valley Energy Center,57185,U002,NA,2020,4883,4769.71,1465052.38,NA,3.117,0.001,617510.514,0.059,30.918,0.0068,10390776.93,Pipeline Natural Gas,NA,Combined cycle,NA,Dry Low NOx Burners|Selective Catalytic Reduction,NA,NA,"ARP, CSNOX, CSOSG2, CSSO2G1, NSPS4T, RGGI"
NY,Cricket Valley Energy Center,57185,U002,NA,2021,5841,5709.36,1800977.51,NA,3.651,0.001,723304.378,0.059,32.31,0.0068,12170953.815,Pipeline Natural Gas,NA,Combined cycle,NA,Dry Low NOx Burners|Selective Catalytic Reduction,NA,NA,"ARP, CSNOX, CSOSG3, CSSO2G1, NSPS4T, RGGI"
NY,Cricket Valley Energy Center,57185,U002,NA,2022,6003,5961.9,1923129.67,NA,3.944,0.001,781263.456,0.059,30.793,0.0055,13145838.203,Pipeline Natural Gas,NA,Combined cycle,NA,Dry Low NOx Burners|Selective Catalytic Reduction,NA,NA,"ARP, CSNOX, CSOSG3, CSSO2G1, NSPS4T, RGGI"
NY,Cricket Valley Energy Center,57185,U002,NA,2023,5761,5710.36,1661089.11,NA,3.419,0.001,677199.125,0.059,32.83,0.0067,11395022.308,Pipeline Natural Gas,NA,Combined cycle,NA,Dry Low NOx Burners|Selective Catalytic Reduction,NA,NA,"ARP, CSNOX, CSOSG3, CSSO2G1, NSPS4T, RGGI"
NY,Cricket Valley Energy Center,57185,U002,NA,2024,5151,5128.59,1624308.42,NA,3.294,0.001,652411.078,0.059,29.672,0.0059,10979277.705,Pipeline Natural Gas,NA,Combined cycle,NA,Dry Low NOx Burners|Selective Catalytic Reduction,NA,NA,"ARP, CSNOX, CSOSG2E, CSSO2G1, NSPS4T, RGGI"
NY,Cricket Valley Energy Center,57185,U003,NA,2020,4000,3904.04,1212782.72,NA,2.589,0.001,512802.746,0.059,23.465,0.0066,8628911.329,Pipeline Natural Gas,NA,"Combined cycle (Started Feb 23, 2020)",NA,Dry Low NOx Burners|Selective Catalytic Reduction,NA,NA,"ARP, CSNOX, CSOSG2, CSSO2G1, NSPS4T, RGGI"
NY,Cricket Valley Energy Center,57185,U003,NA,2021,5645,5506.95,1746062.7,NA,3.556,0.001,704415.806,0.059,31.485,0.0072,11853050.532,Pipeline Natural Gas,NA,Combined cycle,NA,Dry Low NOx Burners|Selective Catalytic Reduction,NA,NA,"ARP, CSNOX, CSOSG3, CSSO2G1, NSPS4T, RGGI"
NY,Cricket Valley Energy Center,57185,U003,NA,2022,6028,5937.5,1899275.37,NA,3.877,0.001,767974.436,0.059,31.585,0.0062,12922157.53,Pipeline Natural Gas,NA,Combined cycle,NA,Dry Low NOx Burners|Selective Catalytic Reduction,NA,NA,"ARP, CSNOX, CSOSG3, CSSO2G1, NSPS4T, RGGI"
NY,Cricket Valley Energy Center,57185,U003,NA,2023,6426,6358.8,1812410.48,NA,3.736,0.001,740103.784,0.059,36.562,0.007,12453552.116,Pipeline Natural Gas,NA,Combined cycle,NA,Dry Low NOx Burners|Selective Catalytic Reduction,NA,NA,"ARP, CSNOX, CSOSG3, CSSO2G1, NSPS4T, RGGI"
NY,Cricket Valley Energy Center,57185,U003,NA,2024,3007,2977.72,859111.2,NA,1.78,0.001,352560.52,0.059,17.704,0.0069,5933102.82,Pipeline Natural Gas,NA,Combined cycle,NA,Dry Low NOx Burners|Selective Catalytic Reduction,NA,NA,"ARP, CSNOX, CSOSG2E, CSSO2G1, NSPS4T, RGGI"
NY,Momentive Performance Materials,880024,U28006,NA,1999,4636,4622.25,NA,613311.25,NA,NA,NA,NA,58.064,0.1295,859783.9,Pipeline Natural Gas,NA,Tangentially-fired,NA,NA,NA,NA,OTC
NY,Momentive Performance Materials,880024,U28006,NA,2000,7722,7689.75,NA,1130312.75,NA,NA,NA,NA,83.032,0.1092,1485275.675,Pipeline Natural Gas,NA,Tangentially-fired,NA,NA,NA,NA,OTC
NY,Momentive Performance Materials,880024,U28006,NA,2001,8298,8290.25,NA,1209037.75,NA,NA,NA,NA,68.697,0.0931,1451382.525,Pipeline Natural Gas,NA,Tangentially-fired,NA,NA,NA,NA,OTC
NY,Momentive Performance Materials,880024,U28006,NA,2002,8126,8114.66,NA,1076522.84,NA,NA,NA,NA,75.287,0.1086,1329712.963,Pipeline Natural Gas,NA,Tangentially-fired,NA,NA,NA,NA,OTC
NY,Momentive Performance Materials,880024,U28006,NA,2003,8061,8047.12,NA,1063645.09,NA,NA,NA,NA,69.83,0.1062,1272248.176,Pipeline Natural Gas,NA,Tangentially-fired,NA,NA,NA,NA,NBP
NY,Momentive Performance Materials,880024,U28006,NA,2004,8281,8269.59,NA,1109737.97,NA,NA,NA,NA,48.058,0.0768,1255453.052,Pipeline Natural Gas,NA,Tangentially-fired,NA,NA,NA,NA,NBP
NY,Momentive Performance Materials,880024,U28006,NA,2005,8521,8508,NA,1178147.12,NA,NA,NA,NA,56.409,0.0776,1456843.922,Pipeline Natural Gas,NA,Tangentially-fired,NA,NA,NA,NA,NBP
NY,Momentive Performance Materials,880024,U28006,NA,2006,7881,7863.31,NA,1047102.57,NA,NA,NA,NA,43.249,0.0714,1208615.327,Pipeline Natural Gas,NA,Tangentially-fired,NA,NA,NA,NA,NBP
NY,Momentive Performance Materials,880024,U28006,NA,2007,8232,8221.42,NA,1156902.48,NA,NA,NA,NA,55.225,0.0746,1455689.999,Pipeline Natural Gas,NA,Tangentially-fired,NA,NA,NA,NA,NBP
NY,Momentive Performance Materials,880024,U28006,NA,2008,7814,7787.53,NA,1172127.82,NA,NA,NA,NA,61.957,0.0834,1473998.922,Pipeline Natural Gas,NA,Tangentially-fired,NA,NA,NA,NA,"CAIROS, NBP"
NY,Momentive Performance Materials,880024,U28006,NA,2009,6085,6074.02,NA,914508.71,NA,NA,NA,NA,53.747,0.0925,1147948.041,Pipeline Natural Gas,NA,Tangentially-fired,NA,NA,NA,NA,CAIROS
NY,Momentive Performance Materials,880024,U28006,NA,2010,7919,7906.76,NA,1230749.27,NA,NA,NA,NA,63.149,0.0814,1543034.573,Pipeline Natural Gas,NA,Tangentially-fired,NA,NA,NA,NA,CAIROS
NY,Momentive Performance Materials,880024,U28006,NA,2011,8044,8025.9,NA,1144921.06,NA,NA,NA,NA,49.026,0.0684,1416930.667,Pipeline Natural Gas,NA,Tangentially-fired,NA,NA,NA,NA,CAIROS
NY,Momentive Performance Materials,880024,U28006,NA,2012,5741,5721.33,NA,682060.22,NA,NA,NA,NA,31.931,0.0754,834197.533,Pipeline Natural Gas,NA,Tangentially-fired,NA,NA,NA,NA,CAIROS
NY,Momentive Performance Materials,880024,U28006,NA,2013,6899,6882.29,NA,859197.26,NA,NA,NA,NA,47.286,0.0892,1056600.845,Pipeline Natural Gas,NA,Tangentially-fired,NA,NA,NA,NA,CAIROS
NY,Momentive Performance Materials,880024,U28006,NA,2014,7707,7691.53,NA,954826.25,NA,NA,NA,NA,47.761,0.0755,1208813.499,Pipeline Natural Gas,NA,Tangentially-fired,NA,NA,NA,NA,CAIROS
NY,Momentive Performance Materials,880024,U28006,NA,2015,7054,7036.28,NA,902024.95,NA,NA,NA,NA,45.688,0.0725,1197233.674,Pipeline Natural Gas,NA,Tangentially-fired,NA,NA,NA,NA,SIPNOX
NY,Momentive Performance Materials,880024,U28006,NA,2016,8161,8146.2,NA,991146.98,NA,NA,NA,NA,36.672,0.0568,1277099.579,Pipeline Natural Gas,NA,Tangentially-fired,NA,NA,NA,NA,SIPNOX
NY,Momentive Performance Materials,880024,U28006,NA,2017,6861,6849.83,NA,852232.64,NA,NA,NA,NA,34.11,0.0597,1116496.51,Pipeline Natural Gas,NA,Tangentially-fired,NA,NA,NA,NA,SIPNOX
NY,Momentive Performance Materials,880024,U28006,NA,2018,7944,7922.31,NA,1002851.82,NA,NA,NA,NA,38.838,0.0591,1266636.767,Pipeline Natural Gas,NA,Tangentially-fired,NA,NA,NA,NA,SIPNOX
NY,Holcim US Inc,880043,1,NA,2003,5645,5608.79,NA,NA,NA,NA,NA,NA,2401.434,NA,NA,Coal,"Diesel Oil, Other Oil, Refuse",Cement Kiln,NA,NA,Electrostatic Precipitator,NA,NBP
NY,Holcim US Inc,880043,1,NA,2004,7481,7437.93,NA,NA,NA,NA,NA,NA,2936.222,NA,NA,Coal,"Diesel Oil, Other Oil, Refuse",Cement Kiln,NA,NA,Electrostatic Precipitator,NA,NBP
NY,Holcim US Inc,880043,1,NA,2005,4456,4408.35,NA,NA,NA,NA,NA,NA,1410.698,NA,NA,Coal,"Diesel Oil, Other Oil, Refuse",Cement Kiln,NA,NA,Electrostatic Precipitator,NA,NBP
NY,Holcim US Inc,880043,1,NA,2006,3319,3301.2,NA,NA,NA,NA,NA,NA,892.855,NA,NA,Coal,"Diesel Oil, Other Oil, Refuse",Cement Kiln,NA,NA,Electrostatic Precipitator,NA,NBP
NY,Holcim US Inc,880043,1,NA,2007,6907,6862.32,NA,NA,NA,NA,NA,NA,2114.545,1.2589,212613.957,Coal,"Diesel Oil, Other Oil, Refuse",Cement Kiln,NA,NA,Electrostatic Precipitator,NA,NBP
NY,Holcim US Inc,880043,1,NA,2008,7191,7146.21,NA,NA,NA,NA,NA,NA,1733.036,1.1827,2260622.56,Coal,"Diesel Oil, Other Oil, Refuse",Cement Kiln,NA,NA,Electrostatic Precipitator,NA,"CAIROS, NBP"
NY,Holcim US Inc,880043,1,NA,2009,5207,5186.16,NA,NA,NA,NA,NA,NA,1278.781,0.9998,2603968.031,Coal,"Diesel Oil, Other Oil, Refuse",Cement Kiln,NA,NA,Electrostatic Precipitator,NA,CAIROS
NY,Holcim US Inc,880043,1,NA,2010,4632,4606.83,NA,NA,NA,NA,NA,NA,1223.407,1.1284,2123735.961,Coal,"Diesel Oil, Other Oil, Refuse",Cement Kiln,NA,NA,Electrostatic Precipitator,NA,CAIROS
NY,Holcim US Inc,880043,1,NA,2011,0,0,NA,NA,NA,NA,NA,NA,NA,NA,NA,Coal,"Diesel Oil, Other Oil, Refuse",Cement Kiln,NA,NA,Electrostatic Precipitator,NA,CAIROS
NY,Holcim US Inc,880043,1,NA,2012,0,0,NA,NA,NA,NA,NA,NA,NA,NA,NA,Coal,"Diesel Oil, Other Oil, Refuse",Cement Kiln,NA,NA,Electrostatic Precipitator,NA,CAIROS
NY,"Lafarge Building Materials, Inc.",880044,41000,NA,2003,8673,8663.25,NA,NA,NA,NA,NA,NA,5480.939,NA,NA,Coal,NA,Cement Kiln,NA,Other,Electrostatic Precipitator,NA,NBP
NY,"Lafarge Building Materials, Inc.",880044,41000,NA,2004,8532,8499.25,NA,NA,NA,NA,NA,NA,5234.29,NA,NA,Coal,NA,Cement Kiln,NA,Other,Electrostatic Precipitator,NA,NBP
NY,"Lafarge Building Materials, Inc.",880044,41000,NA,2005,8483,8471.25,NA,NA,NA,NA,NA,NA,5218.04,NA,NA,Coal,NA,Cement Kiln,NA,Other,Electrostatic Precipitator,NA,NBP
NY,"Lafarge Building Materials, Inc.",880044,41000,NA,2006,8756,8751,NA,NA,NA,NA,NA,NA,5071.41,NA,NA,Coal,NA,Cement Kiln,NA,Other,Electrostatic Precipitator,NA,NBP
NY,"Lafarge Building Materials, Inc.",880044,41000,NA,2007,8598,8582.75,NA,NA,NA,NA,NA,NA,5295.84,NA,NA,Coal,NA,Cement Kiln,NA,Other,Electrostatic Precipitator,NA,NBP
NY,"Lafarge Building Materials, Inc.",880044,41000,NA,2008,7861,7844.5,NA,NA,NA,NA,NA,NA,4405.442,NA,NA,Coal,NA,Cement Kiln,NA,Other,Electrostatic Precipitator,NA,"CAIROS, NBP"
NY,"Lafarge Building Materials, Inc.",880044,41000,NA,2009,7355,7326.5,NA,NA,NA,NA,NA,NA,4091.21,NA,NA,Coal,NA,Cement Kiln,NA,Other,Electrostatic Precipitator,NA,CAIROS
NY,"Lafarge Building Materials, Inc.",880044,41000,NA,2010,7294,7269,NA,NA,NA,NA,NA,NA,3556.58,NA,NA,Coal,NA,Cement Kiln,NA,Other,Electrostatic Precipitator,NA,CAIROS
NY,"Lafarge Building Materials, Inc.",880044,41000,NA,2011,8485,8471,NA,NA,NA,NA,NA,NA,4924.127,NA,NA,Coal,NA,Cement Kiln,NA,Other,Electrostatic Precipitator,NA,CAIROS
NY,"Lafarge Building Materials, Inc.",880044,41000,NA,2012,8516,8509,NA,NA,NA,NA,NA,NA,3584.855,NA,NA,Coal,NA,Cement Kiln,NA,"Other|Selective Non-catalytic Reduction (Began Mar 01, 2012)",Electrostatic Precipitator,NA,CAIROS
NY,"Lafarge Building Materials, Inc.",880044,41000,NA,2013,7754,7734,NA,NA,NA,NA,NA,NA,2422.265,NA,NA,Coal,NA,Cement Kiln,NA,Other|Selective Non-catalytic Reduction,Electrostatic Precipitator,NA,CAIROS
NY,"Lafarge Building Materials, Inc.",880044,41000,NA,2014,7229,7203.25,NA,NA,NA,NA,NA,NA,1854.952,NA,NA,Coal,NA,Cement Kiln,NA,Other|Selective Non-catalytic Reduction,Electrostatic Precipitator,NA,CAIROS
NY,"Lafarge Building Materials, Inc.",880044,41000,NA,2015,7601,7576.5,NA,NA,NA,NA,NA,NA,1852.43,NA,NA,Coal,NA,Cement Kiln,NA,Other|Selective Non-catalytic Reduction,Electrostatic Precipitator,NA,SIPNOX
NY,"Lafarge Building Materials, Inc.",880044,41000,NA,2016,2092,2084,NA,NA,NA,NA,NA,NA,502.144,NA,NA,Coal,NA,Cement Kiln,NA,Other|Selective Non-catalytic Reduction,Electrostatic Precipitator,NA,NA
NY,Lehigh Northeast Cement Company,880052,01070,"MS1N, MS1S",2002,1390,1389.19,NA,NA,0,0,0,0,72.491,0.2669,533025.326,Coal,Natural Gas,Cement Kiln,NA,Selective Non-catalytic Reduction,Electrostatic Precipitator,NA,NA
NY,Lehigh Northeast Cement Company,880052,01070,"MS1N, MS1S",2003,3118,3118,NA,NA,0,0,0,0,182.818,0.3513,1043211.5,Coal,Natural Gas,Cement Kiln,NA,Selective Non-catalytic Reduction,Electrostatic Precipitator,NA,NBP
NY,Lehigh Northeast Cement Company,880052,01070,"MS1N, MS1S",2004,3411,3411,NA,NA,0,NA,0,NA,239.208,NA,NA,Coal,Natural Gas,Cement Kiln,NA,Selective Non-catalytic Reduction,Electrostatic Precipitator,NA,NBP
NY,Lehigh Northeast Cement Company,880052,01070,"MS1N, MS1S",2005,3554,3554,NA,NA,0,NA,0,NA,324.586,NA,NA,Coal,Natural Gas,Cement Kiln,NA,Selective Non-catalytic Reduction,Electrostatic Precipitator,NA,NBP
NY,Lehigh Northeast Cement Company,880052,01070,"MS1N, MS1S",2006,3125,3125,NA,NA,0,NA,0,NA,428.725,NA,NA,Coal,Natural Gas,Cement Kiln,NA,Selective Non-catalytic Reduction,Electrostatic Precipitator,NA,NBP
NY,Lehigh Northeast Cement Company,880052,01070,"MS1N, MS1S",2007,3426,3426,NA,NA,0,NA,0,NA,390.512,NA,NA,Coal,Natural Gas,Cement Kiln,NA,Selective Non-catalytic Reduction,Electrostatic Precipitator,NA,NBP
NY,Lehigh Northeast Cement Company,880052,01070,"MS1N, MS1S",2008,3626,3626,NA,NA,0,NA,0,NA,629.365,NA,NA,Coal,Natural Gas,Cement Kiln,NA,Selective Non-catalytic Reduction,Electrostatic Precipitator,NA,"CAIROS, NBP"
NY,Lehigh Northeast Cement Company,880052,01070,"MS1N, MS1S",2009,2348,2348,NA,NA,NA,NA,NA,NA,640.399,NA,NA,Coal,Natural Gas,Cement Kiln,NA,Selective Non-catalytic Reduction,Electrostatic Precipitator,NA,CAIROS
NY,Lehigh Northeast Cement Company,880052,01070,"MS1N, MS1S",2010,2917,2917,NA,NA,NA,NA,NA,NA,490.238,NA,NA,Coal,Natural Gas,Cement Kiln,NA,Selective Non-catalytic Reduction,Electrostatic Precipitator,NA,CAIROS
NY,Lehigh Northeast Cement Company,880052,01070,"MS1N, MS1S",2011,3272,3270.58,NA,NA,NA,NA,NA,NA,487.731,NA,NA,Coal,Natural Gas,Cement Kiln,NA,Selective Non-catalytic Reduction,Electrostatic Precipitator,NA,CAIROS
NY,Lehigh Northeast Cement Company,880052,01070,"MS1N, MS1S",2012,3114,3111.9,NA,NA,NA,NA,NA,NA,362.165,NA,NA,Coal,Natural Gas,Cement Kiln,NA,Selective Non-catalytic Reduction,Electrostatic Precipitator,NA,CAIROS
NY,Lehigh Northeast Cement Company,880052,01070,"MS1N, MS1S",2013,3505,3502.39,NA,NA,NA,NA,NA,NA,356.42,NA,NA,Coal,Natural Gas,Cement Kiln,NA,Selective Non-catalytic Reduction,Electrostatic Precipitator,NA,CAIROS
NY,Lehigh Northeast Cement Company,880052,01070,"MS1N, MS1S",2014,3487,3485.66,NA,NA,NA,NA,NA,NA,354.093,NA,NA,Coal,Natural Gas,Cement Kiln,NA,Selective Non-catalytic Reduction,Electrostatic Precipitator,NA,CAIROS
NY,Lehigh Northeast Cement Company,880052,01070,"MS1N, MS1S",2015,3454,3452.49,NA,NA,NA,NA,NA,NA,3124.374,NA,NA,Coal,Natural Gas,Cement Kiln,NA,Selective Non-catalytic Reduction,Electrostatic Precipitator,NA,SIPNOX
NY,Lehigh Northeast Cement Company,880052,01070,"MS1N, MS1S",2016,3046,3032.75,NA,NA,NA,NA,NA,NA,1070.412,NA,NA,Coal,Natural Gas,Cement Kiln,NA,Selective Non-catalytic Reduction,Electrostatic Precipitator,NA,SIPNOX
NY,Lehigh Northeast Cement Company,880052,01070,"MS1N, MS1S",2017,3277,3262.25,NA,NA,NA,NA,NA,NA,412.304,NA,NA,Coal,Natural Gas,Cement Kiln,NA,Selective Non-catalytic Reduction,Electrostatic Precipitator,NA,SIPNOX
NY,Lehigh Northeast Cement Company,880052,01070,"MS1N, MS1S",2018,2844,2827.5,NA,NA,NA,NA,NA,NA,493.544,NA,NA,Coal,Natural Gas,Cement Kiln,NA,Selective Non-catalytic Reduction,Electrostatic Precipitator,NA,SIPNOX
NY,Ravenswood Steam Plant,880100,BLR001,CS0001,2010,340,324.25,NA,29013.25,NA,NA,NA,NA,5.925,0.2489,45283.775,Residual Oil,Pipeline Natural Gas,Dry bottom wall-fired boiler,NA,NA,NA,NA,CAIROS
NY,Ravenswood Steam Plant,880100,BLR001,CS0001,2011,560,514.75,NA,52637,NA,NA,NA,NA,8.987,0.182,73085.125,Residual Oil,Pipeline Natural Gas,Dry bottom wall-fired boiler,NA,NA,NA,NA,CAIROS
NY,Ravenswood Steam Plant,880100,BLR001,CS0001,2012,809,765.25,NA,79698,NA,NA,NA,NA,15.908,0.2216,121082.975,Residual Oil,Pipeline Natural Gas,Dry bottom wall-fired boiler,NA,NA,NA,NA,CAIROS
NY,Ravenswood Steam Plant,880100,BLR001,CS0001,2013,624,578.75,NA,56844,NA,NA,NA,NA,11.012,0.2142,89274.3,Residual Oil,Pipeline Natural Gas,Dry bottom wall-fired boiler,NA,NA,NA,NA,CAIROS
NY,Ravenswood Steam Plant,880100,BLR001,CS0001,2014,797,758.5,NA,98694,NA,NA,NA,NA,18.417,0.2125,153178.275,Residual Oil,Pipeline Natural Gas,Dry bottom wall-fired boiler,NA,NA,NA,NA,CAIROS
NY,Ravenswood Steam Plant,880100,BLR001,CS0001,2015,766,740.25,NA,83792,NA,NA,NA,NA,12.714,0.1785,125430.475,Residual Oil,Pipeline Natural Gas,Dry bottom wall-fired boiler,NA,NA,NA,NA,SIPNOX
NY,Ravenswood Steam Plant,880100,BLR001,CS0001,2016,586,552.25,NA,53782.5,NA,NA,NA,NA,6.335,0.1306,74716.45,Residual Oil,Pipeline Natural Gas,Dry bottom wall-fired boiler,NA,NA,NA,NA,SIPNOX
NY,Ravenswood Steam Plant,880100,BLR001,CS0001,2017,345,327.75,NA,40602,NA,NA,NA,NA,4.924,0.1616,52391.225,Residual Oil,Pipeline Natural Gas,Dry bottom wall-fired boiler,NA,NA,NA,NA,SIPNOX
NY,Ravenswood Steam Plant,880100,BLR001,CS0001,2018,389,363,NA,32876,NA,NA,NA,NA,3.929,0.1322,45604.25,Residual Oil,Pipeline Natural Gas,Dry bottom wall-fired boiler,NA,NA,NA,NA,SIPNOX
NY,Ravenswood Steam Plant,880100,BLR001,CS0001,2019,178,168,NA,11519.5,NA,NA,NA,NA,1.363,0.1437,15956.025,Residual Oil,Pipeline Natural Gas,Dry bottom wall-fired boiler,NA,NA,NA,NA,SIPNOX
NY,Ravenswood Steam Plant,880100,BLR001,CS0001,2020,20,19,NA,1751.75,NA,NA,NA,NA,0.136,0.0922,2415.25,Residual Oil,Pipeline Natural Gas,Dry bottom wall-fired boiler,NA,NA,NA,NA,SIPNOX
NY,Ravenswood Steam Plant,880100,BLR001,CS0001,2021,0,0,NA,NA,NA,NA,NA,NA,NA,NA,NA,Residual Oil,Pipeline Natural Gas,Dry bottom wall-fired boiler,NA,NA,NA,NA,SIPNOX
NY,Ravenswood Steam Plant,880100,BLR001,CS0001,2022,0,0,NA,NA,NA,NA,NA,NA,NA,NA,NA,Residual Oil,Pipeline Natural Gas,Dry bottom wall-fired boiler,NA,NA,NA,NA,SIPNOX
NY,Ravenswood Steam Plant,880100,BLR001,CS0001,2023,0,0,NA,NA,NA,NA,NA,NA,NA,NA,NA,Residual Oil,Pipeline Natural Gas,Dry bottom wall-fired boiler,NA,NA,NA,NA,SIPNOX
NY,Ravenswood Steam Plant,880100,BLR001,CS0001,2024,0,0,NA,NA,NA,NA,NA,NA,NA,NA,NA,Residual Oil,Pipeline Natural Gas,Dry bottom wall-fired boiler,NA,NA,NA,NA,SIPNOX
NY,Ravenswood Steam Plant,880100,BLR002,CS0002,2010,508,471,NA,56008.25,NA,NA,NA,NA,8.714,0.2207,71930.225,Residual Oil,Pipeline Natural Gas,Dry bottom wall-fired boiler,NA,NA,NA,NA,CAIROS
NY,Ravenswood Steam Plant,880100,BLR002,CS0002,2011,705,651.75,NA,74861.25,NA,NA,NA,NA,12.584,0.2136,97005.025,Residual Oil,Pipeline Natural Gas,Dry bottom wall-fired boiler,NA,NA,NA,NA,CAIROS
NY,Ravenswood Steam Plant,880100,BLR002,CS0002,2012,620,591.25,NA,71658.75,NA,NA,NA,NA,14.267,0.2498,101131.95,Residual Oil,Pipeline Natural Gas,Dry bottom wall-fired boiler,NA,NA,NA,NA,CAIROS
NY,Ravenswood Steam Plant,880100,BLR002,CS0002,2013,657,607.5,NA,54605.25,NA,NA,NA,NA,10.54,0.2145,80716.425,Residual Oil,Pipeline Natural Gas,Dry bottom wall-fired boiler,NA,NA,NA,NA,CAIROS
NY,Ravenswood Steam Plant,880100,BLR002,CS0002,2014,595,564.25,NA,56815.75,NA,NA,NA,NA,10.668,0.1876,90532.2,Residual Oil,Pipeline Natural Gas,Dry bottom wall-fired boiler,NA,NA,NA,NA,CAIROS
NY,Ravenswood Steam Plant,880100,BLR002,CS0002,2015,564,546.25,NA,59171.75,NA,NA,NA,NA,10.184,0.1867,97104.325,Residual Oil,Pipeline Natural Gas,Dry bottom wall-fired boiler,NA,NA,NA,NA,SIPNOX
NY,Ravenswood Steam Plant,880100,BLR002,CS0002,2016,288,272,NA,27323.5,NA,NA,NA,NA,4.427,0.1673,46150.525,Residual Oil,Pipeline Natural Gas,Dry bottom wall-fired boiler,NA,NA,NA,NA,SIPNOX
NY,Ravenswood Steam Plant,880100,BLR002,CS0002,2017,27,23.25,NA,1327.5,NA,NA,NA,NA,0.205,0.1333,2381.85,Residual Oil,Pipeline Natural Gas,Dry bottom wall-fired boiler,NA,NA,NA,NA,SIPNOX
NY,Ravenswood Steam Plant,880100,BLR002,CS0002,2018,0,0,NA,NA,NA,NA,NA,NA,NA,NA,NA,Residual Oil,Pipeline Natural Gas,Dry bottom wall-fired boiler,NA,NA,NA,NA,SIPNOX
NY,Ravenswood Steam Plant,880100,BLR002,CS0002,2019,8,6,NA,4.25,NA,NA,NA,NA,0.002,0.0716,136.825,Residual Oil,Pipeline Natural Gas,Dry bottom wall-fired boiler,NA,NA,NA,NA,SIPNOX
NY,Ravenswood Steam Plant,880100,BLR002,CS0002,2020,0,0,NA,NA,NA,NA,NA,NA,NA,NA,NA,Residual Oil,Pipeline Natural Gas,Dry bottom wall-fired boiler,NA,NA,NA,NA,SIPNOX
NY,Ravenswood Steam Plant,880100,BLR002,CS0002,2021,0,0,NA,NA,NA,NA,NA,NA,NA,NA,NA,Residual Oil,Pipeline Natural Gas,Dry bottom wall-fired boiler,NA,NA,NA,NA,SIPNOX
NY,Ravenswood Steam Plant,880100,BLR002,CS0002,2022,0,0,NA,NA,NA,NA,NA,NA,NA,NA,NA,Residual Oil,Pipeline Natural Gas,Dry bottom wall-fired boiler,NA,NA,NA,NA,SIPNOX
NY,Ravenswood Steam Plant,880100,BLR002,CS0002,2023,0,0,NA,NA,NA,NA,NA,NA,NA,NA,NA,Residual Oil,Pipeline Natural Gas,Dry bottom wall-fired boiler,NA,NA,NA,NA,SIPNOX
NY,Ravenswood Steam Plant,880100,BLR002,CS0002,2024,0,0,NA,NA,NA,NA,NA,NA,NA,NA,NA,Residual Oil,Pipeline Natural Gas,Dry bottom wall-fired boiler,NA,NA,NA,NA,SIPNOX
NY,Ravenswood Steam Plant,880100,BLR003,CS0001,2010,876,819.75,NA,113675.25,NA,NA,NA,NA,23.958,0.2362,184711.4,Residual Oil,Pipeline Natural Gas,Dry bottom wall-fired boiler,NA,NA,NA,NA,CAIROS
NY,Ravenswood Steam Plant,880100,BLR003,CS0001,2011,644,587,NA,58445.25,NA,NA,NA,NA,12.147,0.1929,96735.55,Residual Oil,Pipeline Natural Gas,Dry bottom wall-fired boiler,NA,NA,NA,NA,CAIROS
NY,Ravenswood Steam Plant,880100,BLR003,CS0001,2012,806,768,NA,101544.25,NA,NA,NA,NA,21.209,0.2316,156406.9,Residual Oil,Pipeline Natural Gas,Dry bottom wall-fired boiler,NA,NA,NA,NA,CAIROS
NY,Ravenswood Steam Plant,880100,BLR003,CS0001,2013,1122,1056.25,NA,119533.75,NA,NA,NA,NA,27.767,0.203,217014.475,Residual Oil,Pipeline Natural Gas,Dry bottom wall-fired boiler,NA,NA,NA,NA,CAIROS
NY,Ravenswood Steam Plant,880100,BLR003,CS0001,2014,775,740.75,NA,100636,NA,NA,NA,NA,18.693,0.2067,156329.525,Residual Oil,Pipeline Natural Gas,Dry bottom wall-fired boiler,NA,NA,NA,NA,CAIROS
NY,Ravenswood Steam Plant,880100,BLR003,CS0001,2015,603,573.25,NA,65587,NA,NA,NA,NA,10.739,0.1824,101179.025,Residual Oil,Pipeline Natural Gas,Dry bottom wall-fired boiler,NA,NA,NA,NA,SIPNOX
NY,Ravenswood Steam Plant,880100,BLR003,CS0001,2016,351,321.25,NA,23036.75,NA,NA,NA,NA,3.191,0.1402,32247.8,Residual Oil,Pipeline Natural Gas,Dry bottom wall-fired boiler,NA,NA,NA,NA,SIPNOX
NY,Ravenswood Steam Plant,880100,BLR003,CS0001,2017,358,338.75,NA,35084,NA,NA,NA,NA,4.265,0.1405,45426,Residual Oil,Pipeline Natural Gas,Dry bottom wall-fired boiler,NA,NA,NA,NA,SIPNOX
NY,Ravenswood Steam Plant,880100,BLR003,CS0001,2018,463,430.75,NA,37438.75,NA,NA,NA,NA,5.033,0.1392,54446.85,Residual Oil,Pipeline Natural Gas,Dry bottom wall-fired boiler,NA,NA,NA,NA,SIPNOX
NY,Ravenswood Steam Plant,880100,BLR003,CS0001,2019,230,210.25,NA,23827,NA,NA,NA,NA,3.622,0.1398,38520.75,Residual Oil,Pipeline Natural Gas,Dry bottom wall-fired boiler,NA,NA,NA,NA,SIPNOX
NY,Ravenswood Steam Plant,880100,BLR003,CS0001,2020,0,0,NA,NA,NA,NA,NA,NA,NA,NA,NA,Residual Oil,Pipeline Natural Gas,Dry bottom wall-fired boiler,NA,NA,NA,NA,SIPNOX
NY,Ravenswood Steam Plant,880100,BLR003,CS0001,2021,0,0,NA,NA,NA,NA,NA,NA,NA,NA,NA,Residual Oil,Pipeline Natural Gas,Dry bottom wall-fired boiler,NA,NA,NA,NA,SIPNOX
NY,Ravenswood Steam Plant,880100,BLR003,CS0001,2022,0,0,NA,NA,NA,NA,NA,NA,NA,NA,NA,Residual Oil,Pipeline Natural Gas,Dry bottom wall-fired boiler,NA,NA,NA,NA,SIPNOX
NY,Ravenswood Steam Plant,880100,BLR003,CS0001,2023,0,0,NA,NA,NA,NA,NA,NA,NA,NA,NA,Residual Oil,Pipeline Natural Gas,Dry bottom wall-fired boiler,NA,NA,NA,NA,SIPNOX
NY,Ravenswood Steam Plant,880100,BLR003,CS0001,2024,0,0,NA,NA,NA,NA,NA,NA,NA,NA,NA,Residual Oil,Pipeline Natural Gas,Dry bottom wall-fired boiler,NA,NA,NA,NA,SIPNOX
NY,Ravenswood Steam Plant,880100,BLR004,CS0002,2010,813,758,NA,83104.5,NA,NA,NA,NA,14.014,0.2144,120203.225,Residual Oil,Pipeline Natural Gas,Dry bottom wall-fired boiler,NA,NA,NA,NA,CAIROS
NY,Ravenswood Steam Plant,880100,BLR004,CS0002,2011,553,507.75,NA,56535.25,NA,NA,NA,NA,9.763,0.2155,76404.2,Residual Oil,Pipeline Natural Gas,Dry bottom wall-fired boiler,NA,NA,NA,NA,CAIROS
NY,Ravenswood Steam Plant,880100,BLR004,CS0002,2012,902,847.75,NA,112906.75,NA,NA,NA,NA,21.67,0.2374,154379.325,Residual Oil,Pipeline Natural Gas,Dry bottom wall-fired boiler,NA,NA,NA,NA,CAIROS
NY,Ravenswood Steam Plant,880100,BLR004,CS0002,2013,1080,1021.75,NA,119041.25,NA,NA,NA,NA,23.469,0.2079,188183.65,Residual Oil,Pipeline Natural Gas,Dry bottom wall-fired boiler,NA,NA,NA,NA,CAIROS
NY,Ravenswood Steam Plant,880100,BLR004,CS0002,2014,646,616.75,NA,78494.25,NA,NA,NA,NA,15.388,0.2044,130557.025,Residual Oil,Pipeline Natural Gas,Dry bottom wall-fired boiler,NA,NA,NA,NA,CAIROS
NY,Ravenswood Steam Plant,880100,BLR004,CS0002,2015,698,661.5,NA,75987.25,NA,NA,NA,NA,13.285,0.176,132012.775,Residual Oil,Pipeline Natural Gas,Dry bottom wall-fired boiler,NA,NA,NA,NA,SIPNOX
NY,Ravenswood Steam Plant,880100,BLR004,CS0002,2016,372,352.5,NA,38258,NA,NA,NA,NA,6.536,0.1659,69226.25,Residual Oil,Pipeline Natural Gas,Dry bottom wall-fired boiler,NA,NA,NA,NA,SIPNOX
NY,Ravenswood Steam Plant,880100,BLR004,CS0002,2017,219,202.25,NA,22171.75,NA,NA,NA,NA,3.823,0.1432,42922.6,Residual Oil,Pipeline Natural Gas,Dry bottom wall-fired boiler,NA,NA,NA,NA,SIPNOX
NY,Ravenswood Steam Plant,880100,BLR004,CS0002,2018,477,452.25,NA,47192.75,NA,NA,NA,NA,6.509,0.1582,65772.225,Residual Oil,Pipeline Natural Gas,Dry bottom wall-fired boiler,NA,NA,NA,NA,SIPNOX
NY,Ravenswood Steam Plant,880100,BLR004,CS0002,2019,167,151.25,NA,11277.25,NA,NA,NA,NA,1.396,0.1056,18109.05,Residual Oil,Pipeline Natural Gas,Dry bottom wall-fired boiler,NA,NA,NA,NA,SIPNOX
NY,Ravenswood Steam Plant,880100,BLR004,CS0002,2020,57,50,NA,3344.25,NA,NA,NA,NA,0.355,0.0807,6710.125,Residual Oil,Pipeline Natural Gas,Dry bottom wall-fired boiler,NA,NA,NA,NA,SIPNOX
NY,Ravenswood Steam Plant,880100,BLR004,CS0002,2021,0,0,NA,NA,NA,NA,NA,NA,NA,NA,NA,Residual Oil,Pipeline Natural Gas,Dry bottom wall-fired boiler,NA,NA,NA,NA,SIPNOX
NY,Ravenswood Steam Plant,880100,BLR004,CS0002,2022,0,0,NA,NA,NA,NA,NA,NA,NA,NA,NA,Residual Oil,Pipeline Natural Gas,Dry bottom wall-fired boiler,NA,NA,NA,NA,SIPNOX
NY,Ravenswood Steam Plant,880100,BLR004,CS0002,2023,0,0,NA,NA,NA,NA,NA,NA,NA,NA,NA,Residual Oil,Pipeline Natural Gas,Dry bottom wall-fired boiler,NA,NA,NA,NA,SIPNOX
NY,Ravenswood Steam Plant,880100,BLR004,CS0002,2024,0,0,NA,NA,NA,NA,NA,NA,NA,NA,NA,Residual Oil,Pipeline Natural Gas,Dry bottom wall-fired boiler,NA,NA,NA,NA,SIPNOX
